x	y
1	30947.5599231
2	30947.5599231
3	30947.5338333
4	30947.9137000
5	30948.0222333
6	30948.1307667
7	30948.2152500
8	30948.1320000
9	30947.1756923
10	30947.6949375
11	30949.0649286
12	30949.5773125
13	30949.6305000
14	30949.5650385
15	30949.4995769
16	30949.5323077
17	30949.6160217
18	30949.4501250
19	30949.1666786
20	30949.1096538
21	30949.1368421
22	30949.1618333
23	30949.1448750
24	30949.1509800
25	30948.7406451
26	30948.9922500
27	30949.8845192
28	30950.7767885
29	30950.5674183
30	30950.7365357
31	30950.4421875
32	30949.9921394
33	30949.9843125
34	30949.1143500
35	30949.4719286
36	30949.1096538
37	30948.7652692
38	30948.4208846
39	30948.3817500
40	30947.3329423
41	30947.1607500
42	30947.1450962
43	30947.2210180
44	30947.3206429
45	30947.4660000
46	30947.7276429
47	30947.3374737
48	30947.0452484
49	30947.3439000
50	30947.5677500
51	30949.0878287
52	30948.7191316
53	30947.2888644
54	30947.3388125
55	30947.3439000
56	30948.0765000
57	30947.8051667
58	30946.1876026
59	30946.2450000
60	30946.2450000
61	30946.2450000
62	30946.6335000
63	30946.7615769
64	30946.3858846
65	30945.7653214
66	30945.7871250
67	30945.6900000
68	30944.9850352
69	30945.1301739
70	30945.8787000
71	30945.9872333
72	30946.0957667
73	30946.9776000
74	30947.2978894
75	30947.3896875
76	30947.1607500
77	30946.2760962
78	30946.1686875
79	30945.8633021
80	30945.8693077
81	30946.4328462
82	30945.8176500
83	30945.8140588
84	30945.0995068
85	30945.1883654
86	30945.4738421
87	30946.2804145
88	30946.1217260
89	30945.7871250
90	30946.1275962
91	30946.0806346
92	30946.0336731
93	30945.0709615
94	30945.0579167
95	30944.2386987
96	30944.2227188
97	30944.1464062
98	30944.1845625
99	30944.2276106
100	30944.2972143
101	30944.2776621
102	30943.9388379
103	30943.2914697
104	30943.1246667
105	30942.8872500
106	30944.1552115
107	30943.1670625
108	30943.0936587
109	30942.9354474
110	30942.5820000
111	30942.4567692
112	30942.4742647
113	30942.3765049
114	30942.2787451
115	30941.6669150
116	30942.1241250
117	30942.5820000
118	30942.6759231
119	30942.7698462
120	30943.0211538
121	30942.8872500
122	30942.8872500
123	30942.6793744
124	30942.6074375
125	30942.9107308
126	30942.8805412
127	30942.7185137
128	30943.3611346
129	30943.1925000
130	30942.0654231
131	30942.0971538
132	30942.0357632
133	30941.8126279
134	30941.8050000
135	30942.0623482
136	30941.4069366
137	30941.5346353
138	30941.6662500
139	30941.4627500
140	30941.3323013
141	30941.4831000
142	30941.4414329
143	30941.0434263
144	30941.1778500
145	30941.2931667
146	30940.9412812
147	30940.4016429
148	30940.2078333
149	30940.2885000
150	30940.4083908
151	30939.7408269
152	30941.3332500
153	30941.5709038
154	30941.4997500
155	30941.1880962
156	30941.0557500
157	30941.0557500
158	30941.0435400
159	30940.8832174
160	30940.9274749
161	30940.7250625
162	30938.8009439
163	30938.6783221
164	30938.9190000
165	30939.6703846
166	30939.7947692
167	30939.7792500
168	30939.6067500
169	30939.4422857
170	30939.2925165
171	30939.4132143
172	30939.0517174
173	30938.2431622
174	30938.0414062
175	30938.0032500
176	30937.6107857
177	30936.8549286
178	30936.5602500
179	30936.6479400
180	30936.6592108
181	30936.6704815
182	30936.9822554
183	30937.1579423
184	30937.1344615
185	30936.0543462
186	30936.2973631
187	30935.7555000
188	30934.8829167
189	30935.1687857
190	30935.2582363
191	30935.1385962
192	30935.3947500
193	30935.6779423
194	30935.7317885
195	30935.2325192
196	30935.3090870
197	30935.2931779
198	30935.3115000
199	30935.2998354
200	30935.2560000
201	30935.3577500
202	30935.5090705
203	30935.3323125
204	30934.5307933
205	30935.1542500
206	30935.4099295
207	30935.1796875
208	30934.1763606
209	30934.2991158
210	30934.6161919
211	30935.2560000
212	30935.2005000
213	30935.4225000
214	30934.8852692
215	30935.0270625
216	30934.9616971
217	30935.6551731
218	30935.7792857
219	30936.3243750
220	30936.2926442
221	30935.8665000
222	30935.7647500
223	30935.6630000
224	30934.5369667
225	30934.5234000
226	30934.5234000
227	30934.7218125
228	30934.2847500
229	30934.2724167
230	30934.2530357
231	30934.2094286
232	30933.8823750
233	30934.0350000
234	30933.9739500
235	30933.9332500
236	30933.8642885
237	30933.8823750
238	30933.8823750
239	30934.0819615
240	30934.2847500
241	30933.9637500
242	30934.1458612
243	30934.1028333
244	30934.1524038
245	30934.0786071
246	30933.8823750
247	30933.7821058
248	30934.6836563
249	30935.7901875
250	30936.1335937
251	30935.7555000
252	30934.6711154
253	30933.5867308
254	30933.4245000
255	30932.2035000
256	30932.5791923
257	30932.8381154
258	30932.5596250
259	30932.6261538
260	30932.6591538
261	30932.5850625
262	30932.2713333
263	30931.5721282
264	30931.5225577
265	30931.5930000
266	30931.6269167
267	30932.2035000
268	30932.3287308
269	30932.4539615
270	30930.7281250
271	30930.6772500
272	30931.3313571
273	30931.3081000
274	30929.2751872
275	30929.3036250
276	30930.5246250
277	30931.3343943
278	30931.4709000
279	30931.3397431
280	30931.3359474
281	30931.3507773
282	30930.5551500
283	30928.9135833
284	30929.0289000
285	30930.7007308
286	30930.8885769
287	30930.8807500
288	30930.7993500
289	30930.8298750
290	30931.0151827
291	30930.4330500
292	30930.4483125
293	30930.8983606
294	30930.4301429
295	30928.9678500
296	30929.0201786
297	30929.6598709
298	30928.5741640
299	30928.5405000
300	30928.5065833
301	30928.5639808
302	30929.5870714
303	30929.8285879
304	30929.3036250
305	30929.4196200
306	30929.4562500
307	30929.5032115
308	30929.0488269
309	30930.2311154
310	30930.1943077
311	30930.2363333
312	30929.7615000
313	30927.7675384
314	30927.8536875
315	30928.0924087
316	30928.1406747
317	30928.1889407
318	30927.8960833
319	30927.9045625
320	30928.0780593
321	30928.1242500
322	30927.9910500
323	30927.7311962
324	30927.7656346
325	30927.3883705
326	30927.6756250
327	30927.6675865
328	30927.5691697
329	30927.9300000
330	30927.8516233
331	30927.6326844
332	30927.9706415
333	30927.6858000
334	30927.1668750
335	30926.4800625
336	30926.5980000
337	30926.8279616
338	30926.4037500
339	30926.2863462
340	30926.4037500
341	30926.2654038
342	30926.3698333
343	30926.6724744
344	30927.1038248
345	30927.1081731
346	30926.6855192
347	30924.7914038
348	30925.1827500
349	30924.9932266
350	30924.8908258
351	30926.4648000
352	30927.0972154
353	30926.6812500
354	30925.5726731
355	30925.3426429
356	30925.2517015
357	30925.1607601
358	30925.1827500
359	30925.0458619
360	30925.1827500
361	30925.1445937
362	30924.5595313
363	30924.5112000
364	30924.7108217
365	30924.0228000
366	30924.0489643
367	30924.2647335
368	30924.9792500
369	30924.8775000
370	30924.6668077
371	30925.1217000
372	30925.1827500
373	30924.0838500
374	30922.2581643
375	30922.5711667
376	30922.7147951
377	30922.7153125
378	30922.8170625
379	30925.0673029
380	30924.7248750
381	30924.4850357
382	30924.4335000
383	30923.8814211
384	30923.4530000
385	30923.6056250
386	30923.3512500
387	30922.6468269
388	30922.7153125
389	30923.2495000
390	30923.1986250
391	30923.0717019
392	30924.2200385
393	30922.8425000
394	30922.4355000
395	30922.8279643
396	30922.7789062
397	30922.6125841
398	30922.4462620
399	30922.3973437
400	30922.2858101
401	30922.7407500
402	30922.7407500
403	30922.6201731
404	30922.6297500
405	30921.7351731
406	30920.7305962
407	30920.7871500
408	30922.1991269
409	30922.2210423
410	30920.7780332
411	30920.5680880
412	30920.5294139
413	30920.6744423
414	30920.7871500
415	30922.0692000
416	30923.1900154
417	30923.0460000
418	30919.7900000
419	30919.8547500
420	30921.1350577
421	30921.0501346
422	30920.7566250
423	30920.5429500
424	30921.2526563
425	30922.7926034
426	30921.8250000
427	30919.6334615
428	30919.6119375
429	30919.6010357
430	30918.8835000
431	30919.2544737
432	30919.8086599
433	30919.9498929
434	30919.1743928
435	30918.4055412
436	30918.6852857
437	30918.8134780
438	30918.4672500
439	30918.5283000
440	30919.0761000
441	30918.7725000
442	30916.7883750
443	30916.9801346
444	30918.5478545
445	30919.1795000
446	30919.2838590
447	30919.3882179
448	30919.5356250
449	30920.1679286
450	30920.2058478
451	30920.0545500
452	30920.0767500
453	30920.2309167
454	30920.7927158
455	30920.3496250
456	30920.5725866
457	30921.0873125
458	30921.0924000
459	30921.3501667
460	30921.6136731
461	30920.7214038
462	30920.7448846
463	30922.1302500
464	30921.4858333
465	30921.5197500
466	30921.3017143
467	30921.3194835
468	30922.0487473
469	30922.6079635
470	30921.6505714
471	30921.5808000
472	30921.6893333
473	30922.0545897
474	30921.3889286
475	30921.1787198
476	30921.1590000
477	30921.0172468
478	30921.2145000
479	30923.4373462
480	30923.4530000
481	30923.1868846
482	30921.7847473
483	30921.5197500
484	30922.6729167
485	30922.5881250
486	30922.5881250
487	30922.4910000
488	30922.2661538
489	30922.1810769
490	30921.7780385
491	30921.5588846
492	30921.8250000
493	30921.3671250
494	30920.5139904
495	30921.8250000
496	30921.3671250
497	30921.2581071
498	30921.0769698
499	30921.1412400
500	30920.8075000
501	30919.9450476
502	30920.4086400
503	30920.3691923
504	30920.4396346
505	30920.4865962
506	30920.2987500
507	30920.3222308
508	30921.5857198
509	30921.4052813
510	30920.6803125
511	30920.8815000
512	30920.9019441
513	30920.3222308
514	30919.9465385
515	30920.0212500
516	30920.9092500
517	30920.9964643
518	30921.2977500
519	30922.4355000
520	30923.2495000
521	30921.1127500
522	30920.4918141
523	30920.6617500
524	30920.8329375
525	30920.6304952
526	30920.2997548
527	30920.4208500
528	30921.1534500
529	30921.5072269
530	30921.8610038
531	30922.0065846
532	30922.1521654
533	30923.4681321
534	30923.4241274
535	30923.3801226
536	30924.1143750
537	30924.9156563
538	30925.7932500
539	30925.8210000
540	30927.1909737
541	30927.3195000
542	30930.4737500
543	30930.6772500
544	30930.7208571
545	30934.6253736
546	30936.1415604
547	30937.1140435
548	30938.3085000
549	30939.2242500
550	30939.8347500
551	30941.2737857
552	30941.9715000
553	30946.4171923
554	30947.7102000
555	30950.3650923
556	30952.5244286
557	30959.9509790
558	30960.2865000
559	30967.3072500
560	30978.5251875
561	30980.7382500
562	30995.5428750
563	31010.1033000
564	31029.1509000
565	31045.4512500
566	31063.3083750
567	31089.4072500
568	31116.2014167
569	31143.4365000
570	31171.2142500
571	31203.2655000
572	31243.5585000
573	31283.8515000
574	31323.8392500
575	31374.3581250
576	31423.4270625
577	31472.4960000
578	31527.4410000
579	31576.8915000
580	31627.5630000
581	31688.3077500
582	31743.1001250
583	31797.8925000
584	31859.5530000
585	31917.2452500
586	31968.0693750
587	32018.8935000
588	32069.8702500
589	32125.2731250
590	32174.9525625
591	32222.9912813
592	32266.8518906
593	32310.4549453
594	32354.0580000
595	32388.2460000
596	32425.4865000
597	32470.0530000
598	32492.0310000
599	32518.8930000
600	32543.9235000
601	32565.2910000
602	32586.6585000
603	32606.4997500
604	32625.0495577
605	32638.5157788
606	32648.6242500
607	32660.1559167
608	32668.1602500
609	32676.5037500
610	32680.5737500
611	32681.2860000
612	32684.7048000
613	32684.3385000
614	32684.3385000
615	32678.8440000
616	32677.0125000
617	32668.9038077
618	32663.2058077
619	32653.3684835
620	32643.5311593
621	32634.2417198
622	32625.8526000
623	32619.6255000
624	32606.0927500
625	32595.6076548
626	32586.2224286
627	32577.7358077
628	32568.5089835
629	32563.1389689
630	32557.7689542
631	32553.8609591
632	32549.9529640
633	32547.1286250
634	32546.5572596
635	32546.5108571
636	32546.5320000
637	32550.3892500
638	32551.8600000
639	32561.3227500
640	32570.6994038
641	32575.4405625
642	32585.2848750
643	32598.1780536
644	32608.5255000
645	32616.8782500
646	32631.0723750
647	32637.3300000
648	32654.4240000
649	32669.1031333
650	32681.7300000
651	32695.1266429
652	32708.5232857
653	32717.3055000
654	32731.8948846
655	32743.3908250
656	32751.2493000
657	32766.6339000
658	32778.6134051
659	32786.9025000
660	32803.2333750
661	32815.3670625
662	32826.9156875
663	32838.4643125
664	32849.4787500
665	32871.5148929
666	32886.7192500
667	32905.3003654
668	32922.8695714
669	32938.5507000
670	32959.2889154
671	32988.5964375
672	33013.7032500
673	33040.6873500
674	33073.2270000
675	33101.6152500
676	33130.0035000
677	33172.4332500
678	33215.9967857
679	33258.1648929
680	33299.7988125
681	33347.0362500
682	33394.9605000
683	33443.8005000
684	33506.3767500
685	33568.3425000
686	33630.8248269
687	33695.7625714
688	33759.0405000
689	33825.3207143
690	33891.6009286
691	33960.2835000
692	34036.5960000
693	34120.8450000
694	34170.9060000
695	34253.3235000
696	34321.0890000
697	34388.8545000
698	34463.3355000
699	34536.2902500
700	34608.4310000
701	34677.2140000
702	34745.9427333
703	34807.0470000
704	34865.6550000
705	34924.2630000
706	34993.2495000
707	35042.0895000
708	35092.4557500
709	35140.2273750
710	35180.2914375
711	35217.9135000
712	35255.4592500
713	35282.3212500
714	35309.0306250
715	35333.6795625
716	35351.2750446
717	35364.4617328
718	35370.4621875
719	35375.6667000
720	35377.5624208
721	35376.0111964
722	35370.6475179
723	35357.7180000
724	35336.7429643
725	35311.0656250
726	35284.1527500
727	35252.5085000
728	35213.6400000
729	35171.5155000
730	35131.4260000
731	35080.5510000
732	35028.0480000
733	34974.3240000
734	34911.4425000
735	34847.0625000
736	34782.0165000
737	34715.0324400
738	34643.2132200
739	34574.9471100
740	34507.5967500
741	34428.5370000
742	34353.1402500
743	34282.4748750
744	34211.8095000
745	34140.3810000
746	34068.9525000
747	33981.6510000
748	33928.8427500
749	33863.3666250
750	33801.6298125
751	33741.4574063
752	33685.8027000
753	33629.7255000
754	33575.8350000
755	33523.4707500
756	33473.4678929
757	33430.5511964
758	33389.8620982
759	33349.1730000
760	33307.6008571
761	33275.2734286
762	33243.8472143
763	33212.4210000
764	33187.3905000
765	33162.3600000
766	33137.3004286
767	33116.4504000
768	33093.3735000
769	33074.3898571
770	33055.4062143
771	33040.2480366
772	33026.8290000
773	33010.4908571
774	33001.7985000
775	32987.3685000
776	32981.3467500
777	32966.3895000
778	32957.5808571
779	32953.8742500
780	32943.1905000
781	32933.5678571
782	32930.9805000
783	32921.2751154
784	32915.4831923
785	32907.4762500
786	32901.5238750
787	32894.6121429
788	32887.7065604
789	32886.4140000
790	32879.0880000
791	32875.1197500
792	32868.6077500
793	32862.6958141
794	32858.1090000
795	32851.7968000
796	32844.7569333
797	32837.7170667
798	32828.3825833
799	32820.2361230
800	32812.0896627
801	32808.8805000
802	32792.7022500
803	32778.6607500
804	32769.1980000
805	32760.0405000
806	32745.1443000
807	32729.3934000
808	32714.6091250
809	32699.7027500
810	32683.7687000
811	32670.9075000
812	32655.6450000
813	32643.4350000
814	32623.0559286
815	32610.6715000
816	32598.2580000
817	32580.7279286
818	32567.0062143
819	32560.1017500
820	32546.8471167
821	32535.4498246
822	32529.0454800
823	32523.9479400
824	32519.1982500
825	32516.1966250
826	32514.5347083
827	32514.6602000
828	32515.5352500
829	32520.7245000
830	32526.5969286
831	32536.2922500
832	32547.0523125
833	32555.3703750
834	32564.5714821
835	32579.1798750
836	32592.2547500
837	32605.7366250
838	32615.0467500
839	32629.2408750
840	32643.4350000
841	32656.4081250
842	32668.9539000
843	32683.7280000
844	32693.2925000
845	32705.7060000
846	32717.6342308
847	32727.3510000
848	32738.9690000
849	32744.4727500
850	32757.4458750
851	32764.7379583
852	32770.1748000
853	32775.8371875
854	32782.9342500
855	32786.4141000
856	32790.4434000
857	32793.3738000
858	32796.3042000
859	32800.0282500
860	32801.8284423
861	32803.6286346
862	32804.3017500
863	32807.0724808
864	32807.9647500
865	32809.9488750
866	32810.3413393
867	32810.7338036
868	32810.8864286
869	32811.6277500
870	32811.3443036
871	32809.9052679
872	32808.4662321
873	32806.5039107
874	32805.3611471
875	32805.2175000
876	32804.9122500
877	32804.2000000
878	32803.1570625
879	32801.4108529
880	32797.9854231
881	32796.3143750
882	32796.0600000
883	32793.9232500
884	32789.9941346
885	32788.2761250
886	32783.8500000
887	32782.3057941
888	32778.5914916
889	32777.4397500
890	32777.1781071
891	32773.5936000
892	32773.4715000
893	32769.9829286
894	32767.4819307
895	32766.1455000
896	32763.0930000
897	32760.3457500
898	32758.0563750
899	32757.2932500
900	32755.7670000
901	32749.9236429
902	32745.9990000
903	32743.3280625
904	32740.4986298
905	32735.1534004
906	32734.5012500
907	32729.9564167
908	32728.0910000
909	32723.7157500
910	32723.1052500
911	32716.6950000
912	32710.8952500
913	32705.7806167
914	32704.1797500
915	32700.2115000
916	32699.9062500
917	32689.0044643
918	32684.2345137
919	32679.7417941
920	32671.8029000
921	32667.7786875
922	32663.5815000
923	32662.6657500
924	32655.6450000
925	32650.9136250
926	32645.7243750
927	32638.8562500
928	32630.3703000
929	32624.7711429
930	32621.0754375
931	32612.9080433
932	32606.8050000
933	32604.3630000
934	32594.9080769
935	32590.5657000
936	32579.9461308
937	32574.1155000
938	32567.0614500
939	32559.1860000
940	32553.2031000
941	32550.9442500
942	32544.2287500
943	32536.4754000
944	32528.4168000
945	32523.5735000
946	32519.8087500
947	32510.0407500
948	32505.1567500
949	32497.5109643
950	32493.5572500
951	32488.0627500
952	32480.1262500
953	32474.1956786
954	32470.5414000
955	32464.2532500
956	32460.8955000
957	32450.1569615
958	32445.3094872
959	32442.0418235
960	32435.8889412
961	32431.6932500
962	32424.4398064
963	32421.0095000
964	32416.2340333
965	32412.6660000
966	32408.3925000
967	32404.1190000
968	32397.7087500
969	32393.1300000
970	32386.5200403
971	32386.0329375
972	32383.6966010
973	32377.3103908
974	32373.0852500
975	32368.5791786
976	32366.2680000
977	32364.1312500
978	32361.0787500
979	32356.5000000
980	32349.5519286
981	32344.1591786
982	32341.1782390
983	32340.6270000
984	32335.9621538
985	32332.4724643
986	32329.7143125
987	32325.8550804
988	32325.0592500
989	32320.9165714
990	32317.1227500
991	32315.2912500
992	32311.9335000
993	32309.2625625
994	32306.0719732
995	32304.9666176
996	32304.6075000
997	32301.5550000
998	32296.8745000
999	32296.6710000
1000	32293.2405714
1001	32292.5283214
1002	32291.6561786
1003	32289.0397500
1004	32287.8187500
1005	32286.9030000
1006	32284.2320625
1007	32283.8505000
1008	32281.4957143
1009	32280.6453750
1010	32278.8284107
1011	32278.7484643
1012	32276.5971786
1013	32276.5037347
1014	32276.5245000
1015	32276.7687000
1016	32276.8297500
1017	32276.6262500
1018	32277.0739500
1019	32278.1447068
1020	32279.0479000
1021	32280.4927500
1022	32281.0755000
1023	32281.4085000
1024	32283.9667857
1025	32285.8747895
1026	32287.2082500
1027	32287.6152500
1028	32291.0941310
1029	32293.2369375
1030	32296.0605000
1031	32299.2147500
1032	32300.1813750
1033	32302.9286250
1034	32306.2863750
1035	32309.8437115
1036	32313.1545000
1037	32313.8667500
1038	32319.8295687
1039	32319.8700000
1040	32325.7460625
1041	32331.0443304
1042	32334.9035625
1043	32335.1325000
1044	32342.0792278
1045	32345.9688750
1046	32349.7845000
1047	32354.6176250
1048	32359.8577500
1049	32364.8580357
1050	32369.8583214
1051	32375.1202500
1052	32380.9200000
1053	32381.3270000
1054	32389.8643095
1055	32396.1825000
1056	32400.1507500
1057	32406.6784038
1058	32412.2161579
1059	32418.5257894
1060	32423.3497500
1061	32428.4671765
1062	32435.4049874
1063	32442.3427983
1064	32450.2117500
1065	32456.1132500
1066	32461.5060000
1067	32467.1413846
1068	32474.4791250
1069	32481.9577500
1070	32487.7575000
1071	32495.0835000
1072	32504.0665714
1073	32506.9882500
1074	32517.6001765
1075	32522.3270625
1076	32529.2715000
1077	32538.3708571
1078	32545.3480000
1079	32551.5547500
1080	32558.2702500
1081	32563.7647500
1082	32575.6695000
1083	32581.1640000
1084	32591.6006429
1085	32601.8192500
1086	32609.3875119
1087	32616.3695000
1088	32623.8990000
1089	32632.8820714
1090	32639.5103571
1091	32648.1155000
1092	32654.1187500
1093	32663.7995357
1094	32670.2970000
1095	32678.9312143
1096	32687.5654286
1097	32695.8159000
1098	32699.6010000
1099	32710.6190714
1100	32716.3897500
1101	32724.8495357
1102	32733.3093214
1103	32740.8097500
1104	32751.0428929
1105	32758.2090000
1106	32768.2677143
1107	32772.6575000
1108	32781.8004643
1109	32790.8998214
1110	32797.8915000
1111	32804.6942143
1112	32809.4910000
1113	32819.8851538
1114	32825.5166250
1115	32834.5215000
1116	32843.0103571
1117	32845.5105000
1118	32853.4470000
1119	32863.7382857
1120	32867.1832500
1121	32877.9978214
1122	32881.8352500
1123	32893.0461217
1124	32900.1066429
1125	32905.1868750
1126	32909.9182500
1127	32920.2028269
1128	32926.0797280
1129	32930.8140000
1130	32941.3574561
1131	32944.4115000
1132	32951.8925069
1133	32956.6215000
1134	32963.2352500
1135	32970.3710642
1136	32976.5390625
1137	32981.1941250
1138	32987.4517500
1139	32988.3675000
1140	32998.6297143
1141	33002.7905625
1142	33010.2691875
1143	33011.2612500
1144	33021.0585657
1145	33022.5555000
1146	33030.2594286
1147	33036.6148078
1148	33036.9022500
1149	33041.7862500
1150	33046.6702500
1151	33053.3857500
1152	33059.1418929
1153	33059.1855000
1154	33068.8372143
1155	33074.0040000
1156	33077.8757857
1157	33079.3320000
1158	33085.0009286
1159	33088.3877500
1160	33094.5605833
1161	33097.5961250
1162	33103.1923750
1163	33107.5482440
1164	33108.0255000
1165	33110.4675000
1166	33116.2672500
1167	33116.2672500
1168	33121.7617500
1169	33127.1690357
1170	33127.8667500
1171	33129.6982500
1172	33136.6753929
1173	33138.8557500
1174	33140.8144375
1175	33144.6249750
1176	33148.3185000
1177	33152.3245108
1178	33153.5077500
1179	33157.1416786
1180	33159.0022500
1181	33162.6216429
1182	33165.8703750
1183	33167.6314327
1184	33167.6880000
1185	33169.1547857
1186	33169.1976000
1187	33174.4944143
1188	33175.3588048
1189	33176.2231952
1190	33180.4992794
1191	33181.2855000
1192	33183.1170000
1193	33183.3612000
1194	33188.4021857
1195	33188.9167500
1196	33189.6798750
1197	33192.5724821
1198	33193.1902500
1199	33195.4796250
1200	33197.3177609
1201	33198.1128012
1202	33198.3286250
1203	33200.1746607
1204	33201.4707823
1205	33201.4756071
1206	33201.9988929
1207	33202.5221786
1208	33205.5746786
1209	33205.5176538
1210	33205.4706923
1211	33203.5687500
1212	33204.2496923
1213	33205.7055000
1214	33205.5528750
1215	33204.9423750
1216	33205.8581250
1217	33206.1633750
1218	33206.9046964
1219	33206.9299811
1220	33206.3160000
1221	33205.4729286
1222	33205.9985400
1223	33205.7055000
1224	33203.5992750
1225	33202.8264391
1226	33202.7403396
1227	33202.9762059
1228	33202.9582500
1229	33202.3913571
1230	33201.1412857
1231	33201.1267500
1232	33199.4517885
1233	33198.0260526
1234	33195.0699474
1235	33194.7165000
1236	33192.0201250
1237	33188.9167500
1238	33187.3650625
1239	33186.7928562
1240	33186.7193713
1241	33186.2772353
1242	33183.7275000
1243	33181.0565625
1244	33178.5382500
1245	33178.2475357
1246	33177.9568214
1247	33172.1280000
1248	33170.0930000
1249	33169.8604286
1250	33167.6800714
1251	33164.1333571
1252	33160.6891579
1253	33159.0022500
1254	33157.7812500
1255	33152.7809643
1256	33148.9189838
1257	33146.3343750
1258	33145.0625000
1259	33141.6030000
1260	33137.1260000
1261	33136.7190000
1262	33131.9434681
1263	33130.6140000
1264	33124.8142500
1265	33121.1512500
1266	33116.8777500
1267	33112.7060000
1268	33111.9937500
1269	33105.3095577
1270	33101.6256859
1271	33101.0047500
1272	33099.6820000
1273	33090.4179048
1274	33087.5737500
1275	33084.5212500
1276	33074.9567500
1277	33073.8375000
1278	33068.3430000
1279	33066.5115000
1280	33062.2380000
1281	33054.8247857
1282	33048.8506071
1283	33043.3739973
1284	33038.7337500
1285	33030.9135357
1286	33026.3711250
1287	33019.9899464
1288	33016.7557500
1289	33009.2771250
1290	33002.9831607
1291	32998.5715714
1292	32996.4057500
1293	32987.5175882
1294	32985.1115000
1295	32975.9285625
1296	32970.3577500
1297	32960.6151875
1298	32956.1127500
1299	32948.4960357
1300	32939.5517262
1301	32932.8120000
1302	32926.1683235
1303	32917.7887034
1304	32913.0725000
1305	32905.0681667
1306	32897.0638333
1307	32892.2137500
1308	32882.0230962
1309	32874.9671250
1310	32863.4984464
1311	32853.9194107
1312	32845.7140000
1313	32837.7775000
1314	32830.2480000
1315	32822.0062500
1316	32812.1510357
1317	32802.2958214
1318	32793.8360357
1319	32785.3762500
1320	32774.5398750
1321	32764.4157500
1322	32753.0100595
1323	32745.0832500
1324	32733.4837500
1325	32722.4947500
1326	32709.6233750
1327	32701.4325000
1328	32688.5829286
1329	32680.5534000
1330	32665.8665143
1331	32655.7467500
1332	32644.6560000
1333	32631.7482857
1334	32619.0904880
1335	32608.9417500
1336	32594.4060357
1337	32584.2165000
1338	32568.6487500
1339	32555.7410357
1340	32544.5340000
1341	32529.5912857
1342	32517.9772500
1343	32501.8708235
1344	32487.1470000
1345	32472.1897500
1346	32460.2850000
1347	32444.1067500
1348	32431.5915000
1349	32422.4340000
1350	32405.3400000
1351	32386.5889286
1352	32370.6868571
1353	32356.3982500
1354	32339.9147500
1355	32325.6697500
1356	32309.6223214
1357	32294.2290000
1358	32276.9158462
1359	32262.1777500
1360	32244.4427250
1361	32228.5610036
1362	32215.5508125
1363	32197.8090042
1364	32180.0671958
1365	32168.4660000
1366	32146.7496429
1367	32131.5307500
1368	32114.9309643
1369	32099.8865000
1370	32084.2933125
1371	32064.1086562
1372	32045.7745781
1373	32033.2402500
1374	32013.3990000
1375	31996.9155000
1376	31987.4527500
1377	31964.2828214
1378	31945.9869474
1379	31930.3710000
1380	31913.5822500
1381	31895.9213571
1382	31878.0424286
1383	31862.6927143
1384	31850.7007500
1385	31831.5717500
1386	31817.7337500
1387	31796.5697500
1388	31777.8574405
1389	31763.7707183
1390	31749.6839960
1391	31733.7900000
1392	31718.2222500
1393	31700.7348167
1394	31683.2473833
1395	31665.7192500
1396	31650.6893214
1397	31637.6362500
1398	31620.5117250
1399	31602.7694321
1400	31589.6356875
1401	31576.0084554
1402	31559.6485089
1403	31550.9452500
1404	31531.2057500
1405	31515.8923750
1406	31501.8000000
1407	31494.4740000
1408	31474.9380000
1409	31459.3702500
1410	31444.5656250
1411	31434.6450000
1412	31419.9930000
1413	31405.5914615
1414	31393.0591765
1415	31380.6157500
1416	31366.1401167
1417	31354.5974675
1418	31343.0548183
1419	31330.4021250
1420	31317.5053125
1421	31309.7977500
1422	31295.6981071
1423	31285.5775229
1424	31275.4569386
1425	31262.5602193
1426	31252.1055000
1427	31239.5902500
1428	31229.3643750
1429	31219.1385000
1430	31211.4462000
1431	31202.0445000
1432	31190.8384333
1433	31180.5316429
1434	31170.3493750
1435	31163.8882500
1436	31152.9864643
1437	31147.8626250
1438	31143.1312500
1439	31127.2582500
1440	31123.9005000
1441	31111.7195714
1442	31104.1101250
1443	31095.8579391
1444	31089.3309375
1445	31079.3747000
1446	31073.9112095
1447	31073.2290000
1448	31060.8290667
1449	31051.1004746
1450	31044.2302500
1451	31041.4830000
1452	31034.0630769
1453	31030.1887500
1454	31021.4128125
1455	31015.2315000
1456	31009.9405000
1457	31004.8530000
1458	31000.1355000
1459	30996.6112500
1460	30989.4574423
1461	30988.3695000
1462	30980.9495769
1463	30973.9662299
1464	30972.0386250
1465	30970.6650000
1466	30965.0484000
1467	30960.1644000
1468	30954.4896571
1469	30950.1115000
1470	30945.3292500
1471	30944.0472000
1472	30939.2446000
1473	30934.4420000
1474	30931.6705238
1475	30929.1510000
1476	30925.1436154
1477	30923.0460000
1478	30918.2201429
1479	30918.1620000
1480	30912.6675000
1481	30908.6382000
1482	30908.0887500
1483	30905.9520000
1484	30902.8995000
1485	30901.9837500
1486	30898.4370357
1487	30895.5735000
1488	30892.1263734
1489	30891.1473750
1490	30890.2825000
1491	30885.8326333
1492	30885.8055000
1493	30883.3906333
1494	30883.0305000
1495	30881.0811365
1496	30878.8431492
1497	30875.0018011
1498	30874.5112500
1499	30872.3745000
1500	30868.4923462
1501	30867.7796842
1502	30866.6789717
1503	30865.9822059
1504	30865.1706000
1505	30859.7606308
1506	30859.5900640
1507	30859.4821765
1508	30857.8446000
1509	30855.9452667
1510	30856.0760358
1511	30855.9886800
1512	30852.5663914
1513	30852.2593971
1514	30851.9524029
1515	30849.4807500
1516	30847.4300962
1517	30847.0207941
1518	30846.4222647
1519	30846.6007826
1520	30846.4552802
1521	30845.8177500
1522	30845.4570000
1523	30844.6769155
1524	30844.2384130
1525	30843.2994375
1526	30838.6116696
1527	30839.0090810
1528	30838.7970000
1529	30838.4917500
1530	30838.2628125
1531	30838.0120714
1532	30836.9655000
1533	30836.9655000
1534	30835.5119286
1535	30835.0576875
1536	30832.1656394
1537	30831.5473125
1538	30830.1736875
1539	30829.7158125
1540	30829.1511000
1541	30828.1132500
1542	30826.0782500
1543	30827.4722250
1544	30827.4688333
1545	30827.3501250
1546	30826.9940000
1547	30825.9765000
1548	30825.8892857
1549	30824.4647857
1550	30824.5374643
1551	30824.4267692
1552	30824.0941250
1553	30824.0689112
1554	30824.5265625
1555	30824.6501161
1556	30824.6028750
1557	30824.6682857
1558	30825.3660000
1559	30825.3660000
1560	30826.3650000
1561	30826.3156667
1562	30826.4513333
1563	30826.4022846
1564	30826.8922500
1565	30827.8080000
1566	30828.2150000
1567	30828.6220000
1568	30828.6185759
1569	30828.6765902
1570	30828.9117944
1571	30831.6354315
1572	30832.7177391
1573	30833.4042500
1574	30834.0147500
1575	30835.6427500
1576	30836.3550000
1577	30838.5512346
1578	30839.0881615
1579	30839.0450197
1580	30839.0842941
1581	30839.7127500
1582	30844.4101039
1583	30844.5967500
1584	30844.7275714
1585	30845.4252857
1586	30846.6105055
1587	30847.4082632
1588	30847.7510000
1589	30848.1834375
1590	30848.9574643
1591	30849.3281250
1592	30849.2775553
1593	30849.4223018
1594	30850.1008387
1595	30850.2086538
1596	30851.2641703
1597	30852.3196868
1598	30852.5202051
1599	30852.5058855
1600	30852.4793097
1601	30852.4861985
1602	30852.4930872
1603	30854.5326041
1604	30854.3429464
1605	30854.3165526
1606	30854.5784250
1607	30854.5682500
1608	30854.6263929
1609	30855.3822500
1610	30855.5348750
1611	30856.4409345
1612	30856.5015000
1613	30855.9782143
1614	30855.9892077
1615	30857.3663750
1616	30857.0042647
1617	30857.0204250
1618	30858.0888000
1619	30858.1733307
1620	30857.9514375
1621	30857.3409375
1622	30856.9085000
1623	30857.3633824
1624	30858.3295798
1625	30858.2821250
1626	30857.9381131
1627	30857.9443427
1628	30857.9810397
1629	30857.9187321
1630	30858.9653036
1631	30859.2705536
1632	30859.2148333
1633	30859.3385294
1634	30859.5160931
1635	30859.6936569
1636	30859.7575000
1637	30859.7829375
1638	30860.6187411
1639	30860.7468142
1640	30860.8238400
1641	30860.8971000
1642	30860.6529000
1643	30860.5017286
1644	30860.3505571
1645	30859.5690575
1646	30860.4781360
1647	30860.8258750
1648	30860.7750000
1649	30860.4697500
1650	30860.0918214
1651	30860.4932308
1652	30860.7750000
1653	30860.9785000
1654	30860.7750000
1655	30860.9058214
1656	30860.7750000
1657	30860.8360500
1658	30861.5802786
1659	30861.3855000
1660	30859.1760714
1661	30859.2765000
1662	30858.6148796
1663	30858.9075882
1664	30859.3403250
1665	30860.3550156
1666	30860.6223750
1667	30860.4951875
1668	30860.1003006
1669	30860.2576894
1670	30860.1034500
1671	30860.1463243
1672	30860.4261429
1673	30860.2662500
1674	30860.1112024
1675	30860.2584231
1676	30860.4697500
1677	30860.2960543
1678	30860.8880556
1679	30861.2196852
1680	30861.5046570
1681	30861.2546786
1682	30861.1383929
1683	30861.0802500
1684	30861.2272222
1685	30861.9588946
1686	30861.7571087
1687	30861.0802500
1688	30861.1311250
1689	30861.0039375
1690	30859.8110526
1691	30860.3171250
1692	30860.9492453
1693	30860.4697500
1694	30859.7289332
1695	30860.8404107
1696	30860.3993077
1697	30860.4420000
1698	30860.7250309
1699	30860.7280385
1700	30860.6732500
1701	30860.6223750
1702	30860.7400043
1703	30860.9158846
1704	30860.5169089
1705	30860.4361696
1706	30860.5206250
1707	30860.4697500
1708	30860.0627500
1709	30859.9682679
1710	30860.1863036
1711	30860.1645000
1712	30859.6009615
1713	30859.5540000
1714	30858.8417500
1715	30858.9435000
1716	30860.7750000
1717	30860.8468235
1718	30860.6880659
1719	30861.0055632
1720	30860.9609098
1721	30860.9058214
1722	30860.5460625
1723	30860.2363235
1724	30860.1645000
1725	30859.5540000
1726	30859.7467895
1727	30860.5460625
1728	30860.8767500
1729	30860.4697500
1730	30860.5715000
1731	30860.3389286
1732	30859.2051429
1733	30859.4231786
1734	30859.4231786
1735	30859.7284286
1736	30860.7750000
1737	30860.8513125
1738	30860.6877857
1739	30859.8156429
1740	30859.8253333
1741	30860.0514444
1742	30859.9864375
1743	30859.9597887
1744	30860.2866000
1745	30860.2755000
1746	30859.4456429
1747	30860.8767500
1748	30860.8258750
1749	30859.0476726
1750	30859.2792750
1751	30859.3058865
1752	30859.2455895
1753	30859.4231786
1754	30859.8883214
1755	30859.5540000
1756	30859.4776875
1757	30859.7321836
1758	30859.3137932
1759	30859.5758036
1760	30859.7253138
1761	30859.3505000
1762	30859.8759844
1763	30859.8804820
1764	30859.4743696
1765	30858.8126786
1766	30858.7565399
1767	30858.8417500
1768	30859.0198125
1769	30859.2160446
1770	30859.6557500
1771	30859.4131154
1772	30859.4319000
1773	30858.8965385
1774	30858.8965385
1775	30858.8551018
1776	30858.9435000
1777	30859.1571750
1778	30858.5954124
1779	30858.8059036
1780	30859.0541730
1781	30859.2051429
1782	30859.3142560
1783	30858.4355170
1784	30858.1414132
1785	30858.1295000
1786	30858.7145625
1787	30858.6751484
1788	30858.7668352
1789	30858.8585220
1790	30858.9871071
1791	30859.0579687
1792	30858.4657174
1793	30858.5125588
1794	30858.3766071
1795	30857.9667000
1796	30857.8039000
1797	30857.6411000
1798	30858.5466750
1799	30858.5466750
1800	30858.4245750
1801	30858.6687750
1802	30859.9275679
1803	30859.6811875
1804	30859.1470000
1805	30855.7383750
1806	30857.3409375
1807	30858.7290982
1808	30858.6818571
1809	30858.0277500
1810	30858.0097941
1811	30857.6207500
1812	30857.5633526
1813	30857.7713400
1814	30857.8242500
1815	30857.8446000
1816	30857.9020588
1817	30857.2539657
1818	30857.6772778
1819	30858.0205028
1820	30858.1665000
1821	30858.2566875
1822	30858.3075625
1823	30857.9972250
1824	30857.4352059
1825	30857.3941639
1826	30857.5632391
1827	30857.9379706
1828	30857.4681250
1829	30857.4783000
1830	30857.4172500
1831	30857.2341000
1832	30856.7235000
1833	30856.7050000
1834	30856.7631429
1835	30856.7631429
1836	30856.9017912
1837	30857.0404396
1838	30857.1759768
1839	30857.3319081
1840	30857.7239527
1841	30857.2712609
1842	30855.2463727
1843	30855.8683889
1844	30855.9654616
1845	30855.8342277
1846	30855.9782143
1847	30856.6668445
1848	30857.0713000
1849	30856.8094924
1850	30856.2284718
1851	30855.6645265
1852	30855.2805000
1853	30855.9161905
1854	30856.4608000
1855	30856.5570000
1856	30856.5657632
1857	30856.8745833
1858	30856.8067500
1859	30856.0799643
1860	30856.4703664
1861	30855.8910000
1862	30855.0280183
1863	30855.3720750
1864	30855.4732895
1865	30855.5724783
1866	30855.5153077
1867	30853.9924121
1868	30855.1584000
1869	30854.8365000
1870	30854.8239522
1871	30855.4549286
1872	30855.3601304
1873	30855.6875000
1874	30855.2250000
1875	30855.3782857
1876	30854.6700000
1877	30853.9812308
1878	30853.9831875
1879	30854.0595000
1880	30856.0873336
1881	30855.6327115
1882	30855.3039808
1883	30855.2805000
1884	30855.3677143
1885	30855.2786678
1886	30854.8880357
1887	30855.2041875
1888	30858.2494196
1889	30857.5044643
1890	30856.7169976
1891	30857.1120000
1892	30856.0587198
1893	30856.1130000
1894	30855.7413833
1895	30854.6700000
1896	30854.6700000
1897	30854.8735000
1898	30854.9098393
1899	30854.8226250
1900	30854.6627321
1901	30854.5736053
1902	30854.8108846
1903	30854.6934808
1904	30854.7255000
1905	30854.6136923
1906	30854.6700000
1907	30854.4650986
1908	30854.6700000
1909	30855.9200714
1910	30855.8077500
1911	30855.5672500
1912	30855.4690112
1913	30854.8136471
1914	30854.7572143
1915	30855.0291176
1916	30855.5857500
1917	30856.1962500
1918	30855.8401250
1919	30854.5173750
1920	30854.0595000
1921	30853.9916667
1922	30854.1467143
1923	30855.2805000
1924	30855.2805000
1925	30855.8127308
1926	30855.5130714
1927	30855.5639464
1928	30855.4584098
1929	30855.4113214
1930	30855.0976854
1931	30853.9806717
1932	30853.5636085
1933	30854.2775357
1934	30854.3486842
1935	30854.5760769
1936	30854.6360833
1937	30854.7136071
1938	30854.7696734
1939	30853.9068750
1940	30853.3879500
1941	30853.5711000
1942	30854.5231282
1943	30854.3647500
1944	30854.3251738
1945	30854.4282702
1946	30854.3647500
1947	30853.9238333
1948	30853.7542500
1949	30853.6905147
1950	30853.8375000
1951	30853.8899167
1952	30853.7106429
1953	30853.0665989
1954	30853.0389774
1955	30853.8590226
1956	30854.2979242
1957	30854.1903214
1958	30854.0595000
1959	30853.6525000
1960	30853.8168654
1961	30853.7542500
1962	30853.7225193
1963	30853.6340962
1964	30853.6403897
1965	30854.0188000
1966	30853.8667105
1967	30852.9777368
1968	30853.7106429
1969	30854.0774506
1970	30854.1982500
1971	30853.8305625
1972	30853.1065721
1973	30853.2582187
1974	30853.1292143
1975	30853.4304961
1976	30853.0498269
1977	30851.9806928
1978	30851.9291751
1979	30851.8355357
1980	30852.7621875
1981	30852.7028333
1982	30852.7534232
1983	30853.1160000
1984	30853.1919584
1985	30853.3933508
1986	30853.3617857
1987	30852.9693214
1988	30852.8385000
1989	30852.7275000
1990	30853.1437500
1991	30853.1386731
1992	30852.5078125
1993	30851.7603413
1994	30852.3454038
1995	30852.4060625
1996	30852.9035138
1997	30852.9348947
1998	30852.5768571
1999	30852.5075988
2000	30852.9911250
2001	30852.9741667
2002	30853.0277830
2003	30852.8780317
2004	30852.3043125
2005	30852.1952946
2006	30852.0862768
2007	30852.2061964
2008	30851.9227500
2009	30851.9227500
2010	30851.9227500
2011	30851.7919286
2012	30851.5259250
2013	30852.0272239
2014	30852.5714063
2015	30852.8076116
2016	30852.7367500
2017	30851.6998690
2018	30851.3693342
2019	30851.3122500
2020	30851.3122500
2021	30851.6175000
2022	30852.3588214
2023	30852.2280000
2024	30852.4242321
2025	30852.8385000
2026	30853.1441165
2027	30852.4315000
2028	30851.9179048
2029	30852.2095962
2030	30852.1421639
2031	30851.7905504
2032	30851.6534118
2033	30851.7483214
2034	30851.6907600
2035	30851.6419200
2036	30851.5930800
2037	30851.9105400
2038	30851.4061731
2039	30850.7017500
2040	30850.8035000
2041	30851.5205952
2042	30851.0070000
2043	30851.9663571
2044	30851.8102510
2045	30851.5363932
2046	30851.5157500
2047	30851.1947428
2048	30852.1274715
2049	30852.1944905
2050	30852.2168302
2051	30852.1208407
2052	30851.8118736
2053	30851.1596250
2054	30851.0070000
2055	30850.3182308
2056	30850.4880750
2057	30850.6000000
2058	30850.8543750
2059	30850.9052500
2060	30850.9052500
2061	30851.1596250
2062	30851.3686154
2063	30851.1901500
2064	30849.7249500
2065	30849.8470500
2066	30850.3495385
2067	30850.4417222
2068	30850.2777985
2069	30851.0070000
2070	30850.6119706
2071	30850.6452222
2072	30850.8861721
2073	30850.6339167
2074	30849.8494850
2075	30849.8732143
2076	30851.5056868
2077	30852.1262500
2078	30852.1698571
2079	30852.1774484
2080	30852.0907055
2081	30852.0430592
2082	30851.0748333
2083	30849.6567257
2084	30849.5825000
2085	30849.9386250
2086	30850.7017500
2087	30850.9365577
2088	30850.5491250
2089	30849.8212212
2090	30849.7860000
2091	30849.8877500
2092	30849.8948975
2093	30850.4199808
2094	30850.4242500
2095	30850.3965000
2096	30849.9081000
2097	30849.9127962
2098	30850.1480511
2099	30850.1675625
2100	30850.1348571
2101	30850.4982500
2102	30850.9663000
2103	30850.6254375
2104	30850.5745625
2105	30850.5236875
2106	30850.5133150
2107	30850.0912500
2108	30849.4371429
2109	30849.3633462
2110	30849.4197000
2111	30849.2772500
2112	30849.1755000
2113	30849.1755000
2114	30849.2068077
2115	30849.2381154
2116	30850.0057800
2117	30849.8799231
2118	30849.6294615
2119	30849.6639000
2120	30850.9663000
2121	30850.7017500
2122	30849.9973269
2123	30849.6333750
2124	30849.4807500
2125	30849.2433333
2126	30849.2659444
2127	30849.2885556
2128	30849.3586500
2129	30849.9967679
2130	30849.8646008
2131	30849.6869695
2132	30849.5093382
2133	30849.4816063
2134	30849.5042308
2135	30850.0677692
2136	30850.7252308
2137	30849.6423529
2138	30849.5418000
2139	30849.9034038
2140	30849.9034038
2141	30849.9895000
2142	30849.4337885
2143	30849.4425938
2144	30849.5438149
2145	30849.2976000
2146	30849.1179604
2147	30849.6691111
2148	30850.7017500
2149	30850.6740000
2150	30850.3965000
2151	30849.3790000
2152	30849.1807179
2153	30848.9824359
2154	30849.1309648
2155	30848.8980000
2156	30848.8659333
2157	30848.9812500
2158	30849.0645000
2159	30848.9959412
2160	30848.9493889
2161	30848.9465625
2162	30848.9557200
2163	30849.5001131
2164	30849.4425938
2165	30849.5396759
2166	30849.8415000
2167	30849.4156066
2168	30849.3790000
2169	30849.5243571
2170	30849.4337885
2171	30848.9418104
2172	30848.4498324
2173	30848.6794688
2174	30848.7116896
2175	30848.0249423
2176	30848.0719038
2177	30849.3018489
2178	30849.5086094
2179	30848.9792679
2180	30848.7939375
2181	30848.9138571
2182	30848.4572647
2183	30848.2979063
2184	30848.7666830
2185	30848.1685354
2186	30848.0872174
2187	30848.1071250
2188	30848.3360625
2189	30848.1658269
2190	30848.1210000
2191	30848.3136176
2192	30848.2742857
2193	30848.4807931
2194	30849.2976000
2195	30849.1755000
2196	30849.0090000
2197	30849.1489565
2198	30849.1979599
2199	30849.2469632
2200	30849.3535100
2201	30849.4044375
2202	30849.4553125
2203	30848.4136098
2204	30848.7058846
2205	30848.8363333
2206	30849.1755000
2207	30849.7860000
2208	30850.2608333
2209	30850.2744000
2210	30850.2761600
2211	30850.9633929
2212	30851.2923410
2213	30851.6567464
2214	30851.6644988
2215	30851.3122500
2216	30850.7804423
2217	30851.3122500
2218	30852.8924423
2219	30852.9063333
2220	30853.9341111
2221	30853.6868571
2222	30852.1645714
2223	30852.5332500
2224	30853.5507500
2225	30853.2324551
2226	30853.3380000
2227	30853.4798333
2228	30853.3120288
2229	30852.8345865
2230	30853.0292813
2231	30853.8413245
2232	30852.7876250
2233	30853.0759167
2234	30853.6432500
2235	30853.6348043
2236	30853.2048000
2237	30852.1601667
2238	30852.2381538
2239	30852.8724167
2240	30852.9238056
2241	30852.9751944
2242	30852.8820508
2243	30854.1103750
2244	30853.9485000
2245	30853.4120000
2246	30852.8755000
2247	30853.2257453
2248	30854.1467143
2249	30852.9741667
2250	30851.2557222
2251	30851.2783333
2252	30852.2384359
2253	30852.2112696
2254	30852.0412304
2255	30851.9990625
2256	30851.4539732
2257	30851.3558571
2258	30851.2887692
2259	30851.3520652
2260	30851.4140000
2261	30851.4379412
2262	30851.7781579
2263	30852.3806250
2264	30854.0321058
2265	30853.6016250
2266	30852.6640714
2267	30853.0466250
2268	30852.9741667
2269	30853.1437500
2270	30852.9656875
2271	30852.2280000
2272	30852.3297500
2273	30852.1698571
2274	30851.7396000
2275	30851.8549167
2276	30851.9157927
2277	30851.9766688
2278	30854.0486028
2279	30853.9842470
2280	30854.0340625
2281	30853.6102670
2282	30854.3138750
2283	30855.1617917
2284	30856.0097083
2285	30858.0119725
2286	30858.4856250
2287	30859.8015347
2288	30860.0567647
2289	30860.7955210
2290	30861.0802500
2291	30862.3012500
2292	30864.0513500
2293	30864.0845526
2294	30867.6633985
2295	30867.8975000
2296	30868.2027500
2297	30868.3045000
2298	30873.3513000
2299	30874.2060000
2300	30877.0840714
2301	30879.1408750
2302	30881.4145962
2303	30883.9169753
2304	30889.4326164
2305	30892.5368072
2306	30895.3700000
2307	30903.4130952
2308	30910.3781250
2309	30922.7407500
2310	30927.9300000
2311	30949.0649286
2312	30967.1909643
2313	30984.4012500
2314	31002.4110000
2315	31025.3047500
2316	31048.1985000
2317	31081.0637500
2318	31111.3343750
2319	31141.6050000
2320	31182.5085000
2321	31220.3595000
2322	31267.6732500
2323	31313.6642500
2324	31359.6552500
2325	31408.3935000
2326	31461.6523571
2327	31514.6931786
2328	31565.6335893
2329	31615.3530000
2330	31672.1295000
2331	31726.4640000
2332	31777.6239000
2333	31832.9352000
2334	31884.2782500
2335	31936.4760000
2336	31987.8851875
2337	32033.9143437
2338	32079.9435000
2339	32126.3415000
2340	32166.9397500
2341	32207.5380000
2342	32244.7785000
2343	32281.9899286
2344	32310.1020000
2345	32337.8797500
2346	32366.0645000
2347	32390.8915000
2348	32412.0555000
2349	32428.5050833
2350	32443.2423098
2351	32454.7919494
2352	32462.7270000
2353	32470.5773850
2354	32476.0809477
2355	32477.9476364
2356	32477.6333750
2357	32476.2524821
2358	32469.4425000
2359	32460.0922105
2360	32451.1415061
2361	32442.1908016
2362	32426.5126508
2363	32418.3131250
2364	32397.9267857
2365	32379.6990000
2366	32360.7735000
2367	32341.8480000
2368	32325.8986875
2369	32306.4813958
2370	32289.6502500
2371	32271.4878750
2372	32253.7442404
2373	32240.5050000
2374	32222.2578333
2375	32209.5221250
2376	32202.0435000
2377	32192.8860000
2378	32182.6601250
2379	32175.1815000
2380	32172.4342500
2381	32169.9922500
2382	32169.6322115
2383	32171.6541667
2384	32171.6711250
2385	32174.8762500
2386	32184.9495000
2387	32193.6843462
2388	32201.4330000
2389	32209.9800000
2390	32220.7710000
2391	32227.0303929
2392	32239.6037857
2393	32250.8835000
2394	32255.4622500
2395	32271.0691346
2396	32282.9347500
2397	32291.8980000
2398	32298.6042500
2399	32306.0815705
2400	32313.5588910
2401	32316.9047143
2402	32322.4193407
2403	32325.0402418
2404	32326.7381250
2405	32332.0006644
2406	32332.2909715
2407	32332.1269615
2408	32330.1624038
2409	32328.1978462
2410	32327.8065000
2411	32318.5472500
2412	32312.7475000
2413	32307.2239286
2414	32301.3515000
2415	32292.7860000
2416	32286.5977500
2417	32280.7543929
2418	32274.8305302
2419	32266.1292280
2420	32259.9537857
2421	32253.8215313
2422	32249.3269207
2423	32246.1521250
2424	32243.5575000
2425	32238.7316429
2426	32238.5208750
2427	32238.5407826
2428	32239.5014037
2429	32240.4620248
2430	32244.1680000
2431	32250.8835000
2432	32261.3492143
2433	32266.1460000
2434	32281.5247857
2435	32293.9237500
2436	32309.2734643
2437	32323.2277500
2438	32337.5308929
2439	32346.1215000
2440	32367.1837500
2441	32384.5830000
2442	32403.8573571
2443	32421.8235000
2444	32439.7823750
2445	32459.5848631
2446	32474.9370000
2447	32486.8417500
2448	32506.6103214
2449	32522.9678452
2450	32537.3097500
2451	32546.6707500
2452	32560.7122500
2453	32572.9222500
2454	32584.2165000
2455	32591.2372500
2456	32599.1737500
2457	32604.9735000
2458	32605.5840000
2459	32611.8343571
2460	32613.7433810
2461	32613.5205000
2462	32612.3503750
2463	32606.2696012
2464	32603.1420000
2465	32593.6283750
2466	32583.0027679
2467	32573.5327500
2468	32558.4446786
2469	32544.8392500
2470	32526.2054418
2471	32507.6496250
2472	32488.6122000
2473	32465.2911000
2474	32443.6794000
2475	32419.3204500
2476	32394.9615000
2477	32364.7417500
2478	32339.1007500
2479	32310.8723929
2480	32288.6124000
2481	32255.5523714
2482	32226.2193000
2483	32201.1277500
2484	32174.7236250
2485	32148.3195000
2486	32126.0362500
2487	32108.9422500
2488	32087.8800000
2489	32064.6810000
2490	32060.3605385
2491	32043.5483077
2492	32034.1560000
2493	32024.3116875
2494	32020.8874087
2495	32020.7860500
2496	32019.5824929
2497	32019.9618750
2498	32021.9241964
2499	32031.8094593
2500	32032.9350000
2501	32040.8715000
2502	32059.1551923
2503	32073.3043125
2504	32084.8275000
2505	32100.3952500
2506	32115.9630000
2507	32133.5579231
2508	32147.1392000
2509	32160.8958000
2510	32180.8998500
2511	32187.6967500
2512	32206.4696250
2513	32222.5388571
2514	32237.5531319
2515	32250.1065000
2516	32264.3401154
2517	32274.4041154
2518	32277.7455000
2519	32290.8712500
2520	32300.7175192
2521	32305.0653750
2522	32309.8789327
2523	32314.0702500
2524	32318.3437500
2525	32318.9542500
2526	32322.8520577
2527	32323.6093125
2528	32323.6093125
2529	32322.5617500
2530	32322.2935000
2531	32322.0252500
2532	32318.2263462
2533	32317.1227500
2534	32314.1313000
2535	32311.8724500
2536	32309.6903038
2537	32309.3388750
2538	32306.7587857
2539	32306.0029286
2540	32305.2470714
2541	32304.2258443
2542	32304.7906500
2543	32305.8285000
2544	32309.5678125
2545	32316.7411875
2546	32322.6172500
2547	32330.5537500
2548	32339.2839000
2549	32347.9530000
2550	32371.3398462
2551	32389.7722500
2552	32411.7502500
2553	32438.0695833
2554	32464.0045278
2555	32492.9750139
2556	32521.9455000
2557	32561.0175000
2558	32606.3197308
2559	32648.7550714
2560	32694.1065000
2561	32738.0625000
2562	32800.9440000
2563	32855.2785000
2564	32915.1075000
2565	32979.8205000
2566	33044.5335000
2567	33117.1830000
2568	33182.5065000
2569	33259.1242500
2570	33335.7420000
2571	33422.4330000
2572	33493.8615000
2573	33578.1105000
2574	33660.5280000
2575	33736.2300000
2576	33811.9320000
2577	33891.9075000
2578	33977.6827500
2579	34060.2528750
2580	34142.5177500
2581	34216.0830000
2582	34294.2270000
2583	34364.4345000
2584	34430.9790000
2585	34518.8910000
2586	34578.3893125
2587	34636.8574062
2588	34695.3255000
2589	34754.5440000
2590	34800.3315000
2591	34854.9712500
2592	34905.7299643
2593	34948.7847500
2594	34986.2287500
2595	35020.8746250
2596	35054.9100000
2597	35084.2140000
2598	35111.9976131
2599	35133.7408125
2600	35152.6281563
2601	35165.7157500
2602	35178.8415000
2603	35186.9233571
2604	35187.0832500
2605	35188.5755833
2606	35188.4932143
2607	35184.7938750
2608	35174.9241250
2609	35159.9160000
2610	35145.4675000
2611	35122.7772500
2612	35102.6816250
2613	35074.2170625
2614	35048.0927500
2615	35014.3117500
2616	34978.7283214
2617	34944.7147500
2618	34904.0147500
2619	34865.0445000
2620	34820.4780000
2621	34775.9115000
2622	34725.8505000
2623	34676.7052500
2624	34627.5600000
2625	34575.4233000
2626	34518.4636500
2627	34466.1554286
2628	34412.6640000
2629	34360.4662500
2630	34308.2685000
2631	34256.9865000
2632	34204.6243846
2633	34154.1876923
2634	34104.6667500
2635	34058.4213750
2636	34014.2364375
2637	33974.4013125
2638	33938.6489063
2639	33907.9331250
2640	33878.2475625
2641	33854.6670000
2642	33831.4680000
2643	33812.5425000
2644	33796.8260385
2645	33784.5407509
2646	33780.7965000
2647	33776.7555714
2648	33775.1081905
2649	33775.3020000
2650	33778.0492500
2651	33790.0412143
2652	33802.9576500
2653	33818.1242143
2654	33833.8227857
2655	33850.6551429
2656	33867.1822500
2657	33890.8391250
2658	33913.3937083
2659	33932.5057500
2660	33952.3470000
2661	33973.8366000
2662	33996.6082500
2663	34015.5337500
2664	34038.7484038
2665	34055.8267500
2666	34074.1708214
2667	34086.3517500
2668	34106.4982500
2669	34119.5222500
2670	34126.2174000
2671	34138.7123000
2672	34147.5761786
2673	34154.7519762
2674	34160.4257500
2675	34161.6855119
2676	34161.6580556
2677	34160.8938000
2678	34159.5354375
2679	34153.6899000
2680	34144.1661000
2681	34133.3602500
2682	34120.7093333
2683	34108.0245000
2684	34089.6155769
2685	34070.1735000
2686	34050.3322500
2687	34024.2333750
2688	33998.0581875
2689	33971.8830000
2690	33938.6107500
2691	33905.3385000
2692	33872.9820000
2693	33833.3867143
2694	33799.4167500
2695	33755.2863214
2696	33715.4383379
2697	33674.7221250
2698	33630.0793125
2699	33587.0009062
2700	33543.9225000
2701	33500.8822500
2702	33450.9738750
2703	33401.3053393
2704	33352.3781250
2705	33304.9880625
2706	33261.4517813
2707	33217.9155000
2708	33167.8545000
2709	33122.0670000
2710	33082.9950000
2711	33040.2600000
2712	33000.5775000
2713	32963.3370000
2714	32930.3700000
2715	32897.4030000
2716	32866.5727500
2717	32839.8633750
2718	32815.5960000
2719	32794.2285000
2720	32775.3030000
2721	32758.2090000
2722	32744.3083846
2723	32732.2022612
2724	32724.0210000
2725	32717.3837692
2726	32717.0002500
2727	32710.9970000
2728	32708.4532500
2729	32704.9065357
2730	32705.0141000
2731	32705.9695810
2732	32706.9250619
2733	32708.3006250
2734	32713.0320000
2735	32718.5428622
2736	32720.2562500
2737	32721.8842500
2738	32727.5979038
2739	32730.6256233
2740	32733.7254481
2741	32738.4292163
2742	32739.3598125
2743	32739.5887500
2744	32741.8476000
2745	32743.2197714
2746	32743.2021821
2747	32741.6600893
2748	32740.3010000
2749	32739.0412381
2750	32737.9861875
2751	32735.9257500
2752	32727.7857500
2753	32722.6982500
2754	32712.6492262
2755	32707.3848750
2756	32701.7595536
2757	32689.5277500
2758	32675.8220250
2759	32662.9067368
2760	32649.2347500
2761	32635.7639348
2762	32625.7305000
2763	32606.4165000
2764	32587.2690000
2765	32566.8172500
2766	32548.5633000
2767	32522.0676000
2768	32501.1885000
2769	32474.7189643
2770	32447.0720357
2771	32418.1605000
2772	32391.4270263
2773	32364.2838750
2774	32339.4060000
2775	32311.8571875
2776	32280.2492768
2777	32253.6616384
2778	32229.2718000
2779	32201.0056500
2780	32175.3990885
2781	32154.2799628
2782	32135.0047857
2783	32115.5366190
2784	32100.5583730
2785	32088.7957500
2786	32078.4798654
2787	32071.3965000
2788	32067.2012692
2789	32063.5363125
2790	32063.8646890
2791	32065.8730033
2792	32066.2072500
2793	32077.2573000
2794	32088.6570000
2795	32096.9185714
2796	32105.1801429
2797	32122.9507143
2798	32139.1620000
2799	32154.1192500
2800	32170.5446071
2801	32186.8131316
2802	32204.0904706
2803	32220.3803036
2804	32235.3157500
2805	32252.5623750
2806	32263.3987500
2807	32277.7929833
2808	32289.9249750
2809	32302.1843964
2810	32313.8667500
2811	32322.4711474
2812	32330.4927000
2813	32339.2395000
2814	32343.0690000
2815	32345.2057500
2816	32351.4537890
2817	32352.9387500
2818	32355.9077628
2819	32355.8995632
2820	32352.9141511
2821	32351.5254313
2822	32350.1367115
2823	32343.2467724
2824	32341.4410000
2825	32333.7588750
2826	32324.7843506
2827	32318.3437500
2828	32309.2473000
2829	32299.3223143
2830	32293.9237500
2831	32282.0626071
2832	32270.2160000
2833	32259.4305000
2834	32250.6800000
2835	32237.6967000
2836	32224.3267500
2837	32213.9482500
2838	32199.7032500
2839	32189.2230000
2840	32175.4664000
2841	32163.3683250
2842	32153.1598929
2843	32141.9383214
2844	32131.7439405
2845	32125.0898135
2846	32118.4356865
2847	32108.8818108
2848	32107.1711892
2849	32106.1950000
2850	32105.3243230
2851	32104.9989091
2852	32105.9279062
2853	32112.0035553
2854	32116.2682500
2855	32126.6467500
2856	32138.7804375
2857	32150.5325625
2858	32163.9890000
2859	32177.6235000
2860	32196.5490000
2861	32214.8640000
2862	32235.0105000
2863	32255.7675000
2864	32276.5245000
2865	32296.7291429
2866	32321.4980000
2867	32348.2786000
2868	32372.1997641
2869	32393.4352500
2870	32417.1866071
2871	32438.6510119
2872	32457.4925278
2873	32475.2422500
2874	32494.4730000
2875	32514.9247500
2876	32535.0949666
2877	32549.4180000
2878	32552.7757500
2879	32574.9063750
2880	32590.6932788
2881	32600.3947500
2882	32612.1977500
2883	32624.7315000
2884	32630.4850000
2885	32632.1407500
2886	32640.4551786
2887	32642.8245000
2888	32647.1416071
2889	32648.3916786
2890	32649.6417500
2891	32649.2800672
2892	32648.7858529
2893	32647.0672185
2894	32638.8562500
2895	32632.9547500
2896	32627.8672500
2897	32614.3743716
2898	32608.5601875
2899	32595.0528750
2900	32580.8587500
2901	32565.3055357
2902	32550.2828750
2903	32534.0334000
2904	32513.3985000
2905	32492.3362500
2906	32472.6985000
2907	32450.5577000
2908	32427.3383500
2909	32404.6989750
2910	32381.7485357
2911	32359.8577500
2912	32332.9448750
2913	32306.9307917
2914	32280.9167083
2915	32255.6035694
2916	32232.3395625
2917	32212.0022813
2918	32191.6650000
2919	32172.4342500
2920	32153.5087500
2921	32136.4728929
2922	32125.4257500
2923	32109.3492500
2924	32098.1045705
2925	32089.8336000
2926	32083.3012500
2927	32080.0743214
2928	32078.3300357
2929	32078.6865882
2930	32079.1944832
2931	32085.9467500
2932	32089.4062500
2933	32100.8580720
2934	32109.1457500
2935	32123.4295119
2936	32135.9819087
2937	32147.8666263
2938	32158.3491429
2939	32172.4342500
2940	32182.8127500
2941	32201.2295000
2942	32214.9213974
2943	32228.6132949
2944	32240.1997500
2945	32254.5465000
2946	32266.7274286
2947	32275.1000000
2948	32285.6820000
2949	32294.0000625
2950	32302.2963214
2951	32303.9970000
2952	32314.4772500
2953	32318.9542500
2954	32323.5330000
2955	32323.8382500
2956	32326.9925000
2957	32328.0219706
2958	32327.8065000
2959	32327.8065000
2960	32324.5795714
2961	32322.4137500
2962	32318.9833214
2963	32317.1227500
2964	32310.6870625
2965	32304.1496250
2966	32296.0241607
2967	32295.1447500
2968	32284.8243929
2969	32274.7634423
2970	32264.8612665
2971	32259.4305000
2972	32257.5990000
2973	32241.5515714
2974	32230.0247500
2975	32225.2425000
2976	32210.8957500
2977	32200.2041731
2978	32190.7492500
2979	32180.3707500
2980	32167.0269643
2981	32155.6133684
2982	32148.6247500
2983	32134.0599643
2984	32124.9170000
2985	32114.1315000
2986	32098.8690000
2987	32091.2377500
2988	32075.1612500
2989	32063.9590595
2990	32054.9130000
2991	32043.0082500
2992	32031.4087500
2993	32019.5040000
2994	32009.6778571
2995	31999.8517143
2996	31991.4210000
2997	31976.4637500
2998	31967.3062500
2999	31954.6892500
3000	31947.1597500
3001	31935.2550000
3002	31922.3327500
3003	31910.9755119
3004	31900.9684802
3005	31890.9614484
3006	31880.5463399
3007	31872.7805000
3008	31860.5944412
3009	31850.3955000
3010	31838.9791500
3011	31831.4700000
3012	31819.5652500
3013	31811.0182500
3014	31800.5787000
3015	31790.8223286
3016	31782.8335000
3017	31774.6171875
3018	31763.7081339
3019	31758.2100000
3020	31750.8840000
3021	31737.0169286
3022	31726.9218750
3023	31719.8720536
3024	31712.8222321
3025	31704.3333750
3026	31697.6614821
3027	31690.9895893
3028	31683.2295000
3029	31672.7491158
3030	31666.2465000
3031	31657.7827500
3032	31648.0438214
3033	31640.6402976
3034	31636.1100000
3035	31626.4001429
3036	31618.5581250
3037	31611.9952500
3038	31604.9308929
3039	31599.1747500
3040	31592.7645000
3041	31583.5052500
3042	31578.4177500
3043	31573.2285000
3044	31565.4373571
3045	31559.2667601
3046	31554.9898125
3047	31549.6225000
3048	31545.4507500
3049	31540.0580000
3050	31534.6652500
3051	31528.6620000
3052	31521.4886250
3053	31516.1467500
3054	31511.9750000
3055	31507.1103810
3056	31505.7682500
3057	31500.4929038
3058	31498.7475000
3059	31493.5582500
3060	31488.5979375
3061	31483.6024038
3062	31480.7042060
3063	31479.6039643
3064	31475.0397500
3065	31472.0357024
3066	31471.1223750
3067	31467.8155000
3068	31464.2542500
3069	31462.4838000
3070	31458.0620357
3071	31456.8991786
3072	31456.5357857
3073	31454.0283750
3074	31453.6940536
3075	31453.3597321
3076	31453.2652500
3077	31449.2533929
3078	31448.9917500
3079	31445.9683214
3080	31443.0417976
3081	31441.8896248
3082	31441.5894375
3083	31441.0830000
3084	31440.2921250
3085	31438.7949464
3086	31438.5575298
3087	31438.7150000
3088	31438.7343810
3089	31438.6367308
3090	31438.6367308
3091	31438.2409121
3092	31438.1045000
3093	31437.4843095
3094	31437.5754000
3095	31437.2614286
3096	31437.2262496
3097	31437.2178214
3098	31437.2628943
3099	31436.4765000
3100	31435.1392143
3101	31435.3997578
3102	31435.7941765
3103	31435.9968214
3104	31436.3166071
3105	31436.2487738
3106	31436.3627387
3107	31436.4046765
3108	31436.4765000
3109	31435.6893728
3110	31435.7690887
3111	31436.0622321
3112	31435.9968214
3113	31436.0254043
3114	31436.3849250
3115	31436.2323000
3116	31435.0948421
3117	31435.2555000
3118	31435.2555000
3119	31435.2555000
3120	31435.8078571
3121	31435.1464821
3122	31434.4633036
3123	31433.7801250
3124	31433.3222500
3125	31433.1709295
3126	31433.0196090
3127	31432.4752030
3128	31432.4650177
3129	31431.8977500
3130	31431.5488929
3131	31431.2000357
3132	31430.6258750
3133	31429.1769452
3134	31428.8452500
3135	31426.8102500
3136	31425.8121310
3137	31424.8770000
3138	31422.9001429
3139	31421.2478352
3140	31421.1122500
3141	31418.5927262
3142	31418.8079118
3143	31418.8025250
3144	31415.1656893
3145	31414.6002500
3146	31412.3095705
3147	31412.1328125
3148	31409.7651683
3149	31408.0882500
3150	31406.3330625
3151	31404.3489375
3152	31403.7537000
3153	31400.5333125
3154	31400.1517500
3155	31397.7567115
3156	31395.3752034
3157	31394.0647059
3158	31392.0408214
3159	31390.5872500
3160	31388.4666237
3161	31386.2830906
3162	31382.9123542
3163	31381.7301419
3164	31380.5479295
3165	31376.0370000
3166	31374.2414118
3167	31371.7635000
3168	31368.9653750
3169	31368.1852917
3170	31367.4052083
3171	31366.7268750
3172	31366.5742500
3173	31360.7745000
3174	31359.3093000
3175	31355.7218857
3176	31352.1344714
3177	31351.0065000
3178	31347.3435000
3179	31345.8172500
3180	31341.3402500
3181	31337.3768452
3182	31335.8403947
3183	31334.6895000
3184	31329.2847354
3185	31326.5865000
3186	31325.0166429
3187	31324.5515000
3188	31320.2101667
3189	31318.7517500
3190	31318.1412500
3191	31315.5975000
3192	31311.4257500
3193	31309.1872500
3194	31305.2268269
3195	31302.4537941
3196	31299.9365504
3197	31297.6640625
3198	31294.2990446
3199	31293.3142500
3200	31291.1775000
3201	31288.8227143
3202	31285.3777500
3203	31284.1567500
3204	31278.7203929
3205	31276.7338452
3206	31274.7472976
3207	31273.4730000
3208	31267.9785000
3209	31263.7050000
3210	31263.3997500
3211	31258.6029643
3212	31258.4140000
3213	31255.2597500
3214	31249.7555595
3215	31248.3859722
3216	31247.0163849
3217	31242.3004360
3218	31241.6659500
3219	31235.8995222
3220	31233.6548333
3221	31232.9765000
3222	31229.2117500
3223	31226.7697500
3224	31222.9323214
3225	31221.0717500
3226	31219.8507500
3227	31217.6122500
3228	31212.3212500
3229	31208.6970119
3230	31205.4022500
3231	31205.0970000
3232	31200.5182500
3233	31198.5341250
3234	31196.2520179
3235	31195.3290000
3236	31190.7893846
3237	31186.2497692
3238	31184.5943750
3239	31181.5757917
3240	31180.5243750
3241	31176.8105000
3242	31174.0632500
3243	31171.3208452
3244	31168.8261176
3245	31166.0507828
3246	31163.2754480
3247	31160.2252500
3248	31157.2890357
3249	31154.3528214
3250	31150.6801310
3251	31149.2901176
3252	31147.3538750
3253	31144.7185500
3254	31141.5090643
3255	31139.8498125
3256	31137.6185804
3257	31135.8052500
3258	31132.4475000
3259	31129.0752143
3260	31126.4188125
3261	31124.4782946
3262	31122.6795000
3263	31119.8559375
3264	31115.5460982
3265	31111.9660984
3266	31111.6905000
3267	31106.5775625
3268	31106.4402000
3269	31104.2075143
3270	31101.2887429
3271	31100.3962500
3272	31096.4280000
3273	31094.0741900
3274	31093.5450833
3275	31087.4102246
3276	31086.2649706
3277	31084.5843000
3278	31080.2497500
3279	31078.7089643
3280	31077.1681786
3281	31073.2047738
3282	31071.7332750
3283	31068.1008000
3284	31064.4103165
3285	31063.5046071
3286	31060.7900625
3287	31057.7138208
3288	31057.0507500
3289	31053.8965000
3290	31053.6930000
3291	31050.9893571
3292	31048.4165357
3293	31046.6411020
3294	31046.2361786
3295	31039.0846071
3296	31038.3287500
3297	31034.4345000
3298	31032.8805000
3299	31031.3080000
3300	31027.3639762
3301	31026.8310000
3302	31024.9995000
3303	31022.1795714
3304	31020.9803750
3305	31019.0980000
3306	31018.1822500
3307	31014.9262500
3308	31014.9262500
3309	31014.7227500
3310	31010.6527500
3311	31006.9287000
3312	31005.7687500
3313	31004.6088000
3314	31003.7541000
3315	30998.9515000
3316	30995.9042179
3317	30995.4513000
3318	30993.1721000
3319	30992.8872000
3320	30989.3932615
3321	30988.1002538
3322	30986.8072462
3323	30982.9647487
3324	30981.5776875
3325	30980.6580240
3326	30980.0738824
3327	30979.2120000
3328	30975.8978571
3329	30974.9385000
3330	30971.2381224
3331	30969.4440000
3332	30968.2230000
3333	30965.7810000
3334	30964.3565000
3335	30963.0773571
3336	30961.7295000
3337	30960.7749000
3338	30958.3677857
3339	30957.6119286
3340	30956.8560714
3341	30956.0130000
3342	30951.2873663
3343	30949.7863602
3344	30948.2853541
3345	30945.6989558
3346	30945.6269138
3347	30945.5548719
3348	30945.2529375
3349	30944.3371875
3350	30940.8726000
3351	30940.2417500
3352	30935.8713452
3353	30935.8665000
3354	30935.5612500
3355	30933.6358269
3356	30933.1955625
3357	30933.1192500
3358	30932.5087500
3359	30930.2956875
3360	30928.8457500
3361	30926.6363214
3362	30926.3165357
3363	30926.0985000
3364	30920.9528571
3365	30920.2987500
3366	30919.3830000
3367	30917.6736000
3368	30917.6532500
3369	30915.2887738
3370	30914.4990000
3371	30913.6443000
3372	30912.0628143
3373	30910.5307500
3374	30909.8185000
3375	30909.6150000
3376	30907.9870000
3377	30907.6003500
3378	30906.5595929
3379	30905.6467500
3380	30903.0521250
3381	30900.3048750
3382	30900.7655612
3383	30899.9312069
3384	30899.1056786
3385	30898.0460250
3386	30896.7945000
3387	30896.2130714
3388	30896.0967857
3389	30894.7013571
3390	30894.3331190
3391	30893.9648810
3392	30889.2296583
3393	30889.1632500
3394	30887.4189643
3395	30886.4160000
3396	30885.8927143
3397	30885.8055000
3398	30882.8111429
3399	30882.2188125
3400	30880.9760089
3401	30881.1023889
3402	30879.8883462
3403	30879.8670000
3404	30878.7490714
3405	30876.5052857
3406	30876.4735714
3407	30876.1392500
3408	30875.2380357
3409	30875.1831021
3410	30873.1071000
3411	30869.0496231
3412	30869.5755923
3413	30869.0894286
3414	30868.2917813
3415	30865.5190937
3416	30864.3913646
3417	30864.2892176
3418	30864.2973048
3419	30864.2256522
3420	30863.8711071
3421	30862.3012500
3422	30860.8767500
3423	30859.6192244
3424	30859.5486081
3425	30859.4779919
3426	30859.3250625
3427	30856.5034567
3428	30856.2725625
3429	30855.6293571
3430	30855.6785549
3431	30855.6468000
3432	30855.1278750
3433	30853.5253125
3434	30852.5150804
3435	30851.5048482
3436	30850.0912500
3437	30849.5570625
3438	30847.2676875
3439	30847.7231260
3440	30847.8890893
3441	30847.7830978
3442	30847.6289000
3443	30847.1405000
3444	30845.3283810
3445	30844.3236316
3446	30843.5720825
3447	30843.5589000
3448	30840.4071919
3449	30839.5296000
3450	30839.1183158
3451	30838.5122894
3452	30838.6381922
3453	30838.0338750
3454	30837.7504286
3455	30837.5760000
3456	30837.0023984
3457	30836.6166429
3458	30836.5992000
3459	30834.9246857
3460	30834.5946132
3461	30834.2645407
3462	30834.3483927
3463	30834.3200000
3464	30834.2186806
3465	30834.1947692
3466	30833.9130000
3467	30831.1892308
3468	30830.8605000
3469	30830.8096250
3470	30830.5625179
3471	30828.4063869
3472	30828.2981766
3473	30828.1899663
3474	30828.1895625
3475	30828.1641250
3476	30826.6135435
3477	30825.8121346
3478	30825.8904038
3479	30825.7094062
3480	30825.6712500
3481	30825.0607500
3482	30824.5265625
3483	30824.4884063
3484	30823.1035588
3485	30822.7665330
3486	30822.9958235
3487	30822.7205000
3488	30822.6248575
3489	30821.2887321
3490	30821.3595612
3491	30821.3871894
3492	30821.5386346
3493	30821.3422500
3494	30821.3638333
3495	30820.9398750
3496	30820.8982500
3497	30819.4136250
3498	30819.5662500
3499	30819.3482143
3500	30818.6505000
3501	30818.2070556
3502	30818.2223130
3503	30818.4470000
3504	30820.6041000
3505	30820.4913923
3506	30818.2523478
3507	30817.5731471
3508	30817.9423200
3509	30818.0783300
3510	30817.4529808
3511	30817.6580462
3512	30817.4513036
3513	30817.0632000
3514	30817.4702000
3515	30819.0279097
3516	30818.7730592
3517	30818.4878531
3518	30818.2026469
3519	30818.1926250
3520	30817.7001635
3521	30817.4295000
3522	30816.9207500
3523	30817.1242500
3524	30817.6475357
3525	30817.7347500
3526	30818.9993571
3527	30818.7268125
3528	30816.8153661
3529	30818.1272143
3530	30820.5982857
3531	30820.0828269
3532	30818.8951241
3533	30818.8754211
3534	30818.3452500
3535	30818.5206727
3536	30818.5669097
3537	30818.8754211
3538	30819.1846875
3539	30819.0575000
3540	30819.1737857
3541	30820.1004375
3542	30820.1947059
3543	30820.0935487
3544	30820.4820000
3545	30820.0809093
3546	30820.4820000
3547	30820.0745769
3548	30820.1513125
3549	30820.2152324
3550	30820.1004375
3551	30820.2471923
3552	30821.2832812
3553	30821.6212366
3554	30821.1688125
3555	30821.0925000
3556	30820.0173457
3557	30820.2622200
3558	30822.0360000
3559	30822.3135000
3560	30822.3343875
3561	30822.8149821
3562	30821.7793125
3563	30821.7793125
3564	30820.5655804
3565	30820.5837500
3566	30821.7902143
3567	30821.7248036
3568	30822.4225179
3569	30822.6367059
3570	30823.0368655
3571	30823.8442883
3572	30823.6475556
3573	30823.6810200
3574	30823.6035182
3575	30823.6871250
3576	30823.4003750
3577	30823.1136250
3578	30822.9636554
3579	30822.6851087
3580	30822.6391000
3581	30822.4196739
3582	30822.2371875
3583	30821.0925000
3584	30821.0925000
3585	30821.1551154
3586	30821.2177308
3587	30821.4255000
3588	30821.5791923
3589	30821.7328846
3590	30821.7030000
3591	30821.8251028
3592	30822.1444356
3593	30823.0727439
3594	30823.4327500
3595	30823.4124000
3596	30823.3541350
3597	30823.5043217
3598	30823.1810526
3599	30823.3437188
3600	30823.4127634
3601	30823.4124000
3602	30823.4036786
3603	30822.7931786
3604	30822.5673159
3605	30823.8936176
3606	30823.7961429
3607	30823.0693571
3608	30823.1856429
3609	30823.0766250
3610	30823.2292500
3611	30823.2292500
3612	30823.3310000
3613	30823.9988974
3614	30822.6472624
3615	30821.6688970
3616	30821.8251000
3617	30821.3214375
3618	30822.0564474
3619	30823.1357389
3620	30823.3055625
3621	30823.4581875
3622	30822.9918333
3623	30822.7332187
3624	30822.3135000
3625	30822.3805625
3626	30822.9586875
3627	30823.8852292
3628	30823.9507500
3629	30825.3351667
3630	30825.0752857
3631	30824.7555000
3632	30824.4543167
3633	30824.5113000
3634	30823.5964520
3635	30823.6217143
3636	30823.4734500
3637	30823.2493038
3638	30822.9474808
3639	30822.8379038
3640	30822.7283269
3641	30822.8900833
3642	30822.8685000
3643	30822.6950625
3644	30822.2117500
3645	30822.3878558
3646	30822.9240000
3647	30823.7525357
3648	30823.7994972
3649	30823.8736667
3650	30823.6616875
3651	30823.3577420
3652	30823.7787000
3653	30824.3985923
3654	30822.6657115
3655	30823.3310000
3656	30823.5292821
3657	30823.4626765
3658	30822.3361111
3659	30822.2250769
3660	30822.3466410
3661	30822.4682051
3662	30822.5424375
3663	30822.5463510
3664	30822.5502644
3665	30823.4124000
3666	30823.2446077
3667	30823.3164643
3668	30823.6362500
3669	30823.8090322
3670	30823.0855392
3671	30823.8868329
3672	30823.7252813
3673	30823.6920168
3674	30823.9415000
3675	30824.8598590
3676	30824.1450000
3677	30824.6083871
3678	30824.5431522
3679	30824.0771667
3680	30823.5955500
3681	30823.6871250
3682	30823.7525357
3683	30823.0548214
3684	30822.9050522
3685	30823.0648846
3686	30823.0065000
3687	30822.6536539
3688	30822.5632500
3689	30822.5824038
3690	30822.5489859
3691	30821.8301875
3692	30822.2117500
3693	30822.4987372
3694	30822.7857244
3695	30824.6028750
3696	30824.4502500
3697	30824.0577857
3698	30824.1450000
3699	30824.7555000
3700	30825.1370625
3701	30825.5186250
3702	30826.6533173
3703	30826.3835000
3704	30826.2335526
3705	30826.0771319
3706	30825.9999808
3707	30825.9605121
3708	30825.9086667
3709	30827.4688333
3710	30827.4417000
3711	30826.8922500
3712	30827.0229808
3713	30827.5598654
3714	30827.4629348
3715	30826.8645000
3716	30826.8664615
3717	30826.7257500
3718	30826.9050577
3719	30828.2876786
3720	30828.2004643
3721	30828.2913125
3722	30828.4661258
3723	30828.3574500
3724	30828.4185000
3725	30828.4185000
3726	30828.1410000
3727	30828.1697778
3728	30829.5485385
3729	30829.6395000
3730	30829.5886250
3731	30829.3407724
3732	30829.2872885
3733	30829.1933654
3734	30828.8646346
3735	30828.3950192
3736	30829.2403269
3737	30829.4390785
3738	30830.1110721
3739	30830.1164764
3740	30829.8684375
3741	30829.3953000
3742	30827.6553750
3743	30827.8610870
3744	30827.6559130
3745	30827.7735444
3746	30828.2181479
3747	30828.5082544
3748	30827.5790625
3749	30827.7845192
3750	30827.3719286
3751	30827.7361978
3752	30827.8248038
3753	30827.6851644
3754	30827.6778518
3755	30827.6299375
3756	30827.6808125
3757	30828.0473734
3758	30828.4139343
3759	30828.9417857
3760	30828.9417857
3761	30828.9350769
3762	30828.7853078
3763	30826.8922500
3764	30826.6628084
3765	30826.7396250
3766	30826.8486429
3767	30828.4740000
3768	30828.3506667
3769	30828.2658750
3770	30828.0323365
3771	30828.5493214
3772	30828.4795500
3773	30827.3786192
3774	30828.2797500
3775	30828.1765962
3776	30828.1895625
3777	30828.9018125
3778	30828.6629856
3779	30828.7792500
3780	30829.2906429
3781	30829.7158125
3782	30830.7841875
3783	30830.8605000
3784	30831.9875769
3785	30832.6920000
3786	30833.5373077
3787	30833.9130000
3788	30834.0382308
3789	30834.1634615
3790	30838.1917179
3791	30838.5080250
3792	30838.6443750
3793	30840.9337500
3794	30842.8591731
3795	30843.8990357
3796	30845.9049643
3797	30846.4282500
3798	30846.4282500
3799	30848.3360625
3800	30851.0070000
3801	30853.4803077
3802	30855.9536154
3803	30861.5785641
3804	30862.6065000
3805	30870.6011429
3806	30875.7045000
3807	30883.3635000
3808	30894.5403462
3809	30905.3415000
3810	30915.7200000
3811	30927.6247500
3812	30941.9715000
3813	30962.9901429
3814	30987.1485000
3815	31010.1033000
3816	31035.3780000
3817	31066.6230769
3818	31097.1911250
3819	31131.1208365
3820	31165.0505481
3821	31204.9150240
3822	31239.5902500
3823	31289.9565000
3824	31330.2495000
3825	31383.3160385
3826	31434.7282500
3827	31482.9161250
3828	31531.1040000
3829	31588.4910000
3830	31638.8572500
3831	31689.2235000
3832	31741.7265000
3833	31794.2295000
3834	31858.3320000
3835	31902.5932500
3836	31946.8545000
3837	31995.3892500
3838	32043.9240000
3839	32088.1852500
3840	32130.4623750
3841	32171.8237500
3842	32213.1851250
3843	32254.5465000
3844	32288.9198077
3845	32316.2070000
3846	32346.4267500
3847	32371.9151250
3848	32397.1745625
3849	32422.4340000
3850	32443.1910000
3851	32460.7859231
3852	32472.1897500
3853	32485.0102500
3854	32498.2123125
3855	32507.0841298
3856	32512.7410385
3857	32515.8405000
3858	32519.5035000
3859	32519.4162857
3860	32517.3667500
3861	32515.5352500
3862	32508.4272857
3863	32497.5255000
3864	32485.9260000
3865	32473.2886500
3866	32461.5060000
3867	32447.7697500
3868	32428.0811250
3869	32411.7502500
3870	32392.8247500
3871	32372.3730000
3872	32351.6160000
3873	32332.8736500
3874	32311.4623192
3875	32292.0922500
3876	32274.6382115
3877	32258.9726250
3878	32240.5050000
3879	32229.5160000
3880	32218.5270000
3881	32209.3695000
3882	32202.3025000
3883	32197.0517647
3884	32190.8713500
3885	32189.1149885
3886	32189.9479687
3887	32192.4281250
3888	32198.2278750
3889	32207.7219327
3890	32217.2159904
3891	32234.0947500
3892	32247.6353269
3893	32258.9726250
3894	32275.1626154
3895	32293.4326957
3896	32311.6282500
3897	32328.7222500
3898	32348.5198929
3899	32365.7338125
3900	32383.7944375
3901	32397.0982500
3902	32418.5820357
3903	32438.2125179
3904	32454.1800000
3905	32471.6403000
3906	32485.3155000
3907	32498.4412500
3908	32511.9885357
3909	32523.8880000
3910	32535.3418821
3911	32545.4324410
3912	32553.6915000
3913	32565.0660789
3914	32573.6377955
3915	32579.1580714
3916	32587.2690000
3917	32593.0251429
3918	32597.9527500
3919	32601.1360714
3920	32604.5396648
3921	32607.6444375
3922	32610.2155817
3923	32611.6890000
3924	32614.4362500
3925	32615.5046250
3926	32616.4882083
3927	32615.8404000
3928	32615.8404000
3929	32614.4973000
3930	32613.8461000
3931	32613.5205000
3932	32609.8626265
3933	32609.5522500
3934	32605.1340577
3935	32604.5156250
3936	32601.5547000
3937	32597.9527500
3938	32591.9058929
3939	32590.0162500
3940	32586.0202500
3941	32582.0797500
3942	32576.5852500
3943	32572.0065000
3944	32564.3142000
3945	32559.8100667
3946	32556.5695714
3947	32547.6979405
3948	32543.0012897
3949	32538.4555435
3950	32532.8734500
3951	32527.7888571
3952	32519.0674286
3953	32514.2865000
3954	32508.6671250
3955	32498.7465000
3956	32492.9467500
3957	32486.8417500
3958	32478.6234808
3959	32472.9528750
3960	32465.4742500
3961	32454.6209167
3962	32448.9907500
3963	32439.2518214
3964	32431.6470000
3965	32422.7825769
3966	32418.8473125
3967	32409.1145337
3968	32402.2875000
3969	32391.8933462
3970	32383.6672500
3971	32374.1608929
3972	32366.5122000
3973	32355.2038615
3974	32348.2582500
3975	32344.9005000
3976	32330.6555000
3977	32319.5647500
3978	32313.1545000
3979	32304.9127500
3980	32293.5950192
3981	32286.2925000
3982	32277.1731563
3983	32265.0046304
3984	32258.5758000
3985	32248.2165789
3986	32238.6735000
3987	32229.8760385
3988	32223.5854286
3989	32211.6267915
3990	32203.8750000
3991	32192.7294615
3992	32183.1709843
3993	32180.4318000
3994	32165.9019000
3995	32154.5873000
3996	32146.7932500
3997	32135.6320577
3998	32126.0127692
3999	32114.9924615
4000	32109.2475000
4001	32097.1596000
4002	32087.4354308
4003	32077.7112615
4004	32067.3672000
4005	32057.4313125
4006	32048.3501250
4007	32044.8397500
4008	32028.8141250
4009	32021.0302500
4010	32007.0513654
4011	31996.4067500
4012	31990.8105000
4013	31981.8056250
4014	31966.6448750
4015	31955.1471250
4016	31946.5928571
4017	31933.9624396
4018	31929.9894375
4019	31916.8519471
4020	31905.4344231
4021	31893.2831250
4022	31882.1415000
4023	31872.8744231
4024	31863.6073462
4025	31851.6979000
4026	31839.4065000
4027	31830.5687857
4028	31820.4810000
4029	31811.0573846
4030	31801.8171429
4031	31789.0257143
4032	31777.6508447
4033	31767.9780000
4034	31758.3321000
4035	31748.4420000
4036	31737.6274286
4037	31727.0745000
4038	31719.7485000
4039	31707.5385000
4040	31696.3053000
4041	31686.7815000
4042	31676.1655833
4043	31666.0245000
4044	31656.3328125
4045	31647.2377500
4046	31637.9436346
4047	31627.8072000
4048	31617.4864818
4049	31609.4006250
4050	31596.5725095
4051	31589.3304375
4052	31579.0282500
4053	31568.0862115
4054	31557.9405625
4055	31548.9916500
4056	31539.6510000
4057	31531.4092500
4058	31521.1833750
4059	31511.8732500
4060	31500.7746731
4061	31493.6193000
4062	31484.5106400
4063	31479.2115000
4064	31467.6120000
4065	31458.5901667
4066	31448.7004145
4067	31438.8106624
4068	31429.7805541
4069	31420.9087500
4070	31412.2834808
4071	31411.7512500
4072	31397.4771786
4073	31386.9705000
4074	31378.1972308
4075	31369.4936923
4076	31364.7427500
4077	31356.8062500
4078	31345.9480714
4079	31337.0158750
4080	31329.7262143
4081	31320.5687143
4082	31313.6254881
4083	31309.8413571
4084	31298.8087500
4085	31288.6628214
4086	31284.1845000
4087	31276.5995000
4088	31266.5786667
4089	31259.5075556
4090	31256.6842500
4091	31246.4889000
4092	31242.6427500
4093	31229.9748750
4094	31222.4962500
4095	31215.0006667
4096	31207.6068333
4097	31199.2972500
4098	31192.1747500
4099	31185.0522500
4100	31179.0897000
4101	31171.7887462
4102	31169.6880000
4103	31159.4790833
4104	31156.7802857
4105	31147.8626250
4106	31138.5525000
4107	31134.8895000
4108	31127.8687500
4109	31120.2375000
4110	31116.8797500
4111	31108.6990500
4112	31101.4646250
4113	31096.6111500
4114	31090.7597423
4115	31088.7967500
4116	31079.6392500
4117	31074.6026250
4118	31069.0318125
4119	31061.7906042
4120	31058.8822500
4121	31053.0825000
4122	31047.2827500
4123	31042.3224375
4124	31037.2095000
4125	31030.5745948
4126	31026.0678750
4127	31018.0922404
4128	31013.1934327
4129	31009.2791250
4130	31005.9213750
4131	30999.7146250
4132	30995.1455655
4133	30990.5765060
4134	30988.0407692
4135	30980.4251731
4136	30976.3121250
4137	30972.0386250
4138	30968.7898929
4139	30964.8384148
4140	30961.6601250
4141	30955.8603750
4142	30953.8762500
4143	30950.8237500
4144	30946.5502500
4145	30944.7187500
4146	30941.3610000
4147	30934.5691875
4148	30930.6772500
4149	30925.7932500
4150	30921.8250000
4151	30921.5633571
4152	30921.2145000
4153	30913.6693462
4154	30909.9202500
4155	30909.0045000
4156	30902.0855000
4157	30900.4575000
4158	30895.2130299
4159	30893.5675714
4160	30888.9555730
4161	30887.7321397
4162	30886.5087064
4163	30882.7530000
4164	30879.2709976
4165	30878.2353000
4166	30875.1734077
4167	30874.1678437
4168	30870.5430000
4169	30867.5061538
4170	30866.2695000
4171	30865.3537500
4172	30860.2953214
4173	30859.2487500
4174	30856.8850192
4175	30854.5212885
4176	30852.5332500
4177	30850.3573654
4178	30850.1348571
4179	30846.7133736
4180	30845.3598750
4181	30844.6730625
4182	30840.8496106
4183	30840.7961266
4184	30840.7426426
4185	30837.8812500
4186	30837.5760000
4187	30833.6840625
4188	30832.0815000
4189	30830.2969615
4190	30828.5124231
4191	30828.0522000
4192	30825.3534769
4193	30824.8776000
4194	30822.9702000
4195	30822.8629500
4196	30819.9325500
4197	30817.7214783
4198	30817.5516000
4199	30817.0564167
4200	30816.7384039
4201	30816.4120000
4202	30816.0258718
4203	30815.6397436
4204	30812.5455000
4205	30811.9350000
4206	30807.7084615
4207	30807.3327692
4208	30806.9570769
4209	30806.8944615
4210	30806.9073529
4211	30805.8300000
4212	30805.8300000
4213	30804.4702500
4214	30802.5333000
4215	30802.8551769
4216	30802.6387500
4217	30802.0361786
4218	30799.4309313
4219	30799.5030000
4220	30800.5902308
4221	30800.0302500
4222	30797.7239167
4223	30798.5379167
4224	30798.5466132
4225	30798.5553098
4226	30799.7250000
4227	30798.7908462
4228	30798.6182197
4229	30798.3819000
4230	30796.7726846
4231	30796.6725000
4232	30796.3672500
4233	30796.0111250
4234	30796.3672500
4235	30796.9464423
4236	30796.9014375
4237	30796.6725000
4238	30796.7082871
4239	30796.8420833
4240	30796.9777500
4241	30798.6478631
4242	30799.6105313
4243	30799.5385024
4244	30799.3434375
4245	30799.1908125
4246	30798.4746490
4247	30798.5317500
4248	30799.5150962
4249	30798.5040000
4250	30798.3097500
4251	30798.2926731
4252	30798.6918462
4253	30798.6585817
4254	30798.8770833
4255	30799.1145000
4256	30799.1700000
4257	30800.9460000
4258	30802.9301250
4259	30802.9682813
4260	30801.8402524
4261	30802.5977516
4262	30803.2048500
4263	30803.1845000
4264	30803.3325000
4265	30803.2691538
4266	30803.3880000
4267	30803.7323846
4268	30803.8967500
4269	30804.1650000
4270	30804.3037500
4271	30805.4777885
4272	30804.8125000
4273	30805.7412949
4274	30805.7567400
4275	30805.4743689
4276	30805.2195000
4277	30805.9317500
4278	30807.2545000
4279	30807.4919167
4280	30808.1780769
4281	30807.9057000
4282	30807.8033023
4283	30808.2319477
4284	30808.1363333
4285	30807.0683932
4286	30806.6625000
4287	30806.6070000
4288	30806.6440000
4289	30807.0823077
4290	30807.2036250
4291	30806.9979130
4292	30807.1382143
4293	30807.8904375
4294	30807.8141250
4295	30807.7725000
4296	30807.5851875
4297	30806.5168125
4298	30806.2761346
4299	30806.2777000
4300	30807.0839476
4301	30807.5597500
4302	30808.5772500
4303	30809.9678333
4304	30809.5947500
4305	30809.7367646
4306	30810.0751779
4307	30810.3308432
4308	30810.5409069
4309	30810.6058963
4310	30811.2305769
4311	30811.5478846
4312	30811.3479808
4313	30810.9637500
4314	30810.9537885
4315	30810.9438269
4316	30810.3969588
4317	30810.4087500
4318	30811.3245000
4319	30811.2808929
4320	30811.3342005
4321	30811.4008125
4322	30811.4572174
4323	30811.4974836
4324	30811.3245000
4325	30811.4077500
4326	30811.3800000
4327	30811.2803846
4328	30811.1807692
4329	30810.9278077
4330	30810.8314038
4331	30811.7236731
4332	30811.6322885
4333	30811.4910000
4334	30811.4094231
4335	30811.4008125
4336	30811.6767115
4337	30812.2063333
4338	30812.2299130
4339	30812.1966429
4340	30809.9245989
4341	30809.7307894
4342	30810.7140000
4343	30810.4087500
4344	30810.6042115
4345	30811.2409423
4346	30811.2412500
4347	30811.3280577
4348	30810.6307500
4349	30810.8012143
4350	30810.7140000
4351	30810.5159893
4352	30810.5812826
4353	30810.6384532
4354	30810.6956237
4355	30810.7704900
4356	30810.8453562
4357	30810.7972500
4358	30810.8012143
4359	30810.8666250
4360	30811.3920865
4361	30811.4910000
4362	30812.6607692
4363	30812.7091538
4364	30812.7575385
4365	30812.8433078
4366	30812.8679782
4367	30811.9819615
4368	30812.0677174
4369	30813.7665000
4370	30813.7665000
4371	30814.0076539
4372	30813.9191250
4373	30813.3086250
4374	30813.3340625
4375	30813.6986667
4376	30814.6518120
4377	30814.4709231
4378	30814.7761731
4379	30815.0553333
4380	30815.1706500
4381	30815.6590500
4382	30815.4870000
4383	30815.8451538
4384	30816.8190000
4385	30817.2657692
4386	30817.1807030
4387	30817.2768750
4388	30816.6918125
4389	30817.0321212
4390	30816.3748221
4391	30816.4545721
4392	30816.2319808
4393	30816.0530192
4394	30815.9032500
4395	30815.8562885
4396	30816.1321875
4397	30815.2927500
4398	30814.8074808
4399	30814.7996538
4400	30814.6403201
4401	30814.9875000
4402	30817.1477308
4403	30816.9207500
4404	30816.7739423
4405	30816.5008862
4406	30816.5815833
4407	30816.5748000
4408	30816.8800500
4409	30817.2450808
4410	30816.8698750
4411	30816.8190000
4412	30815.6293077
4413	30815.7134999
4414	30815.9032500
4415	30816.3572115
4416	30816.2424167
4417	30815.5310363
4418	30815.5598438
4419	30816.2385649
4420	30815.1910000
4421	30814.6295769
4422	30814.5296250
4423	30814.5473942
4424	30814.5296250
4425	30814.8094375
4426	30815.0256562
4427	30815.3363571
4428	30815.6485879
4429	30815.5658821
4430	30815.8269375
4431	30816.1770834
4432	30816.3493846
4433	30816.0050000
4434	30815.8404231
4435	30815.6373462
4436	30815.8639553
4437	30815.5301667
4438	30815.0553333
4439	30814.5601500
4440	30814.6059375
4441	30814.6313750
4442	30814.8043500
4443	30815.0516808
4444	30815.0196115
4445	30815.4623333
4446	30814.7133462
4447	30815.1817500
4448	30816.5137500
4449	30816.5233622
4450	30816.6891464
4451	30816.6663750
4452	30816.9811442
4453	30816.7579500
4454	30817.3397654
4455	30818.9002500
4456	30818.8947000
4457	30818.6416092
4458	30818.6270763
4459	30818.7268125
4460	30819.5916875
4461	30819.6680000
4462	30820.0546500
4463	30821.3977500
4464	30822.0693000
4465	30823.3818750
4466	30823.8397500
4467	30825.0450962
4468	30825.8238750
4469	30827.8080000
4470	30831.6275385
4471	30832.6920000
4472	30834.1008462
4473	30835.8208125
4474	30836.1260625
4475	30841.8514567
4476	30845.1410913
4477	30847.4966250
4478	30853.5937981
4479	30857.9841429
4480	30865.7811000
4481	30874.1840846
4482	30879.7005000
4483	30893.4367500
4484	30909.5280577
4485	30924.4414286
4486	30939.8347500
4487	30958.1497500
4488	30982.2645000
4489	31007.4358846
4490	31032.6072692
4491	31061.0190000
4492	31093.3755000
4493	31128.8158077
4494	31164.2561154
4495	31206.0440577
4496	31244.3372788
4497	31282.6305000
4498	31330.2495000
4499	31372.9845000
4500	31428.5400000
4501	31480.4325000
4502	31529.2725000
4503	31576.5862500
4504	31623.9000000
4505	31677.3187500
4506	31730.7375000
4507	31797.2820000
4508	31827.1965000
4509	31881.5310000
4510	31922.4345000
4511	31967.6115000
4512	32012.1780000
4513	32055.2182500
4514	32095.6638750
4515	32135.7279375
4516	32169.2509286
4517	32201.2149643
4518	32232.7647321
4519	32256.6832500
4520	32284.3083750
4521	32310.6361875
4522	32334.7890937
4523	32354.9737500
4524	32370.9993750
4525	32386.2161827
4526	32397.5561250
4527	32410.2240000
4528	32422.6844615
4529	32431.5915000
4530	32436.4755000
4531	32444.7511667
4532	32447.6171250
4533	32450.5522212
4534	32453.4168750
4535	32454.3326250
4536	32455.2483750
4537	32456.2404375
4538	32456.5609183
4539	32456.0115000
4540	32453.1625000
4541	32451.1275000
4542	32448.9035357
4543	32445.1801566
4544	32440.2223599
4545	32435.2645632
4546	32431.8967500
4547	32424.8681731
4548	32422.7392500
4549	32412.6831347
4550	32406.6373125
4551	32400.4560000
4552	32393.7874615
4553	32388.7038750
4554	32380.4310288
4555	32374.2045000
4556	32368.0995000
4557	32363.2155000
4558	32353.6666538
4559	32345.3485385
4560	32337.3455625
4561	32332.9957500
4562	32320.5953654
4563	32318.3437500
4564	32307.3077885
4565	32299.7235000
4566	32292.7027500
4567	32283.5452500
4568	32273.2606731
4569	32268.8932500
4570	32260.8041250
4571	32256.0727500
4572	32247.6783750
4573	32238.1066071
4574	32232.5685000
4575	32222.4952500
4576	32213.0325000
4577	32203.7605312
4578	32192.9730745
4579	32186.0273325
4580	32184.0337500
4581	32170.4885192
4582	32165.4135000
4583	32151.2311154
4584	32142.4962692
4585	32137.2541875
4586	32126.5352163
4587	32119.6260000
4588	32109.5449231
4589	32100.0900000
4590	32088.8192308
4591	32080.2226603
4592	32071.8784737
4593	32059.4640000
4594	32052.1657500
4595	32040.6098571
4596	32029.8825000
4597	32021.4881250
4598	32007.2940000
4599	31997.5260000
4600	31985.0202692
4601	31973.5777500
4602	31963.5211500
4603	31957.1109000
4604	31942.3524538
4605	31928.4086786
4606	31916.6347500
4607	31904.8474038
4608	31892.8252500
4609	31880.4626250
4610	31871.1525000
4611	31854.9742500
4612	31844.2905000
4613	31835.7435000
4614	31818.9547500
4615	31806.0197812
4616	31790.8922957
4617	31779.5775000
4618	31762.1166924
4619	31748.8998750
4620	31735.8504375
4621	31721.7737163
4622	31709.6752500
4623	31691.4765357
4624	31675.7925000
4625	31660.2247500
4626	31647.4042500
4627	31633.1338125
4628	31620.3896250
4629	31605.3233571
4630	31589.4067500
4631	31577.8072500
4632	31561.7162143
4633	31546.4425330
4634	31533.2204000
4635	31515.4042359
4636	31499.3143929
4637	31487.1480000
4638	31469.3756667
4639	31460.4386250
4640	31441.0275000
4641	31426.2844231
4642	31411.5413462
4643	31399.3886250
4644	31383.0577500
4645	31371.7635000
4646	31351.6170000
4647	31337.2702500
4648	31322.9235000
4649	31310.1030000
4650	31293.7009000
4651	31278.5894104
4652	31264.0905789
4653	31254.2422500
4654	31241.1165000
4655	31226.4018846
4656	31217.3070000
4657	31204.7917500
4658	31176.4035000
4659	31136.7210000
4660	31097.0385000
4661	31059.4927500
4662	31024.5416250
4663	30995.6955000
4664	30968.3325769
4665	30946.5502500
4666	30924.0635000
4667	30905.9520000
4668	30889.1632500
4669	30873.5955000
4670	30858.3039286
4671	30848.8702500
4672	30837.2416786
4673	30830.1736875
4674	30823.8397500
4675	30816.6009643
4676	30810.9582000
4677	30806.2557846
4678	30802.4722500
4679	30800.5644375
4680	30798.1733125
4681	30797.7103500
4682	30795.8313667
4683	30795.8585000
4684	30796.9777500
4685	30798.0630833
4686	30800.0619807
4687	30800.0180400
4688	30801.4729196
4689	30801.5565000
4690	30802.4286429
4691	30802.8893736
