x	y
1	581.3800000
2	581.3800000
3	581.4900000
4	581.6800000
5	581.8350000
6	582.0500000
7	582.2956410
8	582.5198337
9	582.6580000
10	582.7250000
11	582.7800000
12	582.8748718
13	582.9416667
14	582.9460000
15	582.9762500
16	583.0160577
17	583.0258654
18	583.0356731
19	583.0850000
20	583.1062500
21	583.1101678
22	583.1060000
23	583.1025000
24	583.0702778
25	583.0695798
26	583.0688818
27	583.0150000
28	583.0057143
29	582.9701099
30	582.9575000
31	582.9000000
32	582.8656410
33	582.8612500
34	582.8601603
35	582.8681731
36	582.9268269
37	582.9289423
38	582.9310577
39	582.9734295
40	582.9850000
41	583.0278205
42	583.0300000
43	583.0325000
44	583.0887821
45	583.0962500
46	583.1120833
47	583.1113636
48	583.1100000
49	583.1153846
50	583.1400000
51	583.1353425
52	583.1392308
53	583.1570000
54	583.1462500
55	583.1500442
56	583.1447826
57	583.1492593
58	583.1649912
59	583.1667855
60	583.1657143
61	583.1506250
62	583.1488889
63	583.1475000
64	583.1413333
65	583.1350000
66	583.1366863
67	583.1340741
68	583.1445937
69	583.1542857
70	583.1489474
71	583.1516260
72	583.1518750
73	583.1418182
74	583.1036830
75	583.1080769
76	583.1160000
77	583.1287500
78	583.1362500
79	583.1342105
80	583.1147368
81	583.0952632
82	583.0990000
83	583.1063333
84	583.1136667
85	583.1168421
86	583.1215789
87	583.1204762
88	583.1104151
89	583.1110781
90	583.1025000
91	583.1150000
92	583.1100000
93	583.1088889
94	583.1090476
95	583.1122466
96	583.1104545
97	583.1111111
98	583.0946154
99	583.0904274
100	583.0862393
101	583.0911111
102	583.0860000
103	583.0722564
104	583.0830769
105	583.0788462
106	583.0606410
107	583.0616667
108	583.0600000
109	583.0447619
110	583.0427273
111	583.0400000
112	583.0361905
113	583.0323810
114	583.0096825
115	583.0139130
116	583.0462500
117	583.0330769
118	583.0421429
119	583.0421429
120	583.0400000
121	583.0366944
122	583.0350000
123	583.0040476
124	583.0136364
125	583.0240000
126	583.0200000
127	583.0222727
128	583.0131734
129	583.0149467
130	583.0167200
131	583.0166667
132	583.0252941
133	583.0108942
134	582.9705556
135	582.9690909
136	582.9707143
137	582.9984432
138	582.9964000
139	582.9766667
140	582.9750000
141	582.9750000
142	582.9857143
143	582.9870330
144	582.9883516
145	582.9861538
146	582.9900000
147	582.9909771
148	582.9874844
149	582.9768538
150	582.9775000
151	582.9889103
152	582.9950000
153	582.9950000
154	582.9788462
155	582.9800000
156	583.0015385
157	583.0030000
158	583.0071429
159	583.0137815
160	583.0068182
161	582.9925000
162	582.9984615
163	582.9997505
164	582.9940956
165	582.9807883
166	582.9865385
167	582.9850000
168	582.9800000
169	582.9676923
170	582.9646154
171	582.9660000
172	582.9660000
173	582.9655551
174	582.9650000
175	582.9664286
176	582.9600000
177	582.9600000
178	582.9570000
179	582.9467778
180	582.9511111
181	582.9592723
182	582.9450000
183	582.9550000
184	582.9635863
185	582.9573065
186	582.9519227
187	582.9540000
188	582.9511538
189	582.9516667
190	582.9516528
191	582.9468087
192	582.9460000
193	582.9276410
194	582.9109091
195	582.9121429
196	582.9115705
197	582.9084722
198	582.9053739
199	582.8900000
200	582.8766667
201	582.8824740
202	582.8742308
203	582.8807588
204	582.8792308
205	582.8742857
206	582.8696911
207	582.8768182
208	582.8866317
209	582.8878516
210	582.8890715
211	582.8894444
212	582.8904167
213	582.8700000
214	582.8723077
215	582.8800000
216	582.8800000
217	582.8775000
218	582.8745455
219	582.8608392
220	582.8500233
221	582.8500000
222	582.8448000
223	582.8555556
224	582.8698519
225	582.8689982
226	582.8777596
227	582.8813636
228	582.8878671
229	582.8823077
230	582.9087500
231	582.9107143
232	582.9000000
233	582.8900000
234	582.8730769
235	582.8721429
236	582.8739516
237	582.8707143
238	582.8466484
239	582.8576923
240	582.8561538
241	582.8563636
242	582.8836364
243	582.8670000
244	582.8490000
245	582.8590000
246	582.8672620
247	582.8662500
248	582.8600000
249	582.8583333
250	582.8355128
251	582.8200000
252	582.8025000
253	582.7030000
254	582.6875000
255	582.4999948
256	582.3540000
257	582.1597879
258	582.0380000
259	581.8906154
260	581.7950000
261	581.7200000
262	581.6450000
263	581.6450000
264	581.6442308
265	581.6562500
266	581.8402885
267	581.9500000
268	582.0884615
269	582.2150000
270	582.3383333
271	582.4350000
272	582.5986798
273	582.6300000
274	582.6807692
275	582.6950000
276	582.7050000
277	582.7100000
278	582.7175000
279	582.7247328
280	582.7343750
281	582.7570994
282	582.7600000
283	582.7642857
284	582.7712500
285	582.7877545
286	582.7884615
287	582.8006250
288	582.8045833
289	582.8046076
290	582.8050000
291	582.8006250
292	582.8025000
293	582.8025000
294	582.8014286
295	582.8073333
296	582.8203932
297	582.8150000
298	582.7987838
299	582.8019231
300	582.8073077
301	582.8050000
302	582.7965800
303	582.8012500
304	582.8030000
305	582.7939231
306	582.7958856
307	582.7900000
308	582.7911111
309	582.8055556
310	582.7992308
311	582.7715385
312	582.7752183
313	582.7781818
314	582.7907012
315	582.7869231
316	582.7800000
317	582.7832225
318	582.7742308
319	582.7550000
320	582.7511123
321	582.7647297
322	582.7662500
323	582.7646154
324	582.7752632
325	582.7750000
326	582.7600000
327	582.7437500
328	582.7420000
329	582.7455210
330	582.7450000
331	582.7466667
332	582.7596581
333	582.7494803
334	582.7619231
335	582.7600000
336	582.7350000
337	582.7250000
338	582.7034407
339	582.7044444
340	582.7250000
341	582.7185714
342	582.6979853
343	582.7075000
344	582.7200000
345	582.7350000
346	582.7414103
347	582.7450000
348	582.7430769
349	582.7305263
350	582.7250000
351	582.7093590
352	582.7084719
353	582.7092857
354	582.7205556
355	582.7200156
356	582.7082609
357	582.7000000
358	582.6894444
359	582.6957143
360	582.6897891
361	582.6898448
362	582.6986364
363	582.7109091
364	582.7056522
365	582.6952174
366	582.6950000
367	582.6685897
368	582.6750000
369	582.6828571
370	582.6727473
371	582.6812500
372	582.6884639
373	582.6998694
374	582.6972727
375	582.6970396
376	582.6968065
377	582.6862500
378	582.6880000
379	582.6930000
380	582.6920256
381	582.6933333
382	582.7128205
383	582.7335043
384	582.7390000
385	582.7383333
386	582.7200000
387	582.7158974
388	582.7124740
389	582.7100000
390	582.6946154
391	582.6936364
392	582.7100000
393	582.7078571
394	582.6744139
395	582.6690783
396	582.6769565
397	582.6750000
398	582.6835031
399	582.7057277
400	582.7178067
401	582.7141407
402	582.7104747
403	582.6848972
404	582.6900000
405	582.6894444
406	582.6910915
407	582.6907143
408	582.6635714
409	582.6442857
410	582.6080952
411	582.5863636
412	582.4800000
413	582.3172222
414	582.1881250
415	582.0472596
416	581.8500000
417	581.6600000
418	581.5450000
419	581.3625000
420	581.2336538
421	581.1048077
422	580.9231410
423	580.7900000
424	580.6150000
425	580.4637500
426	580.2935577
427	580.1500000
428	579.9643590
429	579.9025000
430	579.8132143
431	579.8100000
432	579.8537500
433	579.9100000
434	580.4300000
435	580.8250000
436	581.4800000
437	582.2975000
438	583.3000000
439	584.5400000
440	585.7300000
441	587.1450000
442	588.5600000
443	589.9000000
444	591.5200000
445	593.1600000
446	594.7887179
447	596.3393590
448	597.7746795
449	599.1323397
450	600.4900000
451	601.8100000
452	603.0800000
453	604.1500000
454	605.1850000
455	606.2200000
456	606.9400000
457	607.7200000
458	608.5000000
459	609.1500000
460	609.7135897
461	610.1817949
462	610.6500000
463	610.9150000
464	611.3034615
465	611.5931250
466	611.8171955
467	611.9825000
468	612.1454487
469	612.2600000
470	612.3943590
471	612.4450000
472	612.5606410
473	612.5868803
474	612.6131197
475	612.6253118
476	612.6229137
477	612.5882609
478	612.5417280
479	612.4951951
480	612.4550000
481	612.2700000
482	612.0700000
483	611.8372000
484	611.6025000
485	611.2575000
486	610.8737500
487	610.5300000
488	610.0650000
489	609.5898718
490	609.1147436
491	608.6223718
492	608.1411859
493	607.6700000
494	607.2100000
495	606.8035714
496	606.5050000
497	606.2216667
498	606.0702991
499	606.0173219
500	605.9866667
501	606.0240000
502	606.1600000
503	606.4794872
504	606.7989744
505	607.1700000
506	607.4650000
507	608.0234854
508	608.4900000
509	608.9258974
510	609.3478571
511	609.7550000
512	610.1775000
513	610.5550000
514	610.9575000
515	611.2525000
516	611.5400000
517	611.8205128
518	612.0800000
519	612.2250000
520	612.3475000
521	612.5291667
522	612.6845833
523	612.7755016
524	612.8025000
525	612.9028534
526	612.9750000
527	612.9900000
528	613.0371795
529	613.0620000
530	613.1050000
531	613.1128571
532	613.2052381
533	613.2547826
534	613.3050000
535	613.3911905
536	613.4020000
537	613.5395385
538	613.6794737
539	613.7300000
540	613.9750000
541	614.2618182
542	614.3850000
543	614.8825000
544	615.3562500
545	615.8300000
546	616.4000000
547	617.1834783
548	618.0080000
549	618.9405714
550	620.0000000
551	621.1542857
552	622.3100000
553	623.6700000
554	625.0500000
555	626.7800000
556	628.3700000
557	630.2700000
558	631.9400000
559	633.7200000
560	635.5600000
561	637.4700000
562	639.2300000
563	641.1700000
564	642.8200000
565	644.7300000
566	645.9700000
567	647.4900000
568	648.9350000
569	650.3075000
570	651.6800000
571	652.6500000
572	653.6550000
573	654.5175000
574	655.3350000
575	656.1097619
576	656.6350000
577	657.2475000
578	657.7578846
579	658.1589423
580	658.4550000
581	658.7050000
582	658.9716667
583	659.1527273
584	659.2503963
585	659.2845765
586	659.2933681
587	659.2828571
588	659.2250000
589	659.0150000
590	658.7440000
591	658.4900000
592	658.0640000
593	657.6300000
594	657.0600000
595	656.3725000
596	655.6900000
597	654.6820000
598	653.6810000
599	652.6800000
600	651.4354545
601	650.2027273
602	648.9700000
603	647.0500000
604	645.7300000
605	644.0100000
606	642.3300000
607	640.4100000
608	638.5850000
609	636.7600000
610	634.9600000
611	633.2700000
612	631.1600000
613	629.5950000
614	628.0300000
615	626.6900000
616	625.0000000
617	623.7300000
618	622.3700000
619	621.4500000
620	620.4250000
621	619.4000000
622	618.8200000
623	618.1000000
624	617.5750000
625	617.0500000
626	616.2800000
627	616.2072727
628	615.8300000
629	615.5182051
630	615.3114286
631	615.1600000
632	614.9707143
633	614.8292125
634	614.7350000
635	614.6650000
636	614.5150000
637	614.4057143
638	614.3706227
639	614.2722527
640	614.1950000
641	614.1437500
642	614.1275000
643	614.0410714
644	614.0400000
645	613.9720000
646	613.9086154
647	613.8860000
648	613.8220000
649	613.7809091
650	613.7720000
651	613.7414286
652	613.6516000
653	613.6096444
654	613.5920000
655	613.5763636
656	613.5650000
657	613.5150000
658	613.4408333
659	613.4036364
660	613.3950000
661	613.3164286
662	613.2942857
663	613.2808730
664	613.2730769
665	613.1705495
666	613.0900000
667	613.0650000
668	612.9621429
669	612.9140000
670	612.7625000
671	612.5692778
672	612.4107849
673	612.2522920
674	612.0061460
675	611.7700000
676	611.4900000
677	611.1400000
678	610.7383333
679	610.3084211
680	609.9700000
681	609.4257692
682	608.9350000
683	608.4075000
684	607.8860000
685	607.3450000
686	606.8000000
687	606.2700000
688	605.8300000
689	605.5200000
690	605.2000000
691	604.9450000
692	604.8002381
693	604.7500000
694	604.7516177
695	604.7803823
696	605.0032044
697	605.2050000
698	605.5650000
699	605.9275000
700	606.2900000
701	606.8400000
702	607.3875556
703	607.9120000
704	608.3360000
705	608.7600000
706	609.2900000
707	609.7650000
708	610.1775000
709	610.5450000
710	610.9225000
711	611.1900000
712	611.4766667
713	611.7633333
714	611.9720635
715	612.1400000
716	612.2737500
717	612.4418750
718	612.5509091
719	612.6100000
720	612.7109524
721	612.7591667
722	612.7650000
723	612.8690909
724	612.8973893
725	612.9256876
726	612.9033762
727	612.9111216
728	612.9400000
729	612.9382609
730	612.9327536
731	612.9272464
732	612.8775000
733	612.8767857
734	612.8760714
735	612.8080000
736	612.7820000
737	612.7433333
738	612.7125000
739	612.6806250
740	612.6200000
741	612.5909524
742	612.5619048
743	612.5116667
744	612.4857143
745	612.3859200
746	612.3850000
747	612.3438889
748	612.3027778
749	612.2502593
750	612.2500000
751	612.2050000
752	612.1700000
753	612.1171795
754	612.1062500
755	612.0800000
756	611.9500000
757	611.9400000
758	611.9175000
759	611.8512500
760	611.8027976
761	611.7543452
762	611.6728770
763	611.6583333
764	611.6500000
765	611.5750094
766	611.5133333
767	611.4736752
768	611.4712500
769	611.4400000
770	611.4050000
771	611.2919231
772	611.2720696
773	611.2522161
774	611.1900000
775	611.1600000
776	611.0950000
777	610.9700000
778	610.9120000
779	610.7920000
780	610.7050256
781	610.6600000
782	610.6200000
783	610.5000000
784	610.4825000
785	610.3669096
786	610.2675000
787	610.1809091
788	610.1550000
789	609.9778205
790	609.9350000
791	609.7600000
792	609.6366667
793	609.5050427
794	609.3887500
795	609.2493333
796	609.1470000
797	609.0446667
798	608.8825812
799	608.7675000
800	608.6450000
801	608.5021429
802	608.4048168
803	608.3074908
804	608.1088235
805	608.0042745
806	607.9150000
807	607.7650000
808	607.6500000
809	607.4800000
810	607.3950000
811	607.2540000
812	607.1011111
813	606.9640000
814	606.8450000
815	606.7408333
816	606.6140000
817	606.5165714
818	606.4483333
819	606.2884188
820	606.2100000
821	606.0476190
822	605.9409091
823	605.9100000
824	605.8150000
825	605.7250000
826	605.5588095
827	605.4900000
828	605.3917778
829	605.3000000
830	605.2262500
831	605.1325595
832	605.1050000
833	604.9500000
834	604.8566667
835	604.7383333
836	604.6830000
837	604.6340000
838	604.5472727
839	604.4513939
840	604.4260000
841	604.3077778
842	604.2320000
843	604.1292308
844	604.0590000
845	603.9777619
846	603.9028437
847	603.8900000
848	603.8171429
849	603.7480000
850	603.6760000
851	603.5987500
852	603.5840000
853	603.5520000
854	603.4275000
855	603.3600000
856	603.2840000
857	603.2310769
858	603.2200000
859	603.1177778
860	603.0862500
861	603.0407500
862	602.9952500
863	602.9550000
864	602.8160000
865	602.7783333
866	602.7550000
867	602.7200000
868	602.6900000
869	602.6900000
870	602.5923810
871	602.5750000
872	602.5172727
873	602.4950000
874	602.4866667
875	602.4717460
876	602.4568254
877	602.4183333
878	602.4025000
879	602.3727381
880	602.3650000
881	602.3615066
882	602.3650000
883	602.3605882
884	602.3400000
885	602.3342857
886	602.3441758
887	602.3537500
888	602.3691071
889	602.4143178
890	602.4120860
891	602.4166667
892	602.4400000
893	602.4870168
894	602.4929412
895	602.5000000
896	602.5671429
897	602.5712500
898	602.6350000
899	602.7378205
900	602.7460000
901	602.7800000
902	602.8450000
903	602.9411538
904	602.9873684
905	603.0514286
906	603.1195238
907	603.1350000
908	603.2307143
909	603.2700000
910	603.3793333
911	603.4620000
912	603.5000000
913	603.5700000
914	603.6623077
915	603.6950000
916	603.8350000
917	603.8450000
918	603.9647436
919	604.0844872
920	604.1912735
921	604.2861905
922	604.4066789
923	604.4225000
924	604.5670238
925	604.6866667
926	604.7100000
927	604.8654545
928	604.9912500
929	605.1100000
930	605.1850000
931	605.3201282
932	605.4419475
933	605.5150000
934	605.6350000
935	605.7150000
936	605.8860256
937	605.9840000
938	606.1250000
939	606.2689917
940	606.3400000
941	606.5133333
942	606.6506667
943	606.6550000
944	606.8300000
945	607.0261905
946	607.1150000
947	607.2818182
948	607.4272727
949	607.4350000
950	607.6521429
951	607.7650000
952	607.9300000
953	608.0965846
954	608.1937500
955	608.3597479
956	608.5138888
957	608.6175000
958	608.7250000
959	608.8878571
960	608.9850000
961	609.1602381
962	609.2925000
963	609.4100000
964	609.5550000
965	609.6300000
966	609.7980952
967	609.9450000
968	610.1016667
969	610.2362500
970	610.3591667
971	610.4600000
972	610.5150000
973	610.5950000
974	610.8000000
975	610.9810256
976	611.1344056
977	611.2483333
978	611.3800000
979	611.4900000
980	611.6176190
981	611.7452381
982	611.8662500
983	611.9920833
984	612.0740000
985	612.1941905
986	612.3600000
987	612.5133333
988	612.5850000
989	612.6765385
990	612.7100000
991	612.8600000
992	613.0476190
993	613.1475000
994	613.2000000
995	613.2814286
996	613.3950000
997	613.5250000
998	613.6216667
999	613.7550000
1000	613.8550000
1001	613.9323950
1002	614.0147479
1003	614.1200000
1004	614.2111111
1005	614.2560000
1006	614.3358095
1007	614.4156190
1008	614.5199683
1009	614.6243175
1010	614.7200106
1011	614.7487500
1012	614.8450000
1013	614.9050000
1014	615.0178571
1015	615.0964706
1016	615.1863866
1017	615.2445098
1018	615.3026331
1019	615.3475000
1020	615.4350000
1021	615.4957143
1022	615.5775000
1023	615.5900000
1024	615.5950000
1025	615.7008974
1026	615.7940000
1027	615.9227619
1028	615.9637778
1029	616.0047937
1030	616.0335294
1031	616.0500000
1032	616.1050000
1033	616.2000000
1034	616.2000000
1035	616.2742857
1036	616.3485714
1037	616.3783333
1038	616.4016667
1039	616.4200000
1040	616.4750000
1041	616.5859524
1042	616.6196032
1043	616.6532540
1044	616.7129894
1045	616.7400000
1046	616.7450000
1047	616.8050000
1048	616.8437500
1049	616.8869643
1050	616.8923529
1051	616.9600000
1052	616.9658824
1053	616.9826891
1054	616.9900000
1055	617.0275000
1056	617.0683333
1057	617.1330342
1058	617.1420000
1059	617.1500000
1060	617.1700000
1061	617.2280952
1062	617.2411765
1063	617.2450000
1064	617.2950000
1065	617.3037500
1066	617.3633013
1067	617.3752399
1068	617.3788235
1069	617.3818201
1070	617.3857143
1071	617.3861905
1072	617.3866667
1073	617.4050000
1074	617.4050000
1075	617.4216667
1076	617.4891270
1077	617.4811765
1078	617.4546779
1079	617.4557692
1080	617.4741667
1081	617.4753846
1082	617.4774725
1083	617.4845000
1084	617.4853095
1085	617.4858824
1086	617.4763375
1087	617.4636625
1088	617.4600000
1089	617.4614286
1090	617.4664886
1091	617.4635000
1092	617.4425952
1093	617.4429167
1094	617.4425000
1095	617.4415789
1096	617.4383333
1097	617.3927273
1098	617.3770000
1099	617.3745455
1100	617.3516667
1101	617.3457937
1102	617.3399206
1103	617.3250000
1104	617.2597619
1105	617.2400000
1106	617.2392857
1107	617.2092857
1108	617.1940476
1109	617.1828571
1110	617.1564286
1111	617.1000000
1112	617.0950000
1113	617.0492857
1114	617.0150000
1115	616.9511905
1116	616.9150000
1117	616.8821429
1118	616.8616667
1119	616.8321429
1120	616.7626190
1121	616.7451587
1122	616.7276984
1123	616.6800000
1124	616.5871429
1125	616.5850000
1126	616.5426190
1127	616.5002381
1128	616.4687500
1129	616.3572756
1130	616.3300000
1131	616.2416667
1132	616.2019841
1133	616.1623016
1134	616.0917196
1135	616.0366667
1136	615.9569841
1137	615.8924403
1138	615.8850000
1139	615.7759524
1140	615.7142857
1141	615.6323810
1142	615.5966667
1143	615.5200000
1144	615.4476190
1145	615.4283333
1146	615.3400000
1147	615.2210256
1148	615.1020513
1149	615.0700000
1150	615.0150000
1151	614.8973810
1152	614.7797619
1153	614.7750000
1154	614.6766667
1155	614.5100000
1156	614.4550000
1157	614.3483333
1158	614.2400000
1159	614.1550000
1160	614.0275000
1161	613.9300000
1162	613.8550000
1163	613.7021429
1164	613.5695000
1165	613.4579286
1166	613.3850000
1167	613.2137500
1168	613.0736310
1169	613.0500000
1170	612.9500000
1171	612.7371429
1172	612.5962500
1173	612.4287500
1174	612.3800000
1175	612.1404762
1176	612.0383333
1177	611.8550000
1178	611.6740000
1179	611.4950000
1180	611.2840476
1181	611.1600000
1182	610.9495238
1183	610.8200000
1184	610.5976190
1185	610.3804167
1186	610.2049008
1187	610.0487500
1188	609.8078571
1189	609.6097985
1190	609.4200000
1191	609.2133333
1192	608.9409524
1193	608.7285226
1194	608.5160928
1195	608.3037500
1196	607.9993452
1197	607.7453086
1198	607.5212500
1199	607.2236364
1200	606.9193074
1201	606.7000000
1202	606.4350000
1203	606.1500000
1204	605.9050000
1205	605.5702381
1206	605.2354762
1207	604.9066667
1208	604.5679365
1209	604.3450000
1210	604.0035714
1211	603.6742857
1212	603.4050000
1213	603.0500000
1214	602.6633333
1215	602.2841667
1216	601.9416667
1217	601.5837500
1218	601.2262500
1219	600.8555267
1220	600.5116667
1221	600.1158333
1222	599.7660000
1223	599.3730000
1224	599.0050000
1225	598.7550000
1226	598.3100000
1227	597.8423810
1228	597.4428571
1229	597.0764286
1230	596.7100000
1231	596.2400000
1232	595.8137500
1233	595.4112500
1234	595.0316667
1235	594.6426190
1236	594.2050000
1237	593.8250000
1238	593.4075000
1239	593.0189946
1240	592.6281483
1241	592.1484304
1242	591.7200000
1243	591.3291667
1244	590.9379762
1245	590.5726587
1246	590.2650000
1247	589.7575000
1248	589.3750000
1249	588.9225000
1250	588.4894048
1251	588.1298016
1252	587.8450000
1253	587.4300000
1254	587.0350000
1255	586.6200000
1256	586.2683333
1257	585.8861111
1258	585.5074977
1259	585.1637488
1260	584.8200000
1261	584.4750000
1262	584.0878571
1263	583.7239286
1264	583.3816667
1265	583.0510317
1266	582.7966667
1267	582.4266667
1268	582.1500000
1269	581.7800000
1270	581.4750000
1271	581.1405162
1272	580.9050000
1273	580.6100000
1274	580.3085714
1275	580.0071429
1276	579.7333333
1277	579.5000000
1278	579.2042857
1279	578.9300000
1280	578.6806002
1281	578.4387500
1282	578.1631768
1283	577.9750000
1284	577.7816667
1285	577.6150000
1286	577.3364286
1287	577.0950000
1288	576.9066667
1289	576.7119048
1290	576.4750000
1291	576.3011905
1292	576.1466667
1293	576.0500000
1294	575.8309524
1295	575.6966667
1296	575.4922222
1297	575.3400000
1298	575.1428031
1299	575.0550000
1300	574.8930952
1301	574.7778852
1302	574.7266667
1303	574.5184127
1304	574.4180423
1305	574.3176720
1306	574.1754145
1307	574.0825000
1308	574.0300000
1309	573.9069231
1310	573.7783333
1311	573.7183333
1312	573.6130769
1313	573.5816667
1314	573.5100000
1315	573.3912500
1316	573.3800000
1317	573.2428571
1318	573.1623810
1319	573.1300000
1320	573.1233333
1321	573.0406349
1322	573.0050000
1323	572.9100000
1324	572.8561905
1325	572.8500000
1326	572.7750180
1327	572.7400000
1328	572.6771429
1329	572.6520000
1330	572.6173333
1331	572.5964286
1332	572.5650000
1333	572.5500000
1334	572.5195238
1335	572.4890476
1336	572.4850000
1337	572.4375641
1338	572.4065217
1339	572.3950000
1340	572.3450000
1341	572.3316667
1342	572.3262589
1343	572.3089474
1344	572.2883333
1345	572.2732540
1346	572.2723529
1347	572.2391667
1348	572.2362500
1349	572.2300000
1350	572.2300000
1351	572.2307692
1352	572.2350000
1353	572.2340000
1354	572.2380000
1355	572.2420000
1356	572.2380384
1357	572.2445000
1358	572.2401207
1359	572.2410526
1360	572.2807143
1361	572.3088095
1362	572.3275519
1363	572.3381818
1364	572.3711515
1365	572.3951457
1366	572.4100000
1367	572.4150000
1368	572.5307143
1369	572.5797619
1370	572.6288095
1371	572.6700000
1372	572.6850000
1373	572.7250000
1374	572.8600000
1375	572.9719048
1376	573.0233333
1377	573.1553968
1378	573.2100000
1379	573.3345455
1380	573.4405628
1381	573.5401876
1382	573.6398124
1383	573.7816667
1384	573.8583333
1385	574.1089683
1386	574.3063228
1387	574.4200000
1388	574.6200000
1389	574.8287395
1390	574.9800000
1391	575.2214286
1392	575.3550000
1393	575.6150000
1394	575.8680952
1395	576.0617460
1396	576.1850000
1397	576.4241667
1398	576.5900000
1399	576.8109524
1400	576.9150000
1401	577.0654762
1402	577.2019231
1403	577.2800000
1404	577.4050000
1405	577.5350000
1406	577.6483204
1407	577.7150000
1408	577.8502381
1409	577.8550000
1410	577.8650000
1411	577.9450000
1412	578.0250000
1413	578.0759586
1414	578.0800000
1415	578.1825000
1416	578.1879444
1417	578.1933889
1418	578.2000000
1419	578.2914286
1420	578.3325275
1421	578.3668421
1422	578.3700000
1423	578.3885714
1424	578.4770794
1425	578.4883333
1426	578.5150000
1427	578.5393750
1428	578.6075000
1429	578.6100556
1430	578.6126111
1431	578.6360000
1432	578.6668571
1433	578.6691667
1434	578.6950000
1435	578.7193590
1436	578.7437179
1437	578.7475000
1438	578.8110714
1439	578.8178571
1440	578.8310806
1441	578.8385714
1442	578.8586349
1443	578.8595000
1444	578.8913043
1445	578.9090909
1446	578.9189474
1447	578.9321591
1448	578.9548333
1449	578.9611349
1450	578.9674365
1451	578.9716667
1452	578.9724635
1453	578.9718407
1454	578.9703846
1455	578.9850000
1456	579.0130952
1457	579.0212500
1458	579.0294344
1459	579.0336305
1460	579.0326316
1461	579.0336923
1462	579.0350000
1463	579.0436364
1464	579.0645455
1465	579.0650000
1466	579.0688462
1467	579.0800000
1468	579.0850000
1469	579.1074074
1470	579.1055556
1471	579.1060870
1472	579.1143478
1473	579.1252814
1474	579.1255908
1475	579.1429807
1476	579.1686859
1477	579.1544359
1478	579.1526667
1479	579.1532143
1480	579.1610714
1481	579.1682971
1482	579.1775000
1483	579.1772059
1484	579.1809524
1485	579.2117460
1486	579.2167725
1487	579.2193333
1488	579.2156522
1489	579.2100000
1490	579.2116667
1491	579.2237037
1492	579.2596154
1493	579.2573913
1494	579.2620000
1495	579.2650000
1496	579.2700000
1497	579.2724138
1498	579.2736617
1499	579.2749097
1500	579.2752632
1501	579.2790909
1502	579.2816866
1503	579.2912500
1504	579.3078526
1505	579.2984000
1506	579.2971429
1507	579.2984034
1508	579.3178261
1509	579.3217320
1510	579.3230769
1511	579.3378947
1512	579.3606767
1513	579.3570588
1514	579.3550000
1515	579.3563636
1516	579.3603263
1517	579.3604348
1518	579.3582609
1519	579.3516538
1520	579.3526316
1521	579.3800000
1522	579.3827273
1523	579.3915000
1524	579.3690659
1525	579.3854167
1526	579.3871364
1527	579.3858333
1528	579.3885185
1529	579.4005000
1530	579.4148846
1531	579.4282344
1532	579.3935256
1533	579.3935294
1534	579.4526050
1535	579.4507969
1536	579.4427631
1537	579.4372727
1538	579.4383333
1539	579.4380769
1540	579.4384615
1541	579.4361538
1542	579.4259402
1543	579.4286364
1544	579.4818186
1545	579.4816000
1546	579.4578872
1547	579.4636364
1548	579.4848019
1549	579.4920000
1550	579.4900000
1551	579.4877131
1552	579.4875000
1553	579.4825000
1554	579.4837500
1555	579.4858333
1556	579.4825926
1557	579.4844000
1558	579.4900000
1559	579.4931111
1560	579.4962222
1561	579.5006455
1562	579.5011765
1563	579.5393665
1564	579.5531222
1565	579.5636364
1566	579.5835931
1567	579.5716667
1568	579.5582479
1569	579.5600000
1570	579.5600000
1571	579.5600000
1572	579.5581453
1573	579.5600000
1574	579.5714286
1575	579.5714286
1576	579.5763158
1577	579.5752174
1578	579.5759259
1579	579.5928571
1580	579.5949280
1581	579.5954167
1582	579.6100000
1583	579.6204061
1584	579.6111111
1585	579.6081999
1586	579.6142011
1587	579.6218182
1588	579.6283663
1589	579.6310526
1590	579.6314286
1591	579.6338462
1592	579.6408333
1593	579.6583333
1594	579.6621429
1595	579.6635714
1596	579.6650000
1597	579.6592857
1598	579.6550000
1599	579.6664706
1600	579.6688235
1601	579.6682353
1602	579.6700000
1603	579.6702689
1604	579.6705000
1605	579.6725476
1606	579.6745952
1607	579.6896270
1608	579.6900000
1609	579.6892857
1610	579.6968307
1611	579.6975530
1612	579.6929167
1613	579.6950000
1614	579.6964706
1615	579.6969231
1616	579.7060714
1617	579.7169298
1618	579.7163636
1619	579.7185714
1620	579.7307143
1621	579.7214046
1622	579.7216667
1623	579.7291667
1624	579.7458333
1625	579.7311765
1626	579.7287500
1627	579.7337500
1628	579.7641667
1629	579.7616667
1630	579.7335714
1631	579.7329412
1632	579.7332000
1633	579.7444000
1634	579.7460000
1635	579.7461538
1636	579.7506227
1637	579.7550916
1638	579.7845543
1639	579.7839550
1640	579.7890106
1641	579.7835714
1642	579.7835714
1643	579.7835714
1644	579.8002461
1645	579.7972727
1646	579.7920000
1647	579.7950000
1648	579.7892737
1649	579.7889286
1650	579.7935000
1651	579.7983333
1652	579.7985714
1653	579.7975000
1654	579.8000000
1655	579.8235294
1656	579.8228571
1657	579.8023810
1658	579.8096154
1659	579.8037500
1660	579.8070147
1661	579.8172710
1662	579.8100000
1663	579.8111765
1664	579.8125000
1665	579.8141667
1666	579.8150000
1667	579.8128211
1668	579.8135714
1669	579.8350000
1670	579.8323529
1671	579.8207143
1672	579.8135714
1673	579.8118067
1674	579.8039076
1675	579.8055000
1676	579.8066345
1677	579.8050000
1678	579.8007407
1679	579.7977778
1680	579.8073901
1681	579.8129834
1682	579.8088462
1683	579.8083142
1684	579.8134783
1685	579.8150000
1686	579.8221429
1687	579.8083333
1688	579.8153922
1689	579.8165217
1690	579.8172727
1691	579.8367100
1692	579.8474747
1693	579.8472000
1694	579.8400000
1695	579.8426923
1696	579.8550000
1697	579.8711538
1698	579.8687500
1699	579.8653917
1700	579.8710000
1701	579.8742857
1702	579.8800000
1703	579.8875000
1704	579.8953846
1705	579.8976471
1706	579.8994118
1707	579.9037500
1708	579.9050735
1709	579.9146429
1710	579.9160000
1711	579.9150058
1712	579.9047826
1713	579.8936842
1714	579.8859900
1715	579.8885185
1716	579.8900000
1717	579.9083333
1718	579.9230000
1719	579.9208333
1720	579.9138462
1721	579.8827020
1722	579.8845000
1723	579.9067381
1724	579.9092951
1725	579.9147826
1726	579.9046527
1727	579.9046429
1728	579.9058333
1729	579.9070238
1730	579.9232937
1731	579.9061448
1732	579.8986883
1733	579.8949915
1734	579.8941484
1735	579.8970000
1736	579.8980769
1737	579.9016667
1738	579.9062500
1739	579.9054545
1740	579.9073913
1741	579.9150000
1742	579.9183333
1743	579.9183333
1744	579.9197919
1745	579.9050000
1746	579.9124000
1747	579.9152667
1748	579.9184222
1749	579.9189979
1750	579.9195735
1751	579.9364286
1752	579.9362500
1753	579.9237500
1754	579.9235714
1755	579.9230000
1756	579.9236842
1757	579.9300000
1758	579.9315486
1759	579.9323529
1760	579.9288235
1761	579.9262745
1762	579.9507143
1763	579.9444444
1764	579.9402553
1765	579.9559343
1766	579.9538829
1767	579.9518314
1768	579.9535294
1769	579.9478571
1770	579.9383333
1771	579.9362500
1772	579.9350000
1773	579.9389286
1774	579.9410714
1775	579.9432143
1776	579.9420000
1777	579.9416667
1778	579.9452941
1779	579.9485471
1780	579.9487180
1781	579.9463636
1782	579.9450000
1783	579.9345455
1784	579.9153247
1785	579.9205882
1786	579.9201004
1787	579.9210526
1788	579.9211749
1789	579.9250000
1790	579.9300000
1791	579.9263158
1792	579.9488235
1793	579.9625000
1794	579.9652945
1795	579.9640000
1796	579.9580769
1797	579.9583333
1798	579.9611965
1799	579.9626325
1800	579.9587961
1801	579.9483333
1802	579.9542857
1803	579.9485774
1804	579.9491491
1805	579.9410000
1806	579.9403878
1807	579.9410000
1808	579.9400000
1809	579.9336364
1810	579.9350000
1811	579.9350000
1812	579.9337500
1813	579.9139423
1814	579.9050000
1815	579.9257143
1816	579.9233333
1817	579.9233333
1818	579.9300000
1819	579.9300000
1820	579.9238095
1821	579.9243677
1822	579.9378571
1823	579.9373077
1824	579.9383333
1825	579.9214286
1826	579.9057895
1827	579.9082609
1828	579.9034615
1829	579.9066667
1830	579.9100000
1831	579.9072727
1832	579.8941558
1833	579.8950000
1834	579.9151976
1835	579.9130769
1836	579.9137500
1837	579.9152632
1838	579.9162500
1839	579.9200000
1840	579.9260083
1841	579.9285714
1842	579.9322756
1843	579.9337500
1844	579.9216667
1845	579.9193750
1846	579.9200000
1847	579.9412790
1848	579.9422222
1849	579.9435475
1850	579.9438889
1851	579.9460000
1852	579.9381985
1853	579.9400000
1854	579.9376190
1855	579.9170930
1856	579.9319231
1857	579.9492308
1858	579.9492308
1859	579.9492308
1860	579.9500000
1861	579.9438095
1862	579.9422222
1863	579.9406349
1864	579.9300000
1865	579.9050000
1866	579.9084934
1867	579.9066407
1868	579.9140000
1869	579.9250000
1870	579.9318750
1871	579.9396000
1872	579.9353564
1873	579.9354545
1874	579.9300000
1875	579.9300000
1876	579.9303846
1877	579.9380000
1878	579.9478571
1879	579.9445227
1880	579.9415076
1881	579.9400000
1882	579.9414815
1883	579.9405263
1884	579.9426923
1885	579.9714286
1886	579.9707692
1887	579.9370588
1888	579.9257143
1889	579.9150000
1890	579.9168750
1891	579.9389583
1892	579.9353571
1893	579.9350000
1894	579.9134583
1895	579.9151852
1896	579.9160141
1897	579.9168430
1898	579.9278571
1899	579.9283333
1900	579.9294118
1901	579.9249880
1902	579.9242268
1903	579.9234655
1904	579.9235714
1905	579.9250000
1906	579.9308372
1907	579.9120199
1908	579.9200000
1909	579.9438095
1910	579.9669231
1911	579.9626852
1912	579.9628571
1913	579.9633333
1914	579.9633333
1915	579.9600000
1916	579.9452381
1917	579.9390616
1918	579.9250000
1919	579.9275000
1920	579.9264286
1921	579.9326316
1922	579.9253691
1923	579.9266667
1924	579.9300000
1925	579.9300000
1926	579.9440362
1927	579.9188095
1928	579.9164286
1929	579.9162963
1930	579.9049559
1931	579.9153571
1932	579.9189474
1933	579.9161321
1934	579.9178947
1935	579.9455556
1936	579.9481250
1937	579.9475000
1938	579.9253571
1939	579.9296429
1940	579.9350000
1941	579.9378571
1942	579.9350000
1943	579.9133333
1944	579.8988916
1945	579.8981948
1946	579.8992949
1947	579.9145513
1948	579.9148183
1949	579.9325000
1950	579.9271667
1951	579.9308985
1952	579.9280769
1953	579.9250000
1954	579.8968182
1955	579.9013636
1956	579.9008333
1957	579.8963889
1958	579.9004167
1959	579.9129167
1960	579.9217415
1961	579.9200000
1962	579.9282051
1963	579.9276923
1964	579.9280921
1965	579.9266667
1966	579.9269565
1967	579.9515439
1968	579.9350000
1969	579.9000000
1970	579.8968750
1971	579.8950000
1972	579.8950000
1973	579.9044872
1974	579.9105556
1975	579.9388836
1976	579.9401407
1977	579.9400469
1978	579.9399531
1979	579.9395082
1980	579.9390633
1981	579.9173068
1982	579.9180000
1983	579.9189231
1984	579.9418632
1985	579.9327273
1986	579.9266667
1987	579.9207143
1988	579.9211173
1989	579.9194737
1990	579.9200000
1991	579.9210000
1992	579.9191667
1993	579.9025794
1994	579.8868421
1995	579.8906548
1996	579.8950000
1997	579.8954331
1998	579.8845455
1999	579.8850000
2000	579.8933333
2001	579.8993750
2002	579.9014286
2003	579.9038462
2004	579.9232967
2005	579.9189286
2006	579.9175000
2007	579.8986905
2008	579.8991667
2009	579.9207479
2010	579.9423291
2011	579.9289286
2012	579.8950000
2013	579.8862500
2014	579.8845455
2015	579.8854545
2016	579.8932468
2017	579.8894118
2018	579.8800000
2019	579.8742857
2020	579.8753571
2021	579.8694118
2022	579.8815385
2023	579.8814286
2024	579.8750000
2025	579.8783333
2026	579.9018254
2027	579.8766667
2028	579.8842857
2029	579.8919048
2030	579.8966667
2031	579.9098413
2032	579.9100000
2033	579.9055000
2034	579.9060870
2035	579.9037500
2036	579.9018750
2037	579.9029121
2038	579.9050000
2039	579.9050000
2040	579.9050000
2041	579.9083333
2042	579.9103501
2043	579.9079605
2044	579.9152473
2045	579.9154564
2046	579.9126923
2047	579.9142308
2048	579.9137141
2049	579.9088235
2050	579.8966667
2051	579.8958333
2052	579.8900397
2053	579.8915789
2054	579.9100000
2055	579.9190000
2056	579.9095455
2057	579.9312772
2058	579.9292000
2059	579.9322727
2060	579.9257215
2061	579.9198559
2062	579.9139903
2063	579.9150000
2064	579.9172879
2065	579.9170000
2066	579.9100000
2067	579.9124000
2068	579.9541333
2069	579.9527273
2070	579.9300000
2071	579.9331916
2072	579.9320000
2073	579.9275411
2074	579.9277179
2075	579.9212500
2076	579.9175000
2077	579.9189137
2078	579.9061111
2079	579.9106667
2080	579.9280000
2081	579.9126087
2082	579.9090000
2083	579.9115000
2084	579.9332311
2085	579.9331090
2086	579.9085577
2087	579.8880000
2088	579.8842051
2089	579.8911538
2090	579.8757143
2091	579.8705556
2092	579.8725000
2093	579.8892857
2094	579.8920000
2095	579.9000000
2096	579.9000000
2097	579.8913043
2098	579.8880538
2099	579.8881818
2100	579.9000000
2101	579.9050000
2102	579.9048000
2103	579.9054545
2104	579.9128571
2105	579.9104750
2106	579.8843386
2107	579.8984211
2108	579.9020000
2109	579.9028571
2110	579.9203968
2111	579.9000000
2112	579.9007692
2113	579.9050000
2114	579.9087500
2115	579.9079167
2116	579.9316000
2117	579.9280957
2118	579.9286957
2119	579.9400000
2120	579.9385714
2121	579.9377273
2122	579.9366783
2123	579.9361538
2124	579.8998291
2125	579.8966667
2126	579.8975000
2127	579.8986111
2128	579.8997222
2129	579.9323077
2130	579.9600000
2131	579.9625641
2132	579.9651282
2133	579.9636364
2134	579.9573232
2135	579.9536842
2136	579.9542857
2137	579.9587500
2138	579.9581429
2139	579.9516783
2140	579.9564286
2141	579.9545000
2142	579.9541667
2143	579.9530386
2144	579.9520385
2145	579.9510384
2146	579.9358906
2147	579.9403571
2148	579.9441667
2149	579.9562607
2150	579.9540000
2151	579.9508571
2152	579.9477143
2153	579.9440000
2154	579.9415385
2155	579.9649556
2156	579.9561667
2157	579.9540000
2158	579.9400000
2159	579.9208889
2160	579.9030900
2161	579.9043478
2162	579.9012500
2163	579.8783333
2164	579.8320000
2165	579.7728889
2166	579.7675000
2167	579.6605952
2168	579.6450000
2169	579.4697619
2170	579.3650000
2171	579.1492857
2172	578.9658333
2173	578.8200000
2174	578.5150000
2175	578.2860000
2176	578.0178974
2177	577.8100000
2178	577.5900000
2179	577.4428571
2180	577.3594139
2181	577.3596000
2182	577.4389714
2183	577.6400000
2184	578.0612500
2185	578.6830357
2186	579.2550000
2187	580.2820000
2188	581.3575000
2189	582.6110000
2190	583.9550000
2191	585.3475000
2192	586.7400000
2193	588.4960000
2194	590.1130000
2195	591.6865000
2196	593.2236000
2197	594.7868000
2198	596.2384000
2199	597.6742000
2200	599.1100000
2201	600.2950000
2202	601.4725000
2203	602.5612500
2204	603.4806250
2205	604.3203125
2206	605.0701563
2207	605.7895393
2208	606.5400000
2209	606.8400000
2210	607.3208889
2211	607.6904444
2212	607.9450000
2213	608.2125000
2214	608.4120000
2215	608.5829744
2216	608.7270000
2217	608.7875000
2218	608.8337821
2219	608.8410031
2220	608.8422348
2221	608.7466667
2222	608.6300000
2223	608.4500000
2224	608.1972727
2225	607.9500000
2226	607.6900000
2227	607.3250000
2228	606.9000000
2229	606.3500000
2230	605.7800000
2231	605.1900000
2232	604.4700000
2233	603.7000000
2234	603.0000000
2235	602.2200000
2236	601.4750000
2237	600.7300000
2238	600.0750000
2239	599.3825000
2240	598.8062500
2241	598.2981250
2242	597.8504861
2243	597.5786469
2244	597.4616002
2245	597.3959932
2246	597.4207407
2247	597.5484900
2248	597.7350000
2249	598.1150000
2250	598.5800000
2251	599.0325000
2252	599.5185714
2253	600.1078571
2254	600.6397619
2255	601.1578947
2256	601.6492982
2257	602.1100000
2258	602.5300000
2259	602.9269231
2260	603.2684615
2261	603.5450000
2262	603.8250000
2263	604.0375000
2264	604.2350000
2265	604.3250000
2266	604.4731818
2267	604.4800000
2268	604.5650000
2269	604.5788095
2270	604.5795238
2271	604.5671429
2272	604.4766667
2273	604.4050000
2274	604.3226923
2275	604.2350000
2276	604.0516667
2277	603.8897170
2278	603.7300000
2279	603.4750000
2280	603.2628571
2281	603.0600000
2282	602.8266667
2283	602.4107937
2284	602.0602646
2285	601.7475000
2286	601.5100000
2287	601.1147619
2288	600.7687535
2289	600.5680000
2290	600.1917143
2291	599.9400000
2292	599.7395238
2293	599.5900977
2294	599.5800000
2295	599.5600000
2296	599.5645000
2297	599.7386429
2298	599.9127857
2299	600.2150000
2300	600.5407143
2301	601.0335714
2302	601.5264286
2303	602.0766667
2304	602.7036508
2305	603.2568254
2306	603.8100000
2307	604.4600000
2308	605.1083333
2309	605.6350000
2310	606.2100000
2311	606.7500000
2312	607.1600000
2313	607.5700000
2314	607.9700000
2315	608.3300000
2316	608.6747619
2317	608.8833333
2318	609.1582540
2319	609.3565608
2320	609.5310046
2321	609.6408091
2322	609.6950000
2323	609.7400000
2324	609.8150000
2325	609.8725000
2326	609.8690000
2327	609.8625000
2328	609.8160000
2329	609.7477143
2330	609.7300000
2331	609.5757143
2332	609.4900000
2333	609.2660000
2334	609.0539048
2335	608.8535714
2336	608.6416667
2337	608.2200000
2338	607.4100000
2339	606.2800000
2340	605.0000000
2341	604.3900000
2342	603.3000000
2343	602.4900000
2344	601.6800000
2345	600.6750000
2346	599.6700000
2347	598.8900000
2348	598.0150000
2349	597.1400000
2350	596.4200000
2351	595.6282051
2352	595.0141026
2353	594.4570513
2354	593.9800000
2355	593.6523810
2356	593.4531746
2357	593.3782011
2358	593.4200000
2359	593.6140000
2360	593.9340000
2361	594.3152308
2362	594.8300000
2363	595.4479487
2364	596.0658974
2365	596.7300000
2366	597.4600000
2367	598.1000000
2368	598.7850000
2369	599.4700000
2370	600.1100000
2371	600.7187179
2372	601.2529060
2373	601.6600000
2374	602.1125000
2375	602.4662500
2376	602.7633333
2377	603.1650000
2378	603.4825000
2379	603.6900000
2380	603.9192308
2381	603.9900000
2382	604.0225000
2383	604.1560135
2384	604.1661538
2385	604.1616667
2386	604.1600000
2387	604.1171429
2388	604.0557143
2389	603.9750000
2390	603.8850000
2391	603.8300000
2392	603.6161905
2393	603.5100000
2394	603.3200000
2395	603.2850000
2396	603.0400000
2397	602.8212121
2398	602.6477778
2399	602.4800000
2400	602.3100000
2401	602.0680000
2402	601.9450000
2403	601.6950000
2404	601.4850000
2405	601.2859524
2406	601.1063636
2407	600.8731818
2408	600.7600000
2409	600.6276923
2410	600.4986364
2411	600.4350000
2412	600.3871429
2413	600.3876490
2414	600.4050000
2415	600.5866667
2416	600.7850000
2417	601.0800000
2418	601.4875000
2419	601.8800000
2420	602.6100000
2421	603.4300000
2422	604.3750000
2423	605.3662500
2424	606.5200000
2425	607.8200000
2426	609.1100000
2427	610.9400000
2428	612.7100000
2429	614.4400000
2430	616.3300000
2431	618.5500000
2432	620.5700000
2433	622.6700000
2434	624.9100000
2435	627.0600000
2436	629.3000000
2437	631.4600000
2438	633.5500000
2439	635.5000000
2440	637.6100000
2441	639.2600000
2442	640.9400000
2443	642.4800000
2444	643.5000000
2445	644.5200000
2446	645.7985714
2447	647.4100000
2448	649.0800000
2449	650.2100000
2450	651.1700000
2451	651.9900000
2452	652.8100000
2453	653.1550000
2454	653.5433333
2455	653.8816667
2456	654.1650000
2457	654.3440476
2458	654.5000000
2459	654.5550000
2460	654.5964286
2461	654.6200000
2462	654.6191667
2463	654.6150000
2464	654.4964286
2465	654.3800000
2466	654.1900000
2467	653.9135714
2468	653.6283333
2469	653.2400000
2470	652.9600000
2471	652.4533333
2472	651.9663158
2473	651.4925000
2474	650.9512500
2475	650.3800000
2476	649.6300000
2477	648.7850000
2478	647.9400000
2479	647.0500000
2480	645.9300000
2481	644.9700000
2482	643.6872727
2483	642.3700000
2484	640.8300000
2485	639.1800000
2486	637.8400000
2487	636.4500000
2488	634.6500000
2489	632.8500000
2490	631.4100000
2491	629.5700000
2492	627.7700000
2493	626.1500000
2494	624.7700000
2495	623.2500000
2496	621.8300000
2497	620.6850000
2498	619.7175000
2499	618.8239286
2500	618.2619643
2501	617.8109821
2502	617.5457120
2503	617.5085707
2504	617.5950000
2505	617.8750000
2506	618.4429167
2507	619.0700000
2508	619.7500000
2509	620.8500000
2510	621.7500000
2511	622.8700000
2512	623.9850000
2513	625.1000000
2514	626.2480000
2515	627.3639834
2516	628.4369917
2517	629.3834958
2518	630.3300000
2519	631.4000000
2520	632.0100000
2521	632.7400000
2522	633.2700000
2523	633.8650000
2524	634.3975000
2525	634.8150000
2526	635.1075000
2527	635.3327564
2528	635.4550000
2529	635.5070513
2530	635.5584615
2531	635.5530000
2532	635.4181795
2533	635.2833590
2534	635.0900000
2535	634.9000000
2536	634.5517949
2537	634.3750000
2538	633.8976923
2539	633.4738462
2540	633.0725000
2541	632.5749359
2542	632.2000000
2543	631.6925000
2544	631.1825000
2545	630.6446154
2546	630.0473077
2547	629.4836538
2548	628.9509091
2549	628.3750000
2550	627.7300000
2551	627.0150000
2552	626.3025000
2553	625.6000000
2554	624.8485714
2555	624.0792857
2556	623.3500000
2557	622.5100000
2558	621.5150000
2559	620.5725000
2560	619.6300000
2561	618.6500000
2562	617.6550000
2563	616.7175000
2564	615.7800000
2565	614.6700000
2566	613.5900000
2567	612.5000000
2568	611.6300000
2569	610.4100000
2570	609.7800000
2571	608.8700000
2572	608.1500000
2573	607.4400000
2574	606.8200000
2575	606.3150000
2576	605.9325000
2577	605.6689286
2578	605.4442707
2579	605.3383333
2580	605.3375000
2581	605.3416667
2582	605.4625000
2583	605.6366667
2584	605.9233333
2585	606.2100000
2586	606.5814286
2587	606.8825000
2588	607.2075000
2589	607.5558333
2590	607.9576587
2591	608.3056539
2592	608.6400000
2593	608.9283333
2594	609.1600000
2595	609.4280952
2596	609.6523529
2597	609.8612605
2598	610.0580769
2599	610.2212500
2600	610.2700000
2601	610.4285714
2602	610.5271429
2603	610.5750000
2604	610.6911538
2605	610.6855014
2606	610.6894444
2607	610.7164286
2608	610.7164286
2609	610.7164286
2610	610.6716667
2611	610.6683333
2612	610.5965873
2613	610.5333333
2614	610.4150000
2615	610.3900000
2616	610.3500000
2617	610.2137500
2618	610.1600000
2619	609.9660000
2620	609.8460000
2621	609.7011429
2622	609.5600000
2623	609.3828571
2624	609.1650000
2625	608.8751852
2626	608.6525000
2627	608.3900000
2628	608.0047619
2629	607.6300000
2630	607.1884615
2631	606.7460000
2632	606.2313333
2633	605.6100000
2634	604.9500000
2635	604.2571429
2636	603.5400000
2637	602.7500000
2638	601.9733333
2639	601.0925397
2640	600.2325000
2641	599.3966667
2642	598.6133333
2643	597.8300000
2644	596.9100000
2645	596.3100000
2646	595.6550000
2647	595.1425000
2648	594.6562500
2649	594.2850000
2650	594.0354762
2651	593.9434921
2652	593.9370000
2653	593.9537692
2654	594.2600000
2655	594.5460000
2656	595.0060000
2657	595.4450000
2658	596.0200000
2659	596.5994444
2660	597.2200000
2661	597.8560000
2662	598.5099487
2663	599.1199744
2664	599.6460000
2665	600.1250000
2666	600.6425000
2667	601.0950000
2668	601.6450000
2669	602.2025000
2670	602.6950000
2671	603.1475000
2672	603.5383333
2673	603.8350000
2674	604.0950000
2675	604.2850000
2676	604.4300000
2677	604.5592308
2678	604.6278388
2679	604.6620000
2680	604.6990000
2681	604.6895969
2682	604.6806348
2683	604.6716728
2684	604.6157143
2685	604.5450000
2686	604.3663379
2687	604.2735714
2688	604.1500000
2689	603.9942857
2690	603.8157143
2691	603.6980000
2692	603.4726667
2693	603.2866667
2694	603.1000000
2695	602.8650000
2696	602.6463636
2697	602.4900000
2698	602.1975000
2699	601.9337500
2700	601.6532000
2701	601.4080000
2702	601.0775000
2703	600.7800000
2704	600.4716667
2705	600.2100000
2706	599.7900000
2707	599.4258333
2708	599.1050000
2709	598.6783333
2710	598.3700000
2711	597.9400000
2712	597.5300000
2713	597.1400000
2714	596.8517949
2715	596.6900000
2716	596.4619048
2717	596.2745218
2718	596.2167454
2719	596.2200532
2720	596.2256611
2721	596.4300000
2722	596.7914286
2723	597.1787500
2724	597.6926786
2725	598.3178947
2726	598.9050000
2727	599.5778571
2728	600.1620000
2729	600.9510000
2730	601.7400000
2731	602.5500000
2732	603.3550000
2733	604.0500000
2734	604.7300000
2735	605.3900000
2736	606.0391667
2737	606.6045833
2738	607.1372917
2739	607.6124306
2740	608.0255721
2741	608.3766667
2742	608.6900000
2743	608.9900000
2744	609.1980000
2745	609.4217143
2746	609.5910476
2747	609.6916667
2748	609.7850000
2749	609.9054762
2750	609.9654151
2751	610.0088823
2752	610.0082143
2753	609.9987500
2754	609.9812500
2755	609.9807143
2756	609.9250000
2757	609.8758333
2758	609.7670833
2759	609.6881818
2760	609.6250000
2761	609.4852564
2762	609.4100000
2763	609.1650000
2764	609.0150000
2765	608.7178571
2766	608.5700000
2767	608.2250000
2768	607.8995000
2769	607.5605000
2770	607.1750000
2771	606.6100000
2772	606.0860000
2773	605.4893750
2774	604.8725000
2775	604.2112500
2776	603.4000000
2777	602.5600000
2778	601.7200000
2779	600.8800000
2780	600.0103846
2781	599.1701923
2782	598.3500962
2783	597.5700000
2784	596.8295238
2785	596.1797619
2786	595.6798810
2787	595.2795159
2788	594.9767617
2789	594.8222539
2790	594.7817769
2791	594.7918182
2792	594.8950000
2793	595.2721795
2794	595.6487500
2795	596.1929630
2796	596.7380000
2797	597.2550000
2798	597.9225000
2799	598.5440000
2800	599.2070000
2801	599.8080000
2802	600.3650000
2803	600.9120000
2804	601.4650000
2805	601.9225000
2806	602.3608333
2807	602.7700000
2808	603.0960000
2809	603.3300000
2810	603.6344444
2811	603.8218182
2812	603.9912727
2813	604.0800000
2814	604.1826667
2815	604.2350000
2816	604.2645556
2817	604.2589655
2818	604.2153202
2819	604.1751067
2820	604.1516667
2821	604.0038462
2822	603.8825000
2823	603.8250000
2824	603.6816667
2825	603.4800000
2826	603.3680000
2827	603.1657143
2828	602.9800000
2829	602.8600000
2830	602.6171429
2831	602.4133333
2832	602.2029412
2833	602.0046154
2834	601.8225000
2835	601.5731410
2836	601.3357143
2837	601.1750000
2838	600.8983333
2839	600.7218182
2840	600.4812587
2841	600.1906760
2842	599.9440349
2843	599.8033333
2844	599.5196825
2845	599.3550000
2846	599.0265385
2847	598.7678205
2848	598.5246909
2849	598.3600000
2850	598.1816667
2851	597.8996032
2852	597.6450000
2853	597.4037500
2854	597.1937500
2855	596.9540000
2856	596.7300000
2857	596.5050000
2858	596.3362500
2859	596.1600000
2860	595.9200000
2861	595.6452381
2862	595.4217460
2863	595.2550000
2864	595.0120000
2865	594.8550000
2866	594.6412500
2867	594.3883333
2868	594.1597009
2869	594.0108527
2870	593.8620045
2871	593.6257143
2872	593.4600000
2873	593.2200000
2874	593.1150000
2875	592.8497619
2876	592.7000000
2877	592.5150000
2878	592.3650000
2879	592.1354762
2880	591.9143478
2881	591.7643064
2882	591.6800000
2883	591.4210256
2884	591.2787500
2885	591.0959936
2886	590.9132372
2887	590.7750000
2888	590.5483333
2889	590.4800000
2890	590.2371429
2891	590.1200000
2892	589.9233333
2893	589.7350000
2894	589.5700000
2895	589.4450000
2896	589.2483333
2897	589.1066667
2898	588.9623077
2899	588.7974142
2900	588.7200000
2901	588.5400000
2902	588.4300000
2903	588.2750000
2904	588.1550000
2905	588.0225000
2906	587.8835000
2907	587.7840000
2908	587.6321429
2909	587.5054762
2910	587.4750000
2911	587.3133333
2912	587.2350000
2913	587.0564286
2914	587.0400000
2915	586.8814286
2916	586.7820000
2917	586.7300000
2918	586.6012500
2919	586.5140000
2920	586.4241905
2921	586.3750000
2922	586.3007143
2923	586.2383333
2924	586.1348291
2925	586.0547004
2926	586.0011538
2927	585.9684799
2928	585.9666667
2929	585.9550000
2930	585.8478571
2931	585.7983333
2932	585.7250000
2933	585.7069048
2934	585.6955000
2935	585.6687857
2936	585.6316667
2937	585.6016667
2938	585.5564506
2939	585.5400000
2940	585.4895238
2941	585.4984615
2942	585.5046154
2943	585.4920604
2944	585.4691667
2945	585.4654365
2946	585.4642857
2947	585.4457143
2948	585.4500000
2949	585.4228571
2950	585.4269988
2951	585.4259913
2952	585.4278571
2953	585.4275000
2954	585.4260000
2955	585.4259259
2956	585.4262500
2957	585.4422314
2958	585.4414802
2959	585.4400000
2960	585.4476923
2961	585.4485714
2962	585.4492857
2963	585.4630220
2964	585.4700000
2965	585.4783333
2966	585.4883333
2967	585.4890176
2968	585.4888462
2969	585.4903491
2970	585.5039367
2971	585.5040000
2972	585.5092857
2973	585.5133333
2974	585.5130000
2975	585.5155000
2976	585.5250000
2977	585.5360256
2978	585.5470513
2979	585.5556838
2980	585.5450000
2981	585.5416667
2982	585.5460000
2983	585.5431579
2984	585.5275000
2985	585.5250000
2986	585.4892857
2987	585.4850000
2988	585.4807143
2989	585.4750000
2990	585.4688095
2991	585.4626190
2992	585.4108333
2993	585.3978968
2994	585.3849603
2995	585.3578439
2996	585.3560000
2997	585.3470769
2998	585.2775971
2999	585.2700000
3000	585.2474359
3001	585.2248718
3002	585.1923529
3003	585.1779272
3004	585.1635014
3005	585.1600000
3006	585.0678571
3007	585.0512500
3008	585.0200000
3009	585.0164286
3010	584.9750000
3011	584.9221429
3012	584.9066667
3013	584.9000000
3014	584.7960000
3015	584.7537500
3016	584.7200000
3017	584.6523810
3018	584.6333333
3019	584.5823810
3020	584.5700000
3021	584.5314286
3022	584.4279121
3023	584.4035714
3024	584.3970000
3025	584.3544286
3026	584.3350000
3027	584.2816667
3028	584.2236325
3029	584.1924056
3030	584.1600000
3031	584.0638095
3032	584.0033413
3033	583.9650000
3034	583.9650000
3035	583.9150000
3036	583.8350000
3037	583.7826190
3038	583.7712500
3039	583.6671429
3040	583.5957143
3041	583.5470588
3042	583.5209244
3043	583.4947899
3044	583.4049300
3045	583.3907143
3046	583.3450000
3047	583.2440000
3048	583.1950000
3049	583.1566667
3050	583.0779365
3051	583.0741176
3052	583.0187395
3053	583.0050000
3054	582.8950000
3055	582.8273810
3056	582.7937500
3057	582.7379167
3058	582.7340000
3059	582.6450000
3060	582.5870588
3061	582.5161625
3062	582.4700000
3063	582.4458333
3064	582.3850000
3065	582.3040476
3066	582.2700000
3067	582.1700000
3068	582.1618968
3069	582.0884000
3070	582.0618182
3071	581.9853247
3072	581.9750000
3073	581.8555582
3074	581.7900000
3075	581.7900000
3076	581.6847619
3077	581.6534921
3078	581.6222222
3079	581.5226455
3080	581.4650000
3081	581.4080000
3082	581.3635714
3083	581.3200000
3084	581.2700000
3085	581.2050000
3086	581.1316667
3087	581.0583333
3088	581.0025000
3089	580.9444448
3090	580.9183333
3091	580.8916667
3092	580.8010317
3093	580.7233333
3094	580.6950000
3095	580.6900000
3096	580.5890476
3097	580.4954167
3098	580.4666667
3099	580.3788095
3100	580.3762500
3101	580.2849405
3102	580.2766667
3103	580.1700000
3104	580.1466667
3105	580.0700000
3106	580.0400000
3107	579.9650000
3108	579.8924850
3109	579.8466667
3110	579.7360317
3111	579.6850000
3112	579.6250000
3113	579.5821429
3114	579.5216667
3115	579.4588000
3116	579.4225000
3117	579.3266667
3118	579.2503175
3119	579.2141667
3120	579.1862500
3121	579.1025595
3122	579.0810000
3123	579.0590000
3124	578.9582381
3125	578.8750000
3126	578.8070588
3127	578.7633333
3128	578.7109524
3129	578.6766667
3130	578.6450000
3131	578.5388095
3132	578.4816667
3133	578.4000794
3134	578.3850000
3135	578.3169048
3136	578.2900000
3137	578.2160000
3138	578.1881905
3139	578.1603810
3140	578.0983333
3141	577.9913492
3142	577.9409259
3143	577.9100000
3144	577.8342857
3145	577.8100000
3146	577.7636364
3147	577.6720000
3148	577.6014359
3149	577.5680000
3150	577.5500000
3151	577.4650000
3152	577.4540000
3153	577.3937500
3154	577.3775000
3155	577.2471429
3156	577.2100000
3157	577.1661905
3158	577.1362500
3159	577.1050000
3160	577.1000000
3161	576.9614286
3162	576.9076190
3163	576.8765000
3164	576.8300000
3165	576.7857143
3166	576.7414286
3167	576.6983333
3168	576.6750000
3169	576.5964286
3170	576.5900000
3171	576.4680952
3172	576.4566667
3173	576.4134615
3174	576.3960000
3175	576.3148571
3176	576.2552941
3177	576.2500000
3178	576.2150000
3179	576.1464286
3180	576.1350000
3181	576.0754762
3182	576.0340000
3183	576.0250000
3184	576.0118182
3185	575.9660000
3186	575.9039048
3187	575.8550000
3188	575.7610000
3189	575.7255714
3190	575.7057635
3191	575.6842365
3192	575.6557143
3193	575.6300000
3194	575.6137500
3195	575.4903864
3196	575.4577478
3197	575.4412639
3198	575.4285000
3199	575.4100000
3200	575.3610000
3201	575.3600000
3202	575.3112821
3203	575.2876471
3204	575.2435014
3205	575.1993557
3206	575.1893091
3207	575.1866667
3208	575.1122609
3209	575.1000000
3210	575.0466667
3211	575.0011084
3212	574.9991667
3213	574.9866667
3214	574.9446032
3215	574.9433333
3216	574.9082540
3217	574.9080000
3218	574.8450000
3219	574.8000000
3220	574.7776190
3221	574.7662500
3222	574.7306548
3223	574.7356157
3224	574.7033333
3225	574.6916667
3226	574.6069048
3227	574.5925000
3228	574.5875000
3229	574.5850000
3230	574.5692857
3231	574.5111905
3232	574.5083333
3233	574.4991667
3234	574.4844841
3235	574.4698016
3236	574.4225000
3237	574.4122619
3238	574.4020238
3239	574.3880000
3240	574.3700000
3241	574.3238095
3242	574.3176471
3243	574.3054062
3244	574.3052941
3245	574.2747059
3246	574.2650000
3247	574.2478571
3248	574.2464286
3249	574.2459524
3250	574.2454762
3251	574.1937302
3252	574.1916667
3253	574.1866607
3254	574.1729412
3255	574.1557143
3256	574.1570468
3257	574.1400000
3258	574.1066667
3259	574.0992857
3260	574.0982353
3261	574.0884615
3262	574.0871429
3263	574.0533333
3264	574.0478571
3265	574.0475000
3266	574.0355000
3267	574.0377778
3268	574.0352000
3269	574.0105143
3270	573.9994118
3271	574.0016667
3272	574.0000000
3273	573.9928205
3274	573.9890000
3275	573.9941176
3276	573.9975630
3277	573.9856000
3278	573.9894737
3279	574.0150000
3280	574.0030000
3281	573.9886190
3282	573.9930000
3283	573.9887500
3284	573.9783333
3285	573.9800000
3286	574.0020000
3287	573.9887500
3288	573.9783333
3289	573.9840000
3290	573.9875114
3291	573.9892308
3292	573.9911765
3293	574.0108683
3294	573.9996429
3295	574.0010714
3296	573.9978571
3297	573.9978947
3298	574.0100000
3299	574.0200000
3300	574.0300000
3301	574.0664286
3302	574.1054762
3303	574.1083333
3304	574.1094118
3305	574.1388515
3306	574.1391667
3307	574.1671429
3308	574.1704762
3309	574.1738095
3310	574.1887500
3311	574.1975000
3312	574.1987500
3313	574.2025833
3314	574.2250000
3315	574.2250000
3316	574.2596154
3317	574.2650000
3318	574.3616667
3319	574.3631197
3320	574.3645726
3321	574.4250000
3322	574.4339744
3323	574.4429487
3324	574.4583333
3325	574.5097009
3326	574.5610684
3327	574.5750000
3328	574.6660000
3329	574.6762857
3330	574.6865714
3331	574.6933333
3332	574.7517847
3333	574.7690909
3334	574.8130303
3335	574.8450000
3336	574.8857692
3337	574.9187500
3338	574.9752976
3339	575.0318452
3340	575.1031988
3341	575.1106250
3342	575.1205882
3343	575.1637500
3344	575.2050000
3345	575.2158333
3346	575.2984615
3347	575.3118681
3348	575.3252747
3349	575.3450000
3350	575.4318182
3351	575.4516667
3352	575.5143651
3353	575.5405882
3354	575.5720000
3355	575.5800000
3356	575.6576190
3357	575.6605882
3358	575.6666667
3359	575.7791667
3360	575.7900000
3361	575.8390476
3362	575.8875000
3363	575.9150000
3364	575.9688095
3365	575.9817647
3366	576.0227273
3367	576.0562500
3368	576.0600000
3369	576.0942857
3370	576.1200000
3371	576.1925000
3372	576.2466667
3373	576.2545178
3374	576.2600000
3375	576.3200000
3376	576.3483333
3377	576.3733333
3378	576.4016667
3379	576.4466667
3380	576.4575000
3381	576.4800000
3382	576.4900000
3383	576.5225000
3384	576.5551190
3385	576.5783333
3386	576.5907143
3387	576.6183333
3388	576.6592857
3389	576.6700000
3390	576.7050000
3391	576.7400000
3392	576.7600000
3393	576.7628571
3394	576.7657143
3395	576.8028571
3396	576.8543217
3397	576.8525000
3398	576.8528571
3399	576.8714286
3400	576.8900000
3401	576.8937500
3402	576.9324038
3403	576.9464286
3404	577.0078571
3405	577.0035294
3406	577.0055000
3407	577.0105882
3408	577.0221008
3409	577.0336134
3410	577.0500000
3411	577.0597436
3412	577.0611765
3413	577.1084874
3414	577.1200000
3415	577.1202219
3416	577.1395833
3417	577.1750000
3418	577.2007143
3419	577.2058791
3420	577.2110440
3421	577.2220833
3422	577.2250000
3423	577.2281818
3424	577.2316162
3425	577.2335294
3426	577.2500000
3427	577.2915385
3428	577.2888235
3429	577.2838936
3430	577.3014815
3431	577.3118182
3432	577.3351852
3433	577.3421429
3434	577.3500000
3435	577.3608403
3436	577.3453669
3437	577.3742308
3438	577.3748012
3439	577.3872000
3440	577.4011765
3441	577.4075000
3442	577.4274771
3443	577.4333333
3444	577.4305000
3445	577.4325000
3446	577.4646429
3447	577.4646154
3448	577.4813333
3449	577.4929412
3450	577.4966214
3451	577.4930769
3452	577.5108333
3453	577.5200000
3454	577.5190996
3455	577.5204000
3456	577.5200000
3457	577.5138111
3458	577.5373214
3459	577.5533333
3460	577.5598352
3461	577.5617647
3462	577.5758263
3463	577.5898880
3464	577.5900641
3465	577.5903846
3466	577.5899487
3467	577.5818182
3468	577.5900000
3469	577.6200000
3470	577.6225000
3471	577.6232143
3472	577.6239286
3473	577.6280079
3474	577.6367497
3475	577.6461074
3476	577.6497281
3477	577.6533488
3478	577.6720000
3479	577.6900000
3480	577.6952381
3481	577.6980527
3482	577.6946740
3483	577.6961221
3484	577.6992625
3485	577.7110362
3486	577.7160000
3487	577.7225000
3488	577.7500000
3489	577.7485000
3490	577.7453846
3491	577.7620000
3492	577.7600000
3493	577.7683333
3494	577.7700000
3495	577.8088324
3496	577.8102565
3497	577.8096093
3498	577.8106251
3499	577.7985000
3500	577.7988316
3501	577.8011490
3502	577.8000000
3503	577.8036051
3504	577.8062500
3505	577.8068718
3506	577.8144615
3507	577.8492857
3508	577.8360000
3509	577.8390909
3510	577.8382353
3511	577.8400000
3512	577.8536364
3513	577.8526923
3514	577.8520000
3515	577.8484615
3516	577.8560714
3517	577.8650000
3518	577.8687500
3519	577.8735294
3520	577.8749541
3521	577.8773536
3522	577.8779167
3523	577.8730769
3524	577.8737500
3525	577.8845833
3526	577.8850000
3527	577.9012500
3528	577.9096034
3529	577.9107143
3530	577.9100000
3531	577.9000000
3532	577.9000000
3533	577.9000000
3534	577.9112500
3535	577.9250833
3536	577.9323690
3537	577.9087637
3538	577.9112500
3539	577.9160000
3540	577.9262500
3541	577.9411310
3542	577.9392593
3543	577.9339871
3544	577.9325000
3545	577.9292593
3546	577.9320000
3547	577.9581250
3548	577.9617269
3549	577.9406250
3550	577.9409091
3551	577.9735294
3552	577.9829713
3553	577.9880000
3554	577.9818956
3555	577.9857143
3556	577.9875000
3557	577.9800000
3558	577.9867594
3559	577.9829978
3560	577.9763008
3561	577.9800000
3562	577.9968007
3563	577.9937500
3564	578.0020833
3565	577.9946429
3566	577.9767857
3567	577.9708333
3568	577.9692308
3569	577.9646154
3570	577.9700000
3571	577.9627273
3572	577.9783533
3573	577.9985714
3574	578.0026246
3575	577.9890420
3576	577.9771429
3577	577.9792308
3578	577.9894737
3579	577.9933781
3580	577.9922222
3581	577.9674074
3582	577.9700000
3583	577.9744444
3584	577.9788889
3585	577.9812500
3586	577.9988889
3587	578.0035185
3588	578.0081481
3589	578.0067013
3590	578.0087500
3591	578.0136487
3592	578.0200000
3593	578.0146478
3594	578.0178457
3595	578.0214286
3596	578.0182143
3597	578.0116000
3598	578.0156000
3599	578.0140741
3600	578.0145055
3601	578.0264286
3602	578.0504945
3603	578.0580000
3604	578.0634359
3605	578.0669565
3606	578.0866667
3607	578.0866667
3608	578.0398413
3609	578.0438462
3610	578.0512500
3611	578.0613690
3612	578.0626923
3613	578.0752578
3614	578.0807143
3615	578.0850000
3616	578.0864286
3617	578.0883333
3618	578.0876471
3619	578.0893319
3620	578.0866736
3621	578.0896000
3622	578.0950000
3623	578.0980000
3624	578.1084380
3625	578.1025503
3626	578.1080000
3627	578.1104444
3628	578.1075000
3629	578.1059951
3630	578.0971429
3631	578.0866667
3632	578.1100000
3633	578.1122222
3634	578.1122222
3635	578.1380952
3636	578.1422745
3637	578.1300000
3638	578.0997436
3639	578.1010000
3640	578.1050000
3641	578.1155198
3642	578.1171638
3643	578.1183333
3644	578.1255000
3645	578.1212827
3646	578.1254545
3647	578.1350000
3648	578.1237500
3649	578.1202261
3650	578.1325000
3651	578.1375000
3652	578.1367931
3653	578.1363509
3654	578.1412500
3655	578.1424246
3656	578.1468061
3657	578.1470370
3658	578.1507407
3659	578.1491667
3660	578.1450000
3661	578.1442308
3662	578.1434615
3663	578.1714286
3664	578.1817582
3665	578.1219231
3666	578.1181250
3667	578.0950000
3668	578.0875000
3669	578.0650000
3670	577.9788095
3671	577.9620000
3672	577.8264324
3673	577.7094444
3674	577.5761111
3675	577.4440000
3676	577.1949854
3677	577.0115385
3678	576.8017949
3679	576.6175000
3680	576.5600000
3681	576.3850000
3682	576.3075000
3683	576.2983974
3684	576.3087500
3685	576.4750000
3686	576.9100000
3687	577.3715385
3688	578.0800000
3689	579.0100000
3690	579.8900000
3691	581.1300000
3692	582.4600000
3693	583.8800000
3694	585.3200000
3695	586.9550000
3696	588.5900000
3697	590.1500000
3698	591.7100000
3699	593.5500000
3700	594.9500000
3701	596.3900000
3702	597.6300000
3703	599.1100000
3704	600.1600000
3705	601.4500000
3706	602.3700000
3707	603.2450000
3708	604.0425000
3709	604.8112500
3710	605.4606250
3711	605.9800000
3712	606.5097436
3713	606.9520000
3714	607.3337436
3715	607.6240684
3716	607.8475000
3717	608.1087500
3718	608.2825000
3719	608.4162179
3720	608.5499359
3721	608.6540812
3722	608.7373333
3723	608.7720000
3724	608.7716667
3725	608.7675000
3726	608.7360000
3727	608.6160000
3728	608.5250000
3729	608.2888462
3730	608.0400000
3731	607.6500000
3732	607.2600000
3733	606.8700000
3734	606.2900000
3735	605.7100000
3736	605.0400000
3737	604.2900000
3738	603.4510256
3739	602.6855128
3740	601.9200000
3741	600.7300000
3742	600.1100000
3743	599.3800000
3744	598.6500000
3745	597.8200000
3746	597.3251282
3747	596.9375641
3748	596.6700000
3749	596.5397436
3750	596.5384200
3751	596.5646570
3752	596.8550000
3753	597.1925000
3754	597.7650000
3755	598.3700000
3756	599.0275000
3757	599.7337500
3758	600.4400000
3759	601.1650000
3760	601.8842857
3761	602.6221429
3762	603.2860714
3763	603.9425000
3764	604.5050000
3765	605.0975000
3766	605.6237500
3767	606.0118750
3768	606.3999696
3769	606.7425914
3770	607.0364286
3771	607.3326557
3772	607.5863278
3773	607.6700000
3774	607.8715385
3775	608.0169231
3776	608.1350520
3777	608.1800000
3778	608.3357143
3779	608.3400000
3780	608.3500000
3781	608.4392308
3782	608.4679487
3783	608.4693750
3784	608.5010737
3785	608.5025000
3786	608.4990385
3787	608.4800000
3788	608.4687500
3789	608.4625650
3790	608.4543581
3791	608.3971670
3792	608.3554545
3793	608.3150000
3794	608.2388462
3795	608.2180000
3796	608.1450000
3797	608.0478205
3798	608.0325000
3799	607.9950000
3800	607.8438889
3801	607.7453989
3802	607.7275000
3803	607.6055769
3804	607.5450000
3805	607.4340000
3806	607.3500000
3807	607.2575000
3808	607.1150000
3809	606.9755556
3810	606.8690000
3811	606.7445833
3812	606.6177273
3813	606.4853846
3814	606.3536996
3815	606.2340000
3816	606.0820000
3817	605.9647692
3818	605.8475385
3819	605.6414872
3820	605.5900000
3821	605.4500000
3822	605.2100000
3823	605.0290000
3824	604.9625000
3825	604.7562179
3826	604.5935714
3827	604.4371429
3828	604.2614142
3829	604.1800000
3830	603.9550000
3831	603.7475000
3832	603.5873786
3833	603.4700000
3834	603.2800000
3835	603.0850000
3836	602.8918750
3837	602.7128571
3838	602.5760806
3839	602.4750000
3840	602.2270513
3841	602.0442857
3842	601.9700000
3843	601.6910256
3844	601.4923932
3845	601.3970000
3846	601.2137692
3847	601.0050000
3848	600.8057692
3849	600.7200000
3850	600.4876190
3851	600.3035653
3852	600.1575000
3853	599.9775000
3854	599.7400000
3855	599.5450000
3856	599.3100000
3857	599.1500000
3858	598.9807692
3859	598.7674786
3860	598.5820000
3861	598.3675000
3862	598.1850000
3863	597.9425000
3864	597.7825000
3865	597.6025000
3866	597.3600000
3867	597.1123077
3868	596.9400000
3869	596.7328571
3870	596.4868498
3871	596.2930000
3872	596.1000000
3873	595.8875000
3874	595.6825000
3875	595.4280556
3876	595.2150000
3877	594.9265800
3878	594.7500000
3879	594.5040000
3880	594.3300000
3881	594.0950000
3882	593.8600000
3883	593.6150000
3884	593.3375000
3885	593.1114744
3886	592.9100000
3887	592.7500000
3888	592.4228205
3889	592.1810000
3890	591.8980952
3891	591.6880830
3892	591.4780708
3893	591.2260236
3894	591.0220000
3895	590.8000000
3896	590.5138462
3897	590.2476000
3898	590.0780000
3899	589.8550000
3900	589.5855128
3901	589.4700000
3902	589.1400000
3903	588.9450000
3904	588.6930000
3905	588.4381795
3906	588.2086364
3907	587.9801049
3908	587.7475874
3909	587.4835548
3910	587.2850738
3911	587.1575000
3912	586.8750000
3913	586.6400000
3914	586.4600000
3915	586.1983333
3916	585.9950000
3917	585.8157143
3918	585.5657143
3919	585.3293333
3920	585.2000000
3921	584.9500000
3922	584.7000000
3923	584.4500000
3924	584.2733333
3925	584.0425000
3926	583.8208333
3927	583.7125000
3928	583.4846795
3929	583.2568590
3930	583.0800000
3931	582.8550000
3932	582.6275641
3933	582.4725000
3934	582.2405769
3935	582.0800000
3936	581.8366667
3937	581.6045833
3938	581.4062897
3939	581.2528571
3940	581.0800000
3941	580.8569231
3942	580.6487500
3943	580.4800000
3944	580.3050000
3945	580.1127778
3946	579.9227273
3947	579.7286869
3948	579.6000000
3949	579.3957143
3950	579.1960073
3951	579.0650000
3952	578.8900000
3953	578.7525000
3954	578.5730556
3955	578.4050000
3956	578.2016667
3957	578.0385714
3958	577.8588889
3959	577.7386040
3960	577.6750000
3961	577.4738889
3962	577.2991667
3963	577.1850000
3964	576.9606410
3965	576.8000000
3966	576.6900000
3967	576.5900000
3968	576.4050000
3969	576.2642308
3970	576.1234615
3971	575.9478205
3972	575.8336364
3973	575.7325000
3974	575.5554487
3975	575.5100000
3976	575.3180000
3977	575.1844615
3978	575.0509231
3979	574.9718462
3980	574.9250000
3981	574.7416667
3982	574.6600000
3983	574.6100000
3984	574.4023612
3985	574.2730948
3986	574.2075000
3987	574.1292857
3988	574.0400000
3989	573.9023810
3990	573.7937361
3991	573.7510000
3992	573.6686667
3993	573.5863333
3994	573.4793333
3995	573.4140000
3996	573.3205641
3997	573.2730085
3998	573.2275000
3999	573.2100000
4000	573.0787500
4001	572.9995833
4002	572.9850000
4003	572.9400000
4004	572.8840000
4005	572.8044103
4006	572.7404906
4007	572.6925000
4008	572.6790000
4009	572.5981282
4010	572.5700000
4011	572.5161538
4012	572.5100000
4013	572.4850000
4014	572.4800000
4015	572.4027778
4016	572.3330435
4017	572.3320293
4018	572.3322222
4019	572.3097802
4020	572.2920000
4021	572.2406667
4022	572.2411538
4023	572.2400000
4024	572.2211111
4025	572.2188889
4026	572.2229167
4027	572.2304960
4028	572.2247826
4029	572.2256124
4030	572.2230769
4031	572.2226703
4032	572.2323077
4033	572.2700000
4034	572.2775000
4035	572.2950000
4036	572.3488889
4037	572.3667261
4038	572.3743478
4039	572.3826667
4040	572.4634872
4041	572.5030672
4042	572.5360000
4043	572.5781538
4044	572.6183333
4045	572.6375000
4046	572.6675000
4047	572.7196429
4048	572.7600000
4049	572.8200000
4050	572.8850000
4051	573.0736902
4052	573.1400000
4053	573.2292308
4054	573.2687500
4055	573.3481731
4056	573.4560577
4057	573.5525000
4058	573.6491667
4059	573.7400000
4060	573.8285714
4061	573.9400000
4062	573.9560000
4063	574.0758889
4064	574.1957778
4065	574.2900000
4066	574.3800000
4067	574.4687500
4068	574.5914015
4069	574.6550000
4070	574.7450000
4071	574.8150000
4072	574.9411905
4073	575.0250000
4074	575.1120000
4075	575.1500000
4076	575.2423077
4077	575.3001632
4078	575.3400000
4079	575.4088889
4080	575.4777778
4081	575.5400000
4082	575.5950000
4083	575.6320000
4084	575.6600000
4085	575.7808332
4086	575.8393923
4087	575.8742857
4088	575.8864286
4089	575.9276984
4090	575.9600000
4091	575.9936364
4092	576.0763403
4093	576.0828571
4094	576.0840000
4095	576.2028571
4096	576.2312088
4097	576.2579448
4098	576.2600000
4099	576.3446495
4100	576.3740000
4101	576.3750000
4102	576.4433992
4103	576.4525000
4104	576.4858333
4105	576.5000000
4106	576.5369231
4107	576.5850000
4108	576.6175641
4109	576.6115904
4110	576.6188889
4111	576.6315385
4112	576.6700000
4113	576.6761538
4114	576.6823077
4115	576.7391205
4116	576.7700000
4117	576.7695842
4118	576.7522222
4119	576.7560000
4120	576.7700000
4121	576.8048718
4122	576.8149573
4123	576.8235714
4124	576.8317460
4125	576.8399206
4126	576.9045889
4127	576.9027273
4128	576.9068182
4129	576.9330420
4130	576.9337500
4131	576.9475000
4132	576.9737500
4133	576.9753333
4134	576.9710119
4135	576.9726667
4136	576.9850000
4137	576.9975000
4138	577.0101923
4139	577.0157143
4140	577.0340000
4141	577.0709091
4142	577.0736364
4143	577.0763636
4144	577.0817314
4145	577.0872727
4146	577.1029371
4147	577.1186014
4148	577.1181005
4149	577.1143668
4150	577.1208333
4151	577.1221596
4152	577.1249833
4153	577.1218182
4154	577.1216317
4155	577.1214452
4156	577.1194561
4157	577.1174670
4158	577.0945403
4159	577.0766667
4160	577.0513333
4161	577.0577273
4162	577.0597552
4163	577.0479167
4164	577.0500000
4165	577.0542857
4166	577.0393793
4167	577.0377418
4168	577.0446154
4169	577.0337500
4170	577.0372222
4171	577.0483048
4172	577.0312000
4173	577.0287333
4174	577.0299038
4175	577.0275000
4176	577.0250000
4177	577.0303846
4178	577.0389085
4179	577.0394642
4180	577.0482281
4181	577.0480769
4182	577.0470000
4183	577.0068462
4184	577.0069231
4185	577.0356410
4186	577.0400000
4187	577.0420000
4188	577.0709231
4189	577.0700000
4190	577.0590000
4191	577.0471429
4192	577.0442323
4193	577.0545833
4194	577.0536720
4195	577.0494049
4196	577.0525000
4197	577.0671429
4198	577.0746713
4199	577.0884056
4200	577.0964286
4201	577.0884651
4202	577.0891304
4203	577.1028571
4204	577.1042857
4205	577.1022222
4206	577.0996154
4207	577.0973077
4208	577.1145455
4209	577.1137500
4210	577.1112500
4211	577.1118182
4212	577.1229138
4213	577.1304167
4214	577.1306250
4215	577.1576923
4216	577.1594179
4217	577.1620000
4218	577.1650000
4219	577.1725000
4220	577.1959615
4221	577.2022817
4222	577.2064286
4223	577.2308608
4224	577.2312500
4225	577.2350000
4226	577.2375000
4227	577.2489103
4228	577.2603205
4229	577.2810000
4230	577.2783098
4231	577.2862500
4232	577.2900000
4233	577.2975000
4234	577.3100000
4235	577.3262500
4236	577.3267178
4237	577.3346154
4238	577.3684615
4239	577.3678571
4240	577.3650000
4241	577.3442857
4242	577.3442857
4243	577.3726374
4244	577.3775000
4245	577.3760000
4246	577.3525000
4247	577.3300000
4248	577.3350000
4249	577.3400000
4250	577.3400000
4251	577.3395842
4252	577.3390000
4253	577.3342857
4254	577.3264286
4255	577.3363636
4256	577.3418648
4257	577.3428571
4258	577.3414286
4259	577.3400000
4260	577.3397297
4261	577.3387500
4262	577.3387500
4263	577.3387812
4264	577.3430000
4265	577.3671538
4266	577.3304545
4267	577.3275000
4268	577.3281029
4269	577.3292857
4270	577.3460989
4271	577.3433333
4272	577.3395010
4273	577.3365385
4274	577.3171429
4275	577.3160000
4276	577.3176190
4277	577.3207448
4278	577.3204762
4279	577.3250000
4280	577.3233333
4281	577.3200000
4282	577.3092308
4283	577.3028311
4284	577.3036364
4285	577.3075000
4286	577.3291667
4287	577.3403794
4288	577.3404167
4289	577.3370588
4290	577.3295698
4291	577.3253846
4292	577.3232918
4293	577.3240000
4294	577.3203701
4295	577.3185849
4296	577.3184615
4297	577.2985714
4298	577.2890909
4299	577.2980000
4300	577.3028554
4301	577.3034615
4302	577.3082967
4303	577.3131319
4304	577.3216667
4305	577.3364530
4306	577.3352287
4307	577.3392308
4308	577.3402564
4309	577.3412821
4310	577.3400000
4311	577.3093347
4312	577.3060000
4313	577.3087500
4314	577.3152244
4315	577.3171429
4316	577.3085185
4317	577.3100000
4318	577.3221429
4319	577.3535348
4320	577.3523077
4321	577.3450000
4322	577.3372222
4323	577.3294444
4324	577.3404762
4325	577.3430000
4326	577.3420811
4327	577.3366667
4328	577.3290000
4329	577.3280520
4330	577.3230000
4331	577.2975000
4332	577.2877778
4333	577.2525000
4334	577.2503205
4335	577.2481410
4336	577.2400000
4337	577.1917949
4338	577.1435897
4339	577.1042857
4340	577.0225000
4341	576.9150000
4342	576.8300000
4343	576.6450000
4344	576.5430000
4345	576.3908462
4346	576.2750000
4347	576.1250000
4348	576.0400000
4349	575.9507692
4350	575.9056410
4351	575.9241176
4352	575.9850000
4353	576.2285714
4354	576.5900000
4355	577.1100000
4356	577.8450000
4357	578.5800000
4358	579.5800000
4359	580.8100000
4360	582.0400000
4361	583.4000000
4362	585.0300000
4363	586.7900000
4364	588.1200000
4365	589.9400000
4366	591.3600000
4367	592.8100000
4368	594.3450000
4369	595.8800000
4370	597.1500000
4371	598.6800000
4372	599.7500000
4373	600.7600000
4374	601.6600000
4375	602.5600000
4376	603.5500000
4377	604.0530769
4378	604.6443590
4379	605.1071795
4380	605.4985897
4381	605.7100000
4382	606.0900000
4383	606.3946154
4384	606.5479487
4385	606.6000000
4386	606.7655556
4387	606.8500000
4388	606.8766667
4389	606.8837686
4390	606.8661111
4391	606.8312500
4392	606.7918269
4393	606.7300000
4394	606.7150000
4395	606.5175000
4396	606.3591667
4397	606.2550000
4398	606.1105509
4399	605.9606250
4400	605.7611607
4401	605.6000000
4402	605.4221429
4403	605.3050000
4404	605.1150000
4405	604.8255128
4406	604.6285043
4407	604.4653118
4408	604.3475000
4409	604.1312500
4410	603.8790909
4411	603.6800000
4412	603.5251282
4413	603.3702564
4414	603.1750000
4415	602.9280769
4416	602.7380000
4417	602.6100000
4418	602.3751282
4419	602.1402564
4420	602.0700000
4421	601.8550000
4422	601.6627778
4423	601.4681250
4424	601.3550000
4425	601.1121795
4426	600.8987500
4427	600.7300000
4428	600.5500000
4429	600.3300000
4430	600.1287500
4431	599.9223077
4432	599.7925000
4433	599.6550000
4434	599.3337179
4435	599.1138034
4436	599.0300000
4437	598.8750000
4438	598.5775000
4439	598.2885714
4440	598.0642857
4441	597.8775000
4442	597.6250000
4443	597.3650000
4444	597.1300000
4445	596.8225000
4446	596.6000000
4447	596.3330000
4448	596.0515000
4449	595.7700000
4450	595.4048718
4451	595.1450000
4452	594.8514103
4453	594.5671429
4454	594.1820879
4455	593.8910440
4456	593.6225000
4457	593.3000000
4458	592.8750000
4459	592.5225000
4460	592.1850000
4461	591.7950000
4462	591.4075000
4463	591.0387500
4464	590.6175000
4465	590.3200000
4466	589.8083333
4467	589.3500000
4468	588.9406667
4469	588.5250000
4470	588.1503846
4471	587.7600000
4472	587.3000000
4473	586.9100000
4474	586.5250000
4475	586.0226923
4476	585.6700000
4477	585.1950000
4478	584.7200000
4479	584.2828571
4480	583.8614286
4481	583.4400000
4482	583.0150000
4483	582.6050000
4484	582.1775000
4485	581.7500000
4486	581.3875000
4487	580.9137500
4488	580.5500000
4489	580.1576923
4490	579.7356410
4491	579.3831624
4492	579.0306838
4493	578.7150000
4494	578.3425000
4495	577.9700000
4496	577.5828205
4497	577.2700000
4498	576.9294872
4499	576.6300000
4500	576.3176923
4501	576.0100000
4502	575.7900000
4503	575.4850000
4504	575.2550000
4505	575.0300000
4506	574.7150000
4507	574.4575000
4508	574.3250000
4509	574.0125000
4510	573.8950000
4511	573.6000505
4512	573.3728813
4513	573.2162500
4514	573.0850000
4515	572.9300000
4516	572.7600000
4517	572.6400000
4518	572.6150000
4519	572.4475000
4520	572.3800000
4521	572.2169231
4522	572.0929314
4523	572.0350000
4524	571.9600000
4525	571.9000000
4526	571.8179487
4527	571.8100000
4528	571.7850000
4529	571.7800000
4530	571.7500000
4531	571.7360856
4532	571.7270000
4533	571.7037500
4534	571.6833013
4535	571.6950000
4536	571.7244872
4537	571.7525000
4538	571.7990385
4539	571.8150000
4540	571.8700000
4541	571.9438462
4542	571.9750000
4543	572.0250000
4544	572.1560256
4545	572.2262500
4546	572.3400000
4547	572.4882051
4548	572.5916667
4549	572.6950000
4550	572.7978205
4551	572.9006410
4552	573.0880000
4553	573.2385641
4554	573.2800000
4555	573.3950000
4556	573.6350000
4557	573.7275000
4558	573.8799359
4559	573.9450000
4560	574.1324359
4561	574.2480000
4562	574.3565128
4563	574.4638295
4564	574.4750000
4565	574.5100000
4566	574.7084615
4567	574.8171795
4568	574.8950000
4569	574.9700000
4570	575.0037500
4571	575.0050000
4572	575.1775000
4573	575.1975000
4574	575.2741667
4575	575.2925000
4576	575.3416026
4577	575.3550000
4578	575.4475000
4579	575.4900000
4580	575.5528571
4581	575.5563499
4582	575.5592857
4583	575.5915568
4584	575.6238278
4585	575.6920452
4586	575.6930000
4587	575.7250000
4588	575.7893590
4589	575.8078571
4590	575.8500000
4591	575.8583333
4592	575.8666667
4593	575.8883333
4594	575.9000000
4595	575.9050000
4596	575.9693590
4597	575.9700000
4598	575.9843750
4599	576.0300000
4600	576.0300000
4601	576.0577778
4602	576.0650936
4603	576.0663158
4604	576.0723479
4605	576.0946154
4606	576.0975000
4607	576.1350000
4608	576.1408212
4609	576.1410897
4610	576.1372863
4611	576.1341667
4612	576.1450000
4613	576.1825000
4614	576.1950000
4615	576.1883888
4616	576.1894444
4617	576.1900000
4618	576.2433333
4619	576.2477778
4620	576.2522222
4621	576.2579202
4622	576.2605556
4623	576.2654233
4624	576.2702910
4625	576.2875000
4626	576.3209615
4627	576.3209091
4628	576.3298601
4629	576.3445455
4630	576.3477778
4631	576.3463636
4632	576.3460000
4633	576.3204615
4634	576.3286957
4635	576.3300000
4636	576.3566667
4637	576.3552183
4638	576.3561905
4639	576.3746276
4640	576.3752331
4641	576.3761954
4642	576.3785714
4643	576.3860974
4644	576.3893750
4645	576.4287660
4646	576.4100000
4647	576.3918182
4648	576.3961897
4649	576.4032378
4650	576.4038462
4651	576.4114286
4652	576.4111111
4653	576.4050000
4654	576.4089085
4655	576.4080505
4656	576.4038501
4657	576.4075334
4658	576.4112166
4659	576.4542151
4660	576.4652632
4661	576.5127778
4662	576.5745157
4663	576.6100000
4664	576.6131250
4665	576.6262500
4666	576.6585714
4667	576.7150000
4668	576.7660256
4669	576.7762500
4670	576.8363690
4671	576.8964881
4672	576.9100000
4673	576.9300000
4674	576.9322222
4675	576.9344444
4676	576.9407123
4677	576.9406514
4678	576.9408870
4679	576.9485008
4680	576.9530000
4681	576.9828227
4682	576.9813333
4683	576.9845833
4684	576.9997024
4685	576.9983623
4686	577.0000000
4687	577.0450000
4688	577.0457143
4689	577.0480000
4690	577.0500000
4691	577.0700000
