x	y
1	-74.4584615
2	-74.4584615
3	-74.5688889
4	-74.7526667
5	-74.9058889
6	-75.1191111
7	-75.3633683
8	-75.5889246
9	-75.7427552
10	-75.8012500
11	-75.8338095
12	-75.9202885
13	-75.9862121
14	-75.9916177
15	-76.0229400
16	-76.0622115
17	-76.0706480
18	-76.0831731
19	-76.1371429
20	-76.1593269
21	-76.1627994
22	-76.1582222
23	-76.1550000
24	-76.1226778
25	-76.1287011
26	-76.1238818
27	-76.0553846
28	-76.0314835
29	-75.9993086
30	-75.9839286
31	-75.9312500
32	-75.9042628
33	-75.9000000
34	-75.9131603
35	-75.9153159
36	-75.9799038
37	-75.9876603
38	-75.9954167
39	-76.0384295
40	-76.0671795
41	-76.1128205
42	-76.1152564
43	-76.1165128
44	-76.1711630
45	-76.1762500
46	-76.1877976
47	-76.1934689
48	-76.1968919
49	-76.1973846
50	-76.2183333
51	-76.1887769
52	-76.1987045
53	-76.2399015
54	-76.2283333
55	-76.2320442
56	-76.2147826
57	-76.2237037
58	-76.2659314
59	-76.2667855
60	-76.2657143
61	-76.2506250
62	-76.2425253
63	-76.2390385
64	-76.2390256
65	-76.2428571
66	-76.2441863
67	-76.2431650
68	-76.2652320
69	-76.2725466
70	-76.2549474
71	-76.2558483
72	-76.2543194
73	-76.2298182
74	-76.1864366
75	-76.1893269
76	-76.2010000
77	-76.2282406
78	-76.2375000
79	-76.2404627
80	-76.2208907
81	-76.1921862
82	-76.2060000
83	-76.2133922
84	-76.2324299
85	-76.2341498
86	-76.2342105
87	-76.2198961
88	-76.2124344
89	-76.2185781
90	-76.2044231
91	-76.2176923
92	-76.2134615
93	-76.2281197
94	-76.2284921
95	-76.2451099
96	-76.2435795
97	-76.2454861
98	-76.2283654
99	-76.2234722
100	-76.2181441
101	-76.2233361
102	-76.2237750
103	-76.2206353
104	-76.2341880
105	-76.2338462
106	-76.1948718
107	-76.2120833
108	-76.2116190
109	-76.1989724
110	-76.2027273
111	-76.2020513
112	-76.1979552
113	-76.1957470
114	-76.1746499
115	-76.1889022
116	-76.2137500
117	-76.1930769
118	-76.2006044
119	-76.1990659
120	-76.1928067
121	-76.1916944
122	-76.1900000
123	-76.1624526
124	-76.1732197
125	-76.1786154
126	-76.1751099
127	-76.1800366
128	-76.1604111
129	-76.1649467
130	-76.1851815
131	-76.1846085
132	-76.1942415
133	-76.1834965
134	-76.1432828
135	-76.1376028
136	-76.1499618
137	-76.1755991
138	-76.1714000
139	-76.1550000
140	-76.1554701
141	-76.1530000
142	-76.1643968
143	-76.1722348
144	-76.1713516
145	-76.1672650
146	-76.1768750
147	-76.1866914
148	-76.1863733
149	-76.1744213
150	-76.1731038
151	-76.1954487
152	-76.1754545
153	-76.1715618
154	-76.1565734
155	-76.1628322
156	-76.1865385
157	-76.1880000
158	-76.1923429
159	-76.2016076
160	-76.1939193
161	-76.1829167
162	-76.2203953
163	-76.2236928
164	-76.2140956
165	-76.1884806
166	-76.1921933
167	-76.1909091
168	-76.1887346
169	-76.1791209
170	-76.1784972
171	-76.1779048
172	-76.1838261
173	-76.1966253
174	-76.1993750
175	-76.2014286
176	-76.2014286
177	-76.2138095
178	-76.2156364
179	-76.2039778
180	-76.2081265
181	-76.2161031
182	-76.1967239
183	-76.2038462
184	-76.2128170
185	-76.2242296
186	-76.2148651
187	-76.2258182
188	-76.2372650
189	-76.2330952
190	-76.2316162
191	-76.2287318
192	-76.2237273
193	-76.2007296
194	-76.1831157
195	-76.1925275
196	-76.1907009
197	-76.1878632
198	-76.1844648
199	-76.1692820
200	-76.1566667
201	-76.1608073
202	-76.1500855
203	-76.1595088
204	-76.1711097
205	-76.1559524
206	-76.1471698
207	-76.1580682
208	-76.1843162
209	-76.1835254
210	-76.1795516
211	-76.1694444
212	-76.1713258
213	-76.1472727
214	-76.1583803
215	-76.1637500
216	-76.1648207
217	-76.1509615
218	-76.1459740
219	-76.1233392
220	-76.1130431
221	-76.1200000
222	-76.1164667
223	-76.1288889
224	-76.1616296
225	-76.1609982
226	-76.1697596
227	-76.1701136
228	-76.1837762
229	-76.1784188
230	-76.2051786
231	-76.2078571
232	-76.2025000
233	-76.1900000
234	-76.1740769
235	-76.1738095
236	-76.1767478
237	-76.1732143
238	-76.1491484
239	-76.1569231
240	-76.1520629
241	-76.1575307
242	-76.1818205
243	-76.1658889
244	-76.1470769
245	-76.1582857
246	-76.1697620
247	-76.1703924
248	-76.1493750
249	-76.1295833
250	-76.1011378
251	-76.0918182
252	-76.0920804
253	-76.0103427
254	-75.9975000
255	-75.8299948
256	-75.6778462
257	-75.4793929
258	-75.3621667
259	-75.2136923
260	-75.1175364
261	-75.0437500
262	-74.9738889
263	-74.9853419
264	-74.9853846
265	-74.9962500
266	-75.1797329
267	-75.2800000
268	-75.4164103
269	-75.5408974
270	-75.6925000
271	-75.7900000
272	-75.9429655
273	-75.9746667
274	-76.0587350
275	-76.0725000
276	-76.0625000
277	-76.0542360
278	-76.0595000
279	-76.0688811
280	-76.0785855
281	-76.1010670
282	-76.1170000
283	-76.1481746
284	-76.1532500
285	-76.1423698
286	-76.1400000
287	-76.1522917
288	-76.1575833
289	-76.1571076
290	-76.1544647
291	-76.1596250
292	-76.1612500
293	-76.1538782
294	-76.1604762
295	-76.1903333
296	-76.2025360
297	-76.1866647
298	-76.1882324
299	-76.1919231
300	-76.1978632
301	-76.1946154
302	-76.1694372
303	-76.1701511
304	-76.1805000
305	-76.1695231
306	-76.1708856
307	-76.1642308
308	-76.1727847
309	-76.1678632
310	-76.1621414
311	-76.1337607
312	-76.1452183
313	-76.1808429
314	-76.1919512
315	-76.1842628
316	-76.1765491
317	-76.1789810
318	-76.1747863
319	-76.1554167
320	-76.1486871
321	-76.1615479
322	-76.1652500
323	-76.1678718
324	-76.1779555
325	-76.1838719
326	-76.1641667
327	-76.1480483
328	-76.1479104
329	-76.1455210
330	-76.1462838
331	-76.1515367
332	-76.1589924
333	-76.1534803
334	-76.1744231
335	-76.1837500
336	-76.1568182
337	-76.1430514
338	-76.1284407
339	-76.1313675
340	-76.1500000
341	-76.1458375
342	-76.1235409
343	-76.1280983
344	-76.1335328
345	-76.1484615
346	-76.1617949
347	-76.1964103
348	-76.1880769
349	-76.1786307
350	-76.1747817
351	-76.1333590
352	-76.1221130
353	-76.1297403
354	-76.1591686
355	-76.1623965
356	-76.1521314
357	-76.1453602
358	-76.1344444
359	-76.1429565
360	-76.1347891
361	-76.1354698
362	-76.1538447
363	-76.1669091
364	-76.1583824
365	-76.1592174
366	-76.1585714
367	-76.1286269
368	-76.1233333
369	-76.1328571
370	-76.1261984
371	-76.1272500
372	-76.1334639
373	-76.1628694
374	-76.1901775
375	-76.1848174
376	-76.1822317
377	-76.1716667
378	-76.1717500
379	-76.1398910
380	-76.1445256
381	-76.1497619
382	-76.1700932
383	-76.1998201
384	-76.2123333
385	-76.2091667
386	-76.1950000
387	-76.2024359
388	-76.1978907
389	-76.1866667
390	-76.1721154
391	-76.1732154
392	-76.1707692
393	-76.1911905
394	-76.1644139
395	-76.1526497
396	-76.1613315
397	-76.1620994
398	-76.1733268
399	-76.1963527
400	-76.2102586
401	-76.1991407
402	-76.1954747
403	-76.1718722
404	-76.1768182
405	-76.1909158
406	-76.2090178
407	-76.2077143
408	-76.1574432
409	-76.1377985
410	-76.1252446
411	-76.1069519
412	-76.0012217
413	-75.8360684
414	-75.7051250
415	-75.5432596
416	-75.3276410
417	-75.1400000
418	-75.0783333
419	-74.8947727
420	-74.7449551
421	-74.6175000
422	-74.4406410
423	-74.3110000
424	-74.1243750
425	-73.9479006
426	-73.7935577
427	-73.6858974
428	-73.5006090
429	-73.4389286
430	-73.3613961
431	-73.3521053
432	-73.3867777
433	-73.4407143
434	-73.9734170
435	-74.3810108
436	-75.0314286
437	-75.8468288
438	-76.8550000
439	-78.0940000
440	-79.2750270
441	-80.6950000
442	-82.1425000
443	-83.4793590
444	-85.0736797
445	-86.7033333
446	-88.3303419
447	-89.8792735
448	-91.3121795
449	-92.6594826
450	-94.0165217
451	-95.3390000
452	-96.6086364
453	-97.6761111
454	-98.7019088
455	-99.7441667
456	-100.4605146
457	-101.2320833
458	-102.0120000
459	-102.6577778
460	-103.2170513
461	-103.6998718
462	-104.1676923
463	-104.4100000
464	-104.8090171
465	-105.0981250
466	-105.3257669
467	-105.4907804
468	-105.6417837
469	-105.7471750
470	-105.8972161
471	-105.9490000
472	-106.0628632
473	-106.0831197
474	-106.1202625
475	-106.1358979
476	-106.1338228
477	-106.1014919
478	-106.0517280
479	-105.9687848
480	-105.9283333
481	-105.7476923
482	-105.5706593
483	-105.3422000
484	-105.0886111
485	-104.7450000
486	-104.3612500
487	-104.0190909
488	-103.5577739
489	-103.0840392
490	-102.6155128
491	-102.1267308
492	-101.6411859
493	-101.1775000
494	-100.7314744
495	-100.3035714
496	-100.0125000
497	-99.7309524
498	-99.5825519
499	-99.5285219
500	-99.5033333
501	-99.5547937
502	-99.6832000
503	-100.0033333
504	-100.3216667
505	-100.6919231
506	-100.9900000
507	-101.5481007
508	-101.9939194
509	-102.4327724
510	-102.8666071
511	-103.2704545
512	-103.6926197
513	-104.0796154
514	-104.4882692
515	-104.7820455
516	-105.0550000
517	-105.3340842
518	-105.5886364
519	-105.7150000
520	-105.8241667
521	-106.0408333
522	-106.2064209
523	-106.2945556
524	-106.3187500
525	-106.4224194
526	-106.4999835
527	-106.5130000
528	-106.5481795
529	-106.5672051
530	-106.6044103
531	-106.6098828
532	-106.6998791
533	-106.7278681
534	-106.7788063
535	-106.8657175
536	-106.8645000
537	-106.9889135
538	-107.1144737
539	-107.1645455
540	-107.3871053
541	-107.6718182
542	-107.7433333
543	-108.2375000
544	-108.7105357
545	-109.1203297
546	-109.6654945
547	-110.4330435
548	-111.2380000
549	-112.1555714
550	-113.2050000
551	-114.3357143
552	-115.4800000
553	-116.7671795
554	-118.1260000
555	-119.8125128
556	-121.3671429
557	-123.1454958
558	-124.8100000
559	-126.4750000
560	-128.1312500
561	-130.0050000
562	-131.5225000
563	-133.2240000
564	-134.5620000
565	-136.2050000
566	-137.1525000
567	-138.2450000
568	-139.2511111
569	-140.1775000
570	-141.0950000
571	-141.5400000
572	-141.8850000
573	-142.0875000
574	-142.2500000
575	-142.1972619
576	-141.9187500
577	-141.7275000
578	-141.3378846
579	-140.9289423
580	-140.3950000
581	-139.6500000
582	-139.0191667
583	-138.3027273
584	-137.3903963
585	-136.4795765
586	-135.6558681
587	-134.8128571
588	-133.9200000
589	-132.8025000
590	-131.7177500
591	-130.6768750
592	-129.5324375
593	-128.3842187
594	-127.1000000
595	-125.8525000
596	-124.5600000
597	-122.8220000
598	-121.4610000
599	-120.0200000
600	-118.3654545
601	-116.7827273
602	-115.2000000
603	-112.9550000
604	-111.3311538
605	-109.3905769
606	-107.5450000
607	-105.4361111
608	-103.4800000
609	-101.5183333
610	-99.6516667
611	-97.9500000
612	-95.7840000
613	-94.2250000
614	-92.6600000
615	-91.4100000
616	-89.7500000
617	-88.6128205
618	-87.3461538
619	-86.5872894
620	-85.7234249
621	-84.8505861
622	-84.4080000
623	-83.7900000
624	-83.4866667
625	-83.1334127
626	-82.5171429
627	-82.5834266
628	-82.3572894
629	-82.1334554
630	-82.0146398
631	-81.9272243
632	-81.8019516
633	-81.7067125
634	-81.6218590
635	-81.5526190
636	-81.4022727
637	-81.2298052
638	-81.1706227
639	-80.9172527
640	-80.6864103
641	-80.5575000
642	-80.3800000
643	-80.0823810
644	-79.9118182
645	-79.7070000
646	-79.4111154
647	-79.2860000
648	-78.9420000
649	-78.6604646
650	-78.4447273
651	-78.1947186
652	-77.8854528
653	-77.6996444
654	-77.4430256
655	-77.2390856
656	-77.0990000
657	-76.7970000
658	-76.5266088
659	-76.3536364
660	-76.0775000
661	-75.8001786
662	-75.5888690
663	-75.3862897
664	-75.1980769
665	-74.7345971
666	-74.4050000
667	-74.0756410
668	-73.6850000
669	-73.3800000
670	-72.8888077
671	-72.2155278
672	-71.6457849
673	-71.0452920
674	-70.2661460
675	-69.5650000
676	-68.8200000
677	-67.7750000
678	-66.6597619
679	-65.5391353
680	-64.5187500
681	-63.2007692
682	-61.9250000
683	-60.5975000
684	-59.0510000
685	-57.4950000
686	-55.9265385
687	-54.3328571
688	-52.8563636
689	-51.4606926
690	-50.0550216
691	-48.6750000
692	-47.2802381
693	-45.8500000
694	-45.0316177
695	-43.7103823
696	-42.8232044
697	-41.9150000
698	-41.0550000
699	-40.2225000
700	-39.4033333
701	-38.8266667
702	-38.2484444
703	-37.7720000
704	-37.2360000
705	-36.7000000
706	-36.1000000
707	-35.7750000
708	-35.3625000
709	-34.9475000
710	-34.6687500
711	-34.3200000
712	-33.9916667
713	-33.8383333
714	-33.6095635
715	-33.3737500
716	-33.2192857
717	-33.1714125
718	-33.1821591
719	-33.1560000
720	-33.2259004
721	-33.2995238
722	-33.3932143
723	-33.7090909
724	-34.0809607
725	-34.5298543
726	-34.9483762
727	-35.4744549
728	-36.1400000
729	-36.8282609
730	-37.4794203
731	-38.3072464
732	-39.1175000
733	-39.9967857
734	-41.0260714
735	-42.0125455
736	-43.0520000
737	-44.1105333
738	-45.2561000
739	-46.3424250
740	-47.3850000
741	-48.6509524
742	-49.8569048
743	-50.9641667
744	-52.0957143
745	-53.1659200
746	-54.3350000
747	-55.7238889
748	-56.5477778
749	-57.5677593
750	-58.5787500
751	-59.5193750
752	-60.3960000
753	-61.2617249
754	-62.1335227
755	-62.9650000
756	-63.6540476
757	-64.3470238
758	-64.9910119
759	-65.5912500
760	-66.2237500
761	-66.7048214
762	-67.1381151
763	-67.6383333
764	-68.0400000
765	-68.3750094
766	-68.7238095
767	-69.0256752
768	-69.4012500
769	-69.6809524
770	-69.9569048
771	-70.0921190
772	-70.2920696
773	-70.5398352
774	-70.6200000
775	-70.8263636
776	-70.8600000
777	-70.9800000
778	-71.0662857
779	-71.0070000
780	-71.0950256
781	-71.2076190
782	-71.2100000
783	-71.2489744
784	-71.3263462
785	-71.3419096
786	-71.3400000
787	-71.3666234
788	-71.4538278
789	-71.2978205
790	-71.3750000
791	-71.2650000
792	-71.2483333
793	-71.2135470
794	-71.1723864
795	-71.1363636
796	-71.1493434
797	-71.1623232
798	-71.1531368
799	-71.1714947
800	-71.1824339
801	-71.0921429
802	-71.2598168
803	-71.3924908
804	-71.3488235
805	-71.3942745
806	-71.5490000
807	-71.6570000
808	-71.7841667
809	-71.8583333
810	-72.0343333
811	-72.1040000
812	-72.2011111
813	-72.2640000
814	-72.4788095
815	-72.5775000
816	-72.6540000
817	-72.8437143
818	-73.0002381
819	-72.9534188
820	-73.0921111
821	-73.1164180
822	-73.1146113
823	-73.1672000
824	-73.1500000
825	-73.1091667
826	-72.9701984
827	-72.8993333
828	-72.7867778
829	-72.6100000
830	-72.4400595
831	-72.1875595
832	-71.9837500
833	-71.6925000
834	-71.4484524
835	-71.0908333
836	-70.8213333
837	-70.5515000
838	-70.3122727
839	-69.9838939
840	-69.7260000
841	-69.3952778
842	-69.1140000
843	-68.7692308
844	-68.5423333
845	-68.2577619
846	-67.9874591
847	-67.8154545
848	-67.5522944
849	-67.3930000
850	-67.1085000
851	-66.9118056
852	-66.8080000
853	-66.6832500
854	-66.4425000
855	-66.3180000
856	-66.1760000
857	-66.0750769
858	-66.0160000
859	-65.8527778
860	-65.7917628
861	-65.7167756
862	-65.6602500
863	-65.5746154
864	-65.4210000
865	-65.3508333
866	-65.3210714
867	-65.2796429
868	-65.2471429
869	-65.2350000
870	-65.1420238
871	-65.1482143
872	-65.1140584
873	-65.1239286
874	-65.1343137
875	-65.1217460
876	-65.1118254
877	-65.0850000
878	-65.0862500
879	-65.0850910
880	-65.1334615
881	-65.1573399
882	-65.1650000
883	-65.1955882
884	-65.2393590
885	-65.2617857
886	-65.3441758
887	-65.3790441
888	-65.4552416
889	-65.5193178
890	-65.5213718
891	-65.5846667
892	-65.6100000
893	-65.7141597
894	-65.7610504
895	-65.7900000
896	-65.9071429
897	-65.9562500
898	-66.0575000
899	-66.1728205
900	-66.2060000
901	-66.3357143
902	-66.4650000
903	-66.6049038
904	-66.6974646
905	-66.8490797
906	-66.9278571
907	-67.0177778
908	-67.1440476
909	-67.2550000
910	-67.3743333
911	-67.5620000
912	-67.6950000
913	-67.8487778
914	-67.9673077
915	-68.0650000
916	-68.2100000
917	-68.3985714
918	-68.5964469
919	-68.7897813
920	-69.0266068
921	-69.1874405
922	-69.3766789
923	-69.4075000
924	-69.6670238
925	-69.8641667
926	-69.9725000
927	-70.2404545
928	-70.5052500
929	-70.7157143
930	-70.8512500
931	-71.1201603
932	-71.3419475
933	-71.4550000
934	-71.7298718
935	-71.8810000
936	-72.2259744
937	-72.4194545
938	-72.6760000
939	-72.9489917
940	-73.1180000
941	-73.3283333
942	-73.5756667
943	-73.7070000
944	-74.0140000
945	-74.2895238
946	-74.4400000
947	-74.7668182
948	-74.9922727
949	-75.1252381
950	-75.4071429
951	-75.6100000
952	-75.9050000
953	-76.1687275
954	-76.3257500
955	-76.5947479
956	-76.8038888
957	-77.0833974
958	-77.2702991
959	-77.4866807
960	-77.6846078
961	-77.9285714
962	-78.1796449
963	-78.3533333
964	-78.5765556
965	-78.7100000
966	-78.9480952
967	-79.1650000
968	-79.4266667
969	-79.6362500
970	-79.8674379
971	-79.9762500
972	-80.0695192
973	-80.2541255
974	-80.5283333
975	-80.7831685
976	-80.9744056
977	-81.1233333
978	-81.3050000
979	-81.4900000
980	-81.7314286
981	-81.9473810
982	-82.1172207
983	-82.2520833
984	-82.4104103
985	-82.5877619
986	-82.7987500
987	-83.0152976
988	-83.1000000
989	-83.2593956
990	-83.3550000
991	-83.5350000
992	-83.7776190
993	-83.9212500
994	-84.0260119
995	-84.1255462
996	-84.2450000
997	-84.4250000
998	-84.5983333
999	-84.7350000
1000	-84.8911905
1001	-84.9802521
1002	-85.0768908
1003	-85.2250000
1004	-85.3361111
1005	-85.3960000
1006	-85.5195595
1007	-85.6056190
1008	-85.7485397
1009	-85.8668175
1010	-85.9922725
1011	-86.0223214
1012	-86.1538095
1013	-86.2153401
1014	-86.3278571
1015	-86.4024706
1016	-86.4913866
1017	-86.5528431
1018	-86.6036331
1019	-86.6309610
1020	-86.7036667
1021	-86.7407143
1022	-86.8129545
1023	-86.8200000
1024	-86.7830952
1025	-86.8577395
1026	-86.9290000
1027	-87.0510952
1028	-87.0351270
1029	-87.0410437
1030	-87.0235294
1031	-86.9883333
1032	-87.0275000
1033	-87.0775000
1034	-87.0225000
1035	-87.0385165
1036	-87.0585714
1037	-87.0766667
1038	-87.0023289
1039	-87.0200000
1040	-86.9787500
1041	-87.0029167
1042	-86.9733532
1043	-87.0032540
1044	-86.9492019
1045	-86.9125000
1046	-86.8550000
1047	-86.8358333
1048	-86.7887500
1049	-86.7500595
1050	-86.6735434
1051	-86.6550000
1052	-86.5658824
1053	-86.5760224
1054	-86.4434921
1055	-86.3775000
1056	-86.3533333
1057	-86.3111111
1058	-86.2293684
1059	-86.1340166
1060	-86.0750000
1061	-86.0492717
1062	-85.9487115
1063	-85.8388936
1064	-85.7600000
1065	-85.6720833
1066	-85.6433013
1067	-85.5629322
1068	-85.4463235
1069	-85.3268201
1070	-85.2357143
1071	-85.1161905
1072	-84.9695238
1073	-84.9400000
1074	-84.7661765
1075	-84.7054167
1076	-84.6591270
1077	-84.5021289
1078	-84.3613445
1079	-84.2607692
1080	-84.1691667
1081	-84.0803846
1082	-83.8874725
1083	-83.8045000
1084	-83.6343571
1085	-83.4675490
1086	-83.3340359
1087	-83.2069959
1088	-83.0800000
1089	-82.9342857
1090	-82.8307743
1091	-82.6868333
1092	-82.5675952
1093	-82.4093452
1094	-82.3025000
1095	-82.1601504
1096	-82.0154762
1097	-81.8347273
1098	-81.7570000
1099	-81.5740693
1100	-81.4566667
1101	-81.3122222
1102	-81.1677778
1103	-81.0300000
1104	-80.7971429
1105	-80.6600000
1106	-80.4945238
1107	-80.3926190
1108	-80.2276190
1109	-80.0673810
1110	-79.9264286
1111	-79.7585714
1112	-79.6750000
1113	-79.4590293
1114	-79.3325000
1115	-79.1211905
1116	-78.9459524
1117	-78.8721429
1118	-78.7216667
1119	-78.5235714
1120	-78.3976190
1121	-78.2030159
1122	-78.1226984
1123	-77.8913657
1124	-77.6828571
1125	-77.5975000
1126	-77.4776190
1127	-77.2667766
1128	-77.1390247
1129	-76.9500029
1130	-76.7500253
1131	-76.6116667
1132	-76.4494451
1133	-76.3323016
1134	-76.1533862
1135	-75.9814486
1136	-75.8007341
1137	-75.6599403
1138	-75.5500000
1139	-75.4259524
1140	-75.1961905
1141	-75.0461310
1142	-74.8879167
1143	-74.7950000
1144	-74.5621389
1145	-74.5183333
1146	-74.3038095
1147	-74.0807339
1148	-73.9570513
1149	-73.8450000
1150	-73.7100000
1151	-73.4823810
1152	-73.2704762
1153	-73.2650000
1154	-73.0085714
1155	-72.7572727
1156	-72.6388528
1157	-72.5083333
1158	-72.3071429
1159	-72.1666667
1160	-71.9380556
1161	-71.7908333
1162	-71.6241667
1163	-71.3999603
1164	-71.2595000
1165	-71.1079286
1166	-70.9400000
1167	-70.7687500
1168	-70.5386310
1169	-70.4264286
1170	-70.3150000
1171	-70.0721429
1172	-69.8169643
1173	-69.6137500
1174	-69.5329167
1175	-69.2309762
1176	-69.0683333
1177	-68.8193815
1178	-68.6190000
1179	-68.3804762
1180	-68.1390476
1181	-67.9557143
1182	-67.6920238
1183	-67.5336538
1184	-67.3103463
1185	-67.0691180
1186	-66.8929008
1187	-66.6499881
1188	-66.3949365
1189	-66.1827192
1190	-65.9228783
1191	-65.7033333
1192	-65.4009524
1193	-65.1845226
1194	-64.8895214
1195	-64.6687500
1196	-64.3518452
1197	-64.0504277
1198	-63.8162500
1199	-63.4811364
1200	-63.1466987
1201	-62.9143685
1202	-62.6458333
1203	-62.3305952
1204	-62.0643647
1205	-61.7295238
1206	-61.3861905
1207	-61.0488095
1208	-60.6600794
1209	-60.4380769
1210	-60.0974176
1211	-59.7992857
1212	-59.5188462
1213	-59.1400000
1214	-58.7558333
1215	-58.3866667
1216	-58.0291667
1217	-57.6662500
1218	-57.2966071
1219	-56.9254697
1220	-56.5916667
1221	-56.2096429
1222	-55.8512000
1223	-55.4630000
1224	-55.1295000
1225	-54.8921591
1226	-54.4485694
1227	-53.9770868
1228	-53.5778571
1229	-53.2207143
1230	-52.8747619
1231	-52.4050000
1232	-52.0061859
1233	-51.6270395
1234	-51.2958772
1235	-50.9126190
1236	-50.5191667
1237	-50.1900000
1238	-49.7979167
1239	-49.4187840
1240	-49.0291414
1241	-48.5566657
1242	-48.1700000
1243	-47.8229167
1244	-47.4729762
1245	-47.1124206
1246	-46.8095238
1247	-46.3975000
1248	-46.0483333
1249	-45.5996429
1250	-45.2022619
1251	-44.9007540
1252	-44.6723684
1253	-44.2850000
1254	-43.9100000
1255	-43.5769048
1256	-43.2884974
1257	-42.9486111
1258	-42.5908310
1259	-42.3037488
1260	-42.0333333
1261	-41.6950000
1262	-41.3860804
1263	-41.0439286
1264	-40.7966667
1265	-40.5260317
1266	-40.3416667
1267	-40.0400000
1268	-39.7750000
1269	-39.5144872
1270	-39.2698291
1271	-38.9455162
1272	-38.7316667
1273	-38.5884127
1274	-38.3335714
1275	-38.0821429
1276	-37.9650000
1277	-37.7500000
1278	-37.5442857
1279	-37.3000000
1280	-37.1206002
1281	-37.0001786
1282	-36.8224625
1283	-36.7239927
1284	-36.6066667
1285	-36.5680952
1286	-36.3639286
1287	-36.2270238
1288	-36.0916667
1289	-36.0194048
1290	-35.8855952
1291	-35.7840476
1292	-35.6650000
1293	-35.7139216
1294	-35.5342857
1295	-35.5504167
1296	-35.4372222
1297	-35.4445833
1298	-35.3211365
1299	-35.3580952
1300	-35.3426984
1301	-35.3378852
1302	-35.3954902
1303	-35.3244945
1304	-35.3013757
1305	-35.3321164
1306	-35.3209700
1307	-35.3075000
1308	-35.4219231
1309	-35.4144231
1310	-35.4736905
1311	-35.5705952
1312	-35.5997436
1313	-35.6983333
1314	-35.7500000
1315	-35.7662500
1316	-35.9164286
1317	-35.9407143
1318	-35.9988095
1319	-36.1050000
1320	-36.2758333
1321	-36.3589683
1322	-36.5101587
1323	-36.5450000
1324	-36.6811905
1325	-36.8550000
1326	-36.9908513
1327	-37.0900000
1328	-37.2376190
1329	-37.3440000
1330	-37.5499048
1331	-37.6947619
1332	-37.8450000
1333	-38.0414286
1334	-38.2182873
1335	-38.3540476
1336	-38.5880952
1337	-38.7075641
1338	-38.9315217
1339	-39.1314286
1340	-39.2650000
1341	-39.4964286
1342	-39.6812589
1343	-39.9277709
1344	-40.1483333
1345	-40.3782540
1346	-40.5723529
1347	-40.8041667
1348	-41.0062500
1349	-41.1500000
1350	-41.4300000
1351	-41.7379121
1352	-42.0026190
1353	-42.2356667
1354	-42.5096667
1355	-42.7470000
1356	-43.0058956
1357	-43.2645000
1358	-43.5437104
1359	-43.7860526
1360	-44.1162143
1361	-44.4044524
1362	-44.6363019
1363	-44.9375429
1364	-45.2611237
1365	-45.4751457
1366	-45.8457143
1367	-46.1000000
1368	-46.4876190
1369	-46.7830952
1370	-47.0875595
1371	-47.4593750
1372	-47.7746875
1373	-48.0200000
1374	-48.4800000
1375	-48.8619048
1376	-49.0683333
1377	-49.5799206
1378	-49.9342105
1379	-50.3145455
1380	-50.6955628
1381	-51.0844733
1382	-51.4769553
1383	-51.8702381
1384	-52.1433333
1385	-52.7073016
1386	-53.1313228
1387	-53.5916667
1388	-54.0981746
1389	-54.5376548
1390	-54.9196561
1391	-55.4214286
1392	-55.8100000
1393	-56.3564444
1394	-56.8959841
1395	-57.3767460
1396	-57.7461905
1397	-58.1991667
1398	-58.6455000
1399	-59.1570714
1400	-59.4762500
1401	-59.8499405
1402	-60.2543636
1403	-60.4750000
1404	-60.9233333
1405	-61.3041667
1406	-61.6483204
1407	-61.8350000
1408	-62.2902381
1409	-62.5500000
1410	-62.8025000
1411	-63.0450000
1412	-63.3650000
1413	-63.6518560
1414	-63.8611765
1415	-64.1675000
1416	-64.4100556
1417	-64.6045688
1418	-64.8002487
1419	-65.0989286
1420	-65.3512775
1421	-65.5118421
1422	-65.7459524
1423	-65.9302991
1424	-66.1845824
1425	-66.4070849
1426	-66.6050000
1427	-66.8343750
1428	-67.0700000
1429	-67.2400556
1430	-67.3686111
1431	-67.5460000
1432	-67.7604127
1433	-67.9315476
1434	-68.1241667
1435	-68.2543590
1436	-68.4572894
1437	-68.5450000
1438	-68.6860714
1439	-68.9528571
1440	-69.0210806
1441	-69.2280952
1442	-69.3728016
1443	-69.5088376
1444	-69.6475543
1445	-69.8284242
1446	-69.9277728
1447	-69.9521591
1448	-70.1779444
1449	-70.3436005
1450	-70.4624365
1451	-70.5116667
1452	-70.6340020
1453	-70.6968407
1454	-70.8391346
1455	-70.9550000
1456	-71.0697619
1457	-71.1612500
1458	-71.2467071
1459	-71.3086305
1460	-71.4248111
1461	-71.4436923
1462	-71.5665385
1463	-71.6895622
1464	-71.7420455
1465	-71.7650000
1466	-71.8608462
1467	-71.9520000
1468	-72.0499524
1469	-72.1440741
1470	-72.2205556
1471	-72.2420870
1472	-72.3290145
1473	-72.4186147
1474	-72.4643209
1475	-72.5229807
1476	-72.6143269
1477	-72.6344359
1478	-72.7117143
1479	-72.7132143
1480	-72.8110714
1481	-72.8842971
1482	-72.9025000
1483	-72.9372059
1484	-72.9909524
1485	-73.0367460
1486	-73.0998677
1487	-73.1493333
1488	-73.2021162
1489	-73.2125000
1490	-73.2283333
1491	-73.3132593
1492	-73.3496154
1493	-73.3869469
1494	-73.3974545
1495	-73.4323852
1496	-73.4740434
1497	-73.5393786
1498	-73.5486617
1499	-73.5849097
1500	-73.6488529
1501	-73.6643541
1502	-73.6849794
1503	-73.7059559
1504	-73.7358526
1505	-73.8150154
1506	-73.8165521
1507	-73.8195798
1508	-73.8658261
1509	-73.9008431
1510	-73.9000460
1511	-73.9162947
1512	-73.9951338
1513	-73.9965445
1514	-73.9995143
1515	-74.0413636
1516	-74.0789161
1517	-74.0857289
1518	-74.0933589
1519	-74.0838277
1520	-74.0871888
1521	-74.1250000
1522	-74.1336364
1523	-74.1551869
1524	-74.1399355
1525	-74.1716667
1526	-74.2501721
1527	-74.2423594
1528	-74.2485185
1529	-74.2655000
1530	-74.2836346
1531	-74.3010916
1532	-74.2835256
1533	-74.2835294
1534	-74.3664146
1535	-74.3720469
1536	-74.4113849
1537	-74.4160227
1538	-74.4395833
1539	-74.4468269
1540	-74.4564615
1541	-74.4711538
1542	-74.4942735
1543	-74.4741364
1544	-74.5273741
1545	-74.5291000
1546	-74.5112205
1547	-74.5336364
1548	-74.5562304
1549	-74.5867619
1550	-74.5835714
1551	-74.5830977
1552	-74.5883333
1553	-74.5837463
1554	-74.5775000
1555	-74.5775595
1556	-74.5750926
1557	-74.5758286
1558	-74.5700000
1559	-74.5731111
1560	-74.5598586
1561	-74.5650899
1562	-74.5633987
1563	-74.6023922
1564	-74.6081222
1565	-74.6036364
1566	-74.6169264
1567	-74.5983333
1568	-74.5849706
1569	-74.5857725
1570	-74.5819198
1571	-74.5373066
1572	-74.5177237
1573	-74.5083333
1574	-74.5097619
1575	-74.4830952
1576	-74.4763158
1577	-74.4392430
1578	-74.4311567
1579	-74.4487946
1580	-74.4502221
1581	-74.4404167
1582	-74.3780573
1583	-74.3854061
1584	-74.3739683
1585	-74.3596285
1586	-74.3462157
1587	-74.3407656
1588	-74.3416996
1589	-74.3373026
1590	-74.3250000
1591	-74.3213462
1592	-74.3291617
1593	-74.3442907
1594	-74.3369858
1595	-74.3366484
1596	-74.3207875
1597	-74.2977839
1598	-74.2902137
1599	-74.3019188
1600	-74.3047071
1601	-74.3040060
1602	-74.3056579
1603	-74.2725195
1604	-74.2758571
1605	-74.2783371
1606	-74.2760952
1607	-74.2912937
1608	-74.2907143
1609	-74.2776190
1610	-74.2826641
1611	-74.2685451
1612	-74.2629167
1613	-74.2735714
1614	-74.2748619
1615	-74.2527564
1616	-74.2678361
1617	-74.2784298
1618	-74.2603636
1619	-74.2611868
1620	-74.2769643
1621	-74.2776546
1622	-74.2850000
1623	-74.2850490
1624	-74.2858894
1625	-74.2720098
1626	-74.2752183
1627	-74.2801162
1628	-74.3099318
1629	-74.3084524
1630	-74.2632143
1631	-74.2575840
1632	-74.2587556
1633	-74.2679294
1634	-74.2666209
1635	-74.2638663
1636	-74.2672894
1637	-74.2713416
1638	-74.2871139
1639	-74.2844167
1640	-74.2882106
1641	-74.2815714
1642	-74.2855714
1643	-74.2880476
1644	-74.3071985
1645	-74.3170261
1646	-74.2968626
1647	-74.2941667
1648	-74.2892737
1649	-74.2939286
1650	-74.3046905
1651	-74.3029487
1652	-74.2985714
1653	-74.2941667
1654	-74.3000000
1655	-74.3213866
1656	-74.3228571
1657	-74.3013810
1658	-74.2964249
1659	-74.2937500
1660	-74.3332051
1661	-74.3418165
1662	-74.3453828
1663	-74.3417647
1664	-74.3360000
1665	-74.3210460
1666	-74.3175000
1667	-74.3174045
1668	-74.3246230
1669	-74.3434736
1670	-74.3433529
1671	-74.3310120
1672	-74.3192857
1673	-74.3201401
1674	-74.3147806
1675	-74.3139615
1676	-74.3116345
1677	-74.3128451
1678	-74.2988889
1679	-74.2904938
1680	-74.2954383
1681	-74.3051263
1682	-74.3028938
1683	-74.3033142
1684	-74.3060709
1685	-74.2956078
1686	-74.3060559
1687	-74.3033333
1688	-74.3095588
1689	-74.3127717
1690	-74.3330622
1691	-74.3442100
1692	-74.3446206
1693	-74.3522000
1694	-74.3571346
1695	-74.3416209
1696	-74.3611538
1697	-74.3766084
1698	-74.3695685
1699	-74.3661609
1700	-74.3726667
1701	-74.3767857
1702	-74.3805732
1703	-74.3851923
1704	-74.3996122
1705	-74.4031971
1706	-74.4035784
1707	-74.4087500
1708	-74.4167402
1709	-74.4278571
1710	-74.4256429
1711	-74.4250058
1712	-74.4240134
1713	-74.4136842
1714	-74.4176566
1715	-74.4185185
1716	-74.3900000
1717	-74.4071569
1718	-74.4244240
1719	-74.4170567
1720	-74.4108009
1721	-74.3805591
1722	-74.3882500
1723	-74.4155616
1724	-74.4192951
1725	-74.4347826
1726	-74.4214948
1727	-74.4083929
1728	-74.4041667
1729	-74.4120238
1730	-74.4266270
1731	-74.4132876
1732	-74.4244026
1733	-74.4171344
1734	-74.4162912
1735	-74.4141429
1736	-74.3980769
1737	-74.4004167
1738	-74.4076786
1739	-74.4211688
1740	-74.4229469
1741	-74.4268519
1742	-74.4312500
1743	-74.4316865
1744	-74.4277919
1745	-74.4131818
1746	-74.4341749
1747	-74.4136001
1748	-74.4175889
1749	-74.4472915
1750	-74.4440735
1751	-74.4604927
1752	-74.4613018
1753	-74.4458929
1754	-74.4380952
1755	-74.4430000
1756	-74.4449342
1757	-74.4470814
1758	-74.4554832
1759	-74.4519958
1760	-74.4460174
1761	-74.4496078
1762	-74.4654402
1763	-74.4590967
1764	-74.4615596
1765	-74.4880772
1766	-74.4869453
1767	-74.4834981
1768	-74.4822794
1769	-74.4733929
1770	-74.4566667
1771	-74.4585577
1772	-74.4570000
1773	-74.4696978
1774	-74.4718407
1775	-74.4746622
1776	-74.4720000
1777	-74.4681667
1778	-74.4809958
1779	-74.4808009
1780	-74.4769052
1781	-74.4720779
1782	-74.4689270
1783	-74.4728662
1784	-74.4584629
1785	-74.4639216
1786	-74.4538504
1787	-74.4554482
1788	-74.4540687
1789	-74.4563919
1790	-74.4592857
1791	-74.4544408
1792	-74.4866496
1793	-74.4995588
1794	-74.5045802
1795	-74.5100000
1796	-74.5067436
1797	-74.5096667
1798	-74.4976965
1799	-74.4991325
1800	-74.4972961
1801	-74.4828333
1802	-74.4681667
1803	-74.4664941
1804	-74.4758158
1805	-74.5235000
1806	-74.4966378
1807	-74.4745119
1808	-74.4742857
1809	-74.4786364
1810	-74.4802941
1811	-74.4866667
1812	-74.4863568
1813	-74.4631423
1814	-74.4533333
1815	-74.4737143
1816	-74.4703922
1817	-74.4810079
1818	-74.4807407
1819	-74.4751187
1820	-74.4665368
1821	-74.4656177
1822	-74.4782738
1823	-74.4828077
1824	-74.4930392
1825	-74.4768067
1826	-74.4583982
1827	-74.4547315
1828	-74.4576282
1829	-74.4606667
1830	-74.4650000
1831	-74.4652727
1832	-74.4605195
1833	-74.4616667
1834	-74.4809119
1835	-74.4787912
1836	-74.4771932
1837	-74.4764353
1838	-74.4752021
1839	-74.4763979
1840	-74.4759845
1841	-74.4859627
1842	-74.5228346
1843	-74.5141204
1844	-74.5004470
1845	-74.5003049
1846	-74.4985714
1847	-74.5085706
1848	-74.5028889
1849	-74.5085026
1850	-74.5183611
1851	-74.5297096
1852	-74.5281985
1853	-74.5195874
1854	-74.5082857
1855	-74.4861839
1856	-74.5008704
1857	-74.5131197
1858	-74.5142308
1859	-74.5261355
1860	-74.5205100
1861	-74.5238095
1862	-74.5363579
1863	-74.5291349
1864	-74.5168421
1865	-74.4902174
1866	-74.4946472
1867	-74.5177396
1868	-74.5060000
1869	-74.5222727
1870	-74.5293533
1871	-74.5267429
1872	-74.5240520
1873	-74.5187879
1874	-74.5209091
1875	-74.5183983
1876	-74.5303846
1877	-74.5492821
1878	-74.5591071
1879	-74.5545227
1880	-74.5182916
1881	-74.5242308
1882	-74.5310969
1883	-74.5305263
1884	-74.5312637
1885	-74.5614586
1886	-74.5671978
1887	-74.5283088
1888	-74.4670833
1889	-74.4685714
1890	-74.4833451
1891	-74.4989583
1892	-74.5126099
1893	-74.5113636
1894	-74.4959091
1895	-74.5151852
1896	-74.5160141
1897	-74.5135097
1898	-74.5239286
1899	-74.5258333
1900	-74.5295308
1901	-74.5265669
1902	-74.5219191
1903	-74.5230809
1904	-74.5226623
1905	-74.5259223
1906	-74.5308372
1907	-74.5153762
1908	-74.5200000
1909	-74.5233333
1910	-74.5482867
1911	-74.5479883
1912	-74.5497693
1913	-74.5609804
1914	-74.5619048
1915	-74.5541176
1916	-74.5302381
1917	-74.5140616
1918	-74.5058333
1919	-74.5300000
1920	-74.5364286
1921	-74.5437427
1922	-74.5339405
1923	-74.5166667
1924	-74.5200000
1925	-74.5112821
1926	-74.5302267
1927	-74.5041667
1928	-74.5035144
1929	-74.5041534
1930	-74.4979504
1931	-74.5266484
1932	-74.5370701
1933	-74.5225607
1934	-74.5231579
1935	-74.5470940
1936	-74.5486806
1937	-74.5467857
1938	-74.5237245
1939	-74.5421429
1940	-74.5560000
1941	-74.5558571
1942	-74.5374058
1943	-74.5183333
1944	-74.5045398
1945	-74.5021543
1946	-74.5042949
1947	-74.5267735
1948	-74.5298183
1949	-74.5485440
1950	-74.5408030
1951	-74.5436763
1952	-74.5437912
1953	-74.5512637
1954	-74.5235344
1955	-74.5146475
1956	-74.5069279
1957	-74.5042460
1958	-74.5104167
1959	-74.5295833
1960	-74.5357158
1961	-74.5350000
1962	-74.5437249
1963	-74.5446604
1964	-74.5449571
1965	-74.5373333
1966	-74.5401144
1967	-74.5792632
1968	-74.5507143
1969	-74.5097060
1970	-74.5046023
1971	-74.5087500
1972	-74.5206090
1973	-74.5276122
1974	-74.5357937
1975	-74.5591867
1976	-74.5666792
1977	-74.5840978
1978	-74.5848479
1979	-74.5859367
1980	-74.5703133
1981	-74.5495290
1982	-74.5493936
1983	-74.5443776
1984	-74.5660736
1985	-74.5536388
1986	-74.5480952
1987	-74.5485714
1988	-74.5511173
1989	-74.5512919
1990	-74.5450000
1991	-74.5460832
1992	-74.5545833
1993	-74.5502396
1994	-74.5249190
1995	-74.5277381
1996	-74.5239351
1997	-74.5238541
1998	-74.5188312
1999	-74.5204202
2000	-74.5208333
2001	-74.5271528
2002	-74.5283281
2003	-74.5331986
2004	-74.5620467
2005	-74.5594643
2006	-74.5598214
2007	-74.5390476
2008	-74.5441667
2009	-74.5657479
2010	-74.5873291
2011	-74.5760714
2012	-74.5465000
2013	-74.5295387
2014	-74.5189205
2015	-74.5159605
2016	-74.5249134
2017	-74.5380626
2018	-74.5340650
2019	-74.5292857
2020	-74.5303571
2021	-74.5194118
2022	-74.5193956
2023	-74.5214286
2024	-74.5117857
2025	-74.5083333
2026	-74.5268194
2027	-74.5133333
2028	-74.5293651
2029	-74.5322062
2030	-74.5380727
2031	-74.5570067
2032	-74.5594118
2033	-74.5533571
2034	-74.5548870
2035	-74.5533500
2036	-74.5522750
2037	-74.5481121
2038	-74.5584615
2039	-74.5700000
2040	-74.5683333
2041	-74.5599206
2042	-74.5703501
2043	-74.5522462
2044	-74.5620900
2045	-74.5667849
2046	-74.5643590
2047	-74.5711555
2048	-74.5553608
2049	-74.5493724
2050	-74.5368496
2051	-74.5375886
2052	-74.5368558
2053	-74.5490789
2054	-74.5700000
2055	-74.5902821
2056	-74.5780455
2057	-74.5979439
2058	-74.5917000
2059	-74.5939394
2060	-74.5873882
2061	-74.5773559
2062	-74.5680670
2063	-74.5720000
2064	-74.5982879
2065	-74.5960000
2066	-74.5807692
2067	-74.5816593
2068	-74.6260777
2069	-74.6127273
2070	-74.5964706
2071	-74.5991175
2072	-74.5939792
2073	-74.5936522
2074	-74.6066780
2075	-74.5998214
2076	-74.5693315
2077	-74.5605804
2078	-74.5470635
2079	-74.5514947
2080	-74.5702489
2081	-74.5556380
2082	-74.5678889
2083	-74.5936175
2084	-74.6165644
2085	-74.6106090
2086	-74.5735577
2087	-74.5491538
2088	-74.5517051
2089	-74.5705769
2090	-74.5557143
2091	-74.5488889
2092	-74.5507163
2093	-74.5589011
2094	-74.5615455
2095	-74.5700000
2096	-74.5780000
2097	-74.5692274
2098	-74.5621234
2099	-74.5619318
2100	-74.5742857
2101	-74.5733333
2102	-74.5654667
2103	-74.5717045
2104	-74.5799405
2105	-74.5783917
2106	-74.5524252
2107	-74.5734211
2108	-74.5877143
2109	-74.5897802
2110	-74.6063968
2111	-74.5883333
2112	-74.5907692
2113	-74.5950000
2114	-74.5982372
2115	-74.5968910
2116	-74.6080000
2117	-74.6065573
2118	-74.6112598
2119	-74.6220000
2120	-74.5992381
2121	-74.6027273
2122	-74.6132168
2123	-74.6186538
2124	-74.5848291
2125	-74.5855556
2126	-74.5860185
2127	-74.5867593
2128	-74.5867222
2129	-74.6088553
2130	-74.6387125
2131	-74.6441862
2132	-74.6496599
2133	-74.6486223
2134	-74.6419386
2135	-74.6290688
2136	-74.6189011
2137	-74.6411029
2138	-74.6421429
2139	-74.6297552
2140	-74.6345055
2141	-74.6311667
2142	-74.6399359
2143	-74.6386636
2144	-74.6360055
2145	-74.6390384
2146	-74.6268331
2147	-74.6222718
2148	-74.6091667
2149	-74.6217152
2150	-74.6240000
2151	-74.6375238
2152	-74.6376288
2153	-74.6371624
2154	-74.6322679
2155	-74.6595011
2156	-74.6512374
2157	-74.6471818
2158	-74.6318182
2159	-74.6138301
2160	-74.5967937
2161	-74.5980978
2162	-74.5948500
2163	-74.5630162
2164	-74.5176250
2165	-74.4569237
2166	-74.4465909
2167	-74.3466623
2168	-74.3316667
2169	-74.1540476
2170	-74.0507692
2171	-73.8431136
2172	-73.6677198
2173	-73.5181250
2174	-73.2125972
2175	-72.9948462
2176	-72.7259744
2177	-72.4979304
2178	-72.2745437
2179	-72.1360714
2180	-72.0556639
2181	-72.0538857
2182	-72.1407361
2183	-72.3443750
2184	-72.7579464
2185	-73.3895298
2186	-73.9628261
2187	-74.9895000
2188	-76.0612500
2189	-77.3175385
2190	-78.6622727
2191	-80.0516176
2192	-81.4447619
2193	-83.1973793
2194	-84.8010000
2195	-86.3765000
2196	-87.9163273
2197	-89.4772348
2198	-90.9280321
2199	-92.3630294
2200	-93.7970842
2201	-94.9812500
2202	-96.1579167
2203	-97.2637298
2204	-98.1783173
2205	-99.0158681
2206	-99.7601563
2207	-100.4695393
2208	-101.2122222
2209	-101.5120000
2210	-101.9928601
2211	-102.3511587
2212	-102.6003261
2213	-102.8618571
2214	-103.0612302
2215	-103.2379744
2216	-103.3907110
2217	-103.4425000
2218	-103.4628985
2219	-103.4698920
2220	-103.4542887
2221	-103.3627706
2222	-103.2710390
2223	-103.0850000
2224	-102.8156061
2225	-102.5735470
2226	-102.3118182
2227	-101.9444949
2228	-101.5222436
2229	-100.9800641
2230	-100.4068750
2231	-99.8035737
2232	-99.1008333
2233	-98.3261111
2234	-97.6168182
2235	-96.8369565
2236	-96.0990000
2237	-95.3711111
2238	-94.7148337
2239	-94.0119444
2240	-93.4348527
2241	-92.9258859
2242	-92.4797727
2243	-92.1878136
2244	-92.0734184
2245	-92.0165993
2246	-92.0501347
2247	-92.1721469
2248	-92.3435714
2249	-92.7427778
2250	-93.2359259
2251	-93.6880556
2252	-94.1584005
2253	-94.7481312
2254	-95.2828212
2255	-95.8016447
2256	-96.3019768
2257	-96.7642857
2258	-97.1853846
2259	-97.5812709
2260	-97.9217949
2261	-98.1979412
2262	-98.4723684
2263	-98.6750000
2264	-98.8454487
2265	-98.9425000
2266	-99.1060390
2267	-99.1065909
2268	-99.1927778
2269	-99.2038095
2270	-99.2074405
2271	-99.2071429
2272	-99.1150000
2273	-99.0459524
2274	-98.9706923
2275	-98.8811111
2276	-98.6967806
2277	-98.5338338
2278	-98.3401785
2279	-98.0862326
2280	-97.8732738
2281	-97.6773584
2282	-97.4325000
2283	-97.0027381
2284	-96.6383201
2285	-96.2927584
2286	-96.0475000
2287	-95.6307073
2288	-95.2805182
2289	-95.0676639
2290	-94.6867143
2291	-94.4150000
2292	-94.1858571
2293	-94.0358872
2294	-93.9671679
2295	-93.9433333
2296	-93.9428333
2297	-94.1153095
2298	-94.2067857
2299	-94.4950000
2300	-94.7735714
2301	-95.2327381
2302	-95.6883516
2303	-96.1976007
2304	-96.7342386
2305	-97.2365665
2306	-97.7433333
2307	-98.2615873
2308	-98.7958333
2309	-99.1200000
2310	-99.6100000
2311	-99.8038095
2312	-99.9169048
2313	-100.0450000
2314	-100.1500000
2315	-100.1350000
2316	-100.1047619
2317	-99.7750000
2318	-99.5540873
2319	-99.2565608
2320	-98.7610046
2321	-98.2508091
2322	-97.5300000
2323	-96.8216667
2324	-96.1433333
2325	-95.4025000
2326	-94.5266190
2327	-93.6513095
2328	-92.7704048
2329	-91.8877143
2330	-90.9400000
2331	-89.8957143
2332	-88.9720000
2333	-87.8420000
2334	-86.7889048
2335	-85.7335714
2336	-84.6795833
2337	-83.5039583
2338	-81.9400000
2339	-80.0500000
2340	-78.1050000
2341	-76.8300000
2342	-75.1300000
2343	-73.7104762
2344	-72.4400000
2345	-70.9800000
2346	-69.5133333
2347	-68.3266667
2348	-67.1050000
2349	-65.9605556
2350	-64.9991595
2351	-64.0181814
2352	-63.2741026
2353	-62.5884618
2354	-62.0212621
2355	-61.6630667
2356	-61.4690079
2357	-61.4166534
2358	-61.5700000
2359	-61.9171579
2360	-62.3837706
2361	-62.9116140
2362	-63.6831916
2363	-64.4354487
2364	-65.3873260
2365	-66.3500000
2366	-67.3900000
2367	-68.3400000
2368	-69.2862500
2369	-70.2893056
2370	-71.2050000
2371	-72.1112179
2372	-72.9360470
2373	-73.5600000
2374	-74.3113889
2375	-74.8737500
2376	-75.2933333
2377	-75.8450000
2378	-76.3300000
2379	-76.6600000
2380	-76.9342308
2381	-77.0450000
2382	-77.0833974
2383	-77.1837913
2384	-77.1936538
2385	-77.1366667
2386	-76.9700000
2387	-76.7840659
2388	-76.5957143
2389	-76.3750000
2390	-76.1082432
2391	-75.9507143
2392	-75.5309524
2393	-75.2400000
2394	-74.9750000
2395	-74.6843590
2396	-74.2450000
2397	-73.8793939
2398	-73.5961111
2399	-73.3058547
2400	-73.0133761
2401	-72.7165714
2402	-72.5032418
2403	-72.2103114
2404	-71.9725000
2405	-71.6872519
2406	-71.5029079
2407	-71.2724126
2408	-71.1914103
2409	-71.0912821
2410	-70.9686364
2411	-71.0566667
2412	-71.1038095
2413	-71.1947918
2414	-71.3083333
2415	-71.6303030
2416	-71.9300000
2417	-72.3207143
2418	-72.8252473
2419	-73.3602747
2420	-74.1914286
2421	-75.1118750
2422	-76.1304968
2423	-77.1737500
2424	-78.3700000
2425	-79.7490476
2426	-81.0425000
2427	-82.8721739
2428	-84.6264389
2429	-86.3407039
2430	-88.1700000
2431	-90.2800000
2432	-92.1285714
2433	-94.1500000
2434	-96.1380952
2435	-98.0850000
2436	-100.0735714
2437	-102.0050000
2438	-103.8607143
2439	-105.6700000
2440	-107.4350000
2441	-108.8000000
2442	-110.1642857
2443	-111.4100000
2444	-112.1358333
2445	-112.8314683
2446	-113.8585714
2447	-115.2750000
2448	-116.6211905
2449	-117.4832540
2450	-118.2083333
2451	-118.8750000
2452	-119.4650000
2453	-119.6100000
2454	-119.8133333
2455	-120.0366667
2456	-120.1900000
2457	-120.2740476
2458	-120.4200000
2459	-120.3726190
2460	-120.3827778
2461	-120.4100000
2462	-120.4283333
2463	-120.5237698
2464	-120.4564286
2465	-120.4958333
2466	-120.4798810
2467	-120.3585714
2468	-120.3204762
2469	-120.1550000
2470	-120.1802221
2471	-119.9775000
2472	-119.8023158
2473	-119.7105000
2474	-119.5232500
2475	-119.3510000
2476	-119.0000000
2477	-118.6500000
2478	-118.2250000
2479	-117.7973810
2480	-117.0420000
2481	-116.6235238
2482	-115.8212727
2483	-114.9150000
2484	-113.8075000
2485	-112.5900000
2486	-111.6150000
2487	-110.5050000
2488	-109.0500000
2489	-107.6300000
2490	-106.2607692
2491	-104.6961538
2492	-103.0500000
2493	-101.5912500
2494	-100.2673397
2495	-98.7490000
2496	-97.3487143
2497	-96.1975000
2498	-95.1978571
2499	-94.1423649
2500	-93.5619643
2501	-92.9809821
2502	-92.4162248
2503	-92.1473207
2504	-92.0450000
2505	-92.0700000
2506	-92.3829167
2507	-92.7217949
2508	-93.1793333
2509	-94.0540000
2510	-94.6263333
2511	-95.6350000
2512	-96.4425000
2513	-97.2942857
2514	-98.1963516
2515	-99.1067106
2516	-99.9465721
2517	-100.7282278
2518	-101.6200000
2519	-102.4750000
2520	-102.9237179
2521	-103.5825000
2522	-104.0336538
2523	-104.5600000
2524	-105.0225000
2525	-105.4300000
2526	-105.6586538
2527	-105.8715064
2528	-105.9937500
2529	-106.0629604
2530	-106.1187646
2531	-106.1176970
2532	-106.0451026
2533	-105.9283590
2534	-105.7840000
2535	-105.6310000
2536	-105.3185385
2537	-105.1475000
2538	-104.7124542
2539	-104.3009890
2540	-103.9120238
2541	-103.4311874
2542	-103.0470000
2543	-102.5225000
2544	-101.9512500
2545	-101.2958654
2546	-100.6023077
2547	-99.9086538
2548	-99.2329091
2549	-98.5150000
2550	-97.4869231
2551	-96.4700000
2552	-95.3975000
2553	-94.2638889
2554	-93.0876455
2555	-91.8438228
2556	-90.6400000
2557	-89.1600000
2558	-87.4229487
2559	-85.7853571
2560	-84.1000000
2561	-82.4000000
2562	-80.3750000
2563	-78.5475000
2564	-76.6300000
2565	-74.4600000
2566	-72.3200000
2567	-70.0400000
2568	-68.1000000
2569	-65.6250000
2570	-63.7400000
2571	-61.4100000
2572	-59.5200000
2573	-57.4300000
2574	-55.4600000
2575	-53.7150000
2576	-52.0925000
2577	-50.5189286
2578	-48.8892707
2579	-47.4308333
2580	-46.0825000
2581	-44.8816667
2582	-43.7225000
2583	-42.7466667
2584	-41.9433333
2585	-40.7900000
2586	-40.1868452
2587	-39.5302083
2588	-38.8975000
2589	-38.2758333
2590	-37.9276587
2591	-37.3806539
2592	-36.8835714
2593	-36.4666667
2594	-36.0850000
2595	-35.7855952
2596	-35.4523529
2597	-35.1812605
2598	-34.9229809
2599	-34.7300000
2600	-34.4693750
2601	-34.4135714
2602	-34.2971429
2603	-34.2126190
2604	-34.3261538
2605	-34.2960570
2606	-34.3013492
2607	-34.3889286
2608	-34.5505952
2609	-34.7964286
2610	-34.9883333
2611	-35.3566667
2612	-35.6140873
2613	-36.0170833
2614	-36.3266667
2615	-36.8550000
2616	-37.3978571
2617	-37.8187500
2618	-38.4316667
2619	-38.8760000
2620	-39.4860000
2621	-40.0711429
2622	-40.7500000
2623	-41.3778571
2624	-41.9650000
2625	-42.5291852
2626	-43.2395000
2627	-43.8338095
2628	-44.3247619
2629	-44.8050000
2630	-45.2184615
2631	-45.6160000
2632	-45.9590256
2633	-46.1638462
2634	-46.3150000
2635	-46.3796429
2636	-46.3862500
2637	-46.2487500
2638	-46.0577083
2639	-45.6800397
2640	-45.3062500
2641	-44.8566667
2642	-44.4533333
2643	-43.9800000
2644	-43.3174359
2645	-42.9186691
2646	-42.3250000
2647	-41.8786905
2648	-41.4194246
2649	-41.0450000
2650	-40.7504762
2651	-40.4620635
2652	-40.2440000
2653	-40.0123407
2654	-40.0614286
2655	-40.0717143
2656	-40.2610000
2657	-40.3125000
2658	-40.5180556
2659	-40.7844444
2660	-41.0800000
2661	-41.3640000
2662	-41.6449487
2663	-41.9449744
2664	-42.0907436
2665	-42.2900000
2666	-42.5070238
2667	-42.7600000
2668	-42.9800000
2669	-43.3241667
2670	-43.7070000
2671	-43.9548333
2672	-44.2004762
2673	-44.3796032
2674	-44.5466667
2675	-44.7160317
2676	-44.8614815
2677	-45.0032308
2678	-45.0940888
2679	-45.2240000
2680	-45.4170000
2681	-45.5845969
2682	-45.7828571
2683	-45.9816728
2684	-46.2272527
2685	-46.4750000
2686	-46.6213379
2687	-46.9560714
2688	-47.2612500
2689	-47.5342857
2690	-47.9007143
2691	-48.3280000
2692	-48.6326667
2693	-49.0952381
2694	-49.4650000
2695	-49.9528571
2696	-50.3869314
2697	-50.8975000
2698	-51.3362500
2699	-51.7781250
2700	-52.2032000
2701	-52.6630000
2702	-53.1500000
2703	-53.6660714
2704	-54.1591667
2705	-54.6737500
2706	-54.9668750
2707	-55.3158333
2708	-55.8150000
2709	-56.1383333
2710	-56.4700000
2711	-56.7400000
2712	-56.9800000
2713	-57.2000000
2714	-57.4517949
2715	-57.8300000
2716	-58.1069048
2717	-58.3570218
2718	-58.6967454
2719	-59.0500532
2720	-59.3656611
2721	-59.8500000
2722	-60.4391209
2723	-61.0247408
2724	-61.6726786
2725	-62.4066127
2726	-63.0000000
2727	-63.7711905
2728	-64.3970000
2729	-65.2440952
2730	-66.0313333
2731	-66.8256825
2732	-67.6150317
2733	-68.2875000
2734	-68.8900000
2735	-69.4597320
2736	-70.0808333
2737	-70.6195833
2738	-71.0587019
2739	-71.4842467
2740	-71.8466131
2741	-72.1206598
2742	-72.4187500
2743	-72.7150000
2744	-72.8860000
2745	-73.0872381
2746	-73.2568595
2747	-73.3827381
2748	-73.4983333
2749	-73.6394444
2750	-73.7166651
2751	-73.7938823
2752	-73.9265476
2753	-74.0004167
2754	-74.1475198
2755	-74.2332143
2756	-74.2696429
2757	-74.4208333
2758	-74.5365833
2759	-74.6692344
2760	-74.8300000
2761	-74.9109086
2762	-75.0000000
2763	-75.0713636
2764	-75.2350000
2765	-75.2728571
2766	-75.4240000
2767	-75.5130000
2768	-75.5295000
2769	-75.6240714
2770	-75.6914286
2771	-75.6000000
2772	-75.5138947
2773	-75.3618750
2774	-75.1525000
2775	-74.9425000
2776	-74.6489881
2777	-74.2444940
2778	-73.8040000
2779	-73.4270000
2780	-72.9768205
2781	-72.4825598
2782	-71.9781914
2783	-71.5169841
2784	-71.0218519
2785	-70.5647619
2786	-70.2338553
2787	-69.9495159
2788	-69.7154796
2789	-69.6210039
2790	-69.5751481
2791	-69.5522931
2792	-69.6500000
2793	-69.8461795
2794	-70.0360227
2795	-70.4449110
2796	-70.8546234
2797	-71.0805411
2798	-71.4825000
2799	-71.8590000
2800	-72.2529524
2801	-72.5874737
2802	-72.8614706
2803	-73.1416429
2804	-73.4500000
2805	-73.6250000
2806	-73.8858333
2807	-74.0592222
2808	-74.1865000
2809	-74.2196905
2810	-74.3327778
2811	-74.3792113
2812	-74.4172727
2813	-74.3627273
2814	-74.4026667
2815	-74.4200000
2816	-74.3472126
2817	-74.3172989
2818	-74.2250211
2819	-74.1849419
2820	-74.2104029
2821	-74.0853297
2822	-73.9867308
2823	-74.0420881
2824	-73.9283333
2825	-73.8525000
2826	-73.8875029
2827	-73.7907143
2828	-73.7540000
2829	-73.7965714
2830	-73.6421429
2831	-73.6326190
2832	-73.6162745
2833	-73.5946154
2834	-73.5558333
2835	-73.5191410
2836	-73.5007143
2837	-73.5100000
2838	-73.4666667
2839	-73.4618182
2840	-73.4465921
2841	-73.3541760
2842	-73.2747491
2843	-73.3178571
2844	-73.2011905
2845	-73.1455026
2846	-72.9260358
2847	-72.8238105
2848	-72.6087009
2849	-72.4600000
2850	-72.2959284
2851	-72.0191952
2852	-71.7493750
2853	-71.4086058
2854	-71.1287500
2855	-70.7190000
2856	-70.2962500
2857	-69.8787500
2858	-69.4895833
2859	-69.0900000
2860	-68.5400000
2861	-67.9652381
2862	-67.4117460
2863	-66.9050000
2864	-66.3220000
2865	-65.8340476
2866	-65.2145833
2867	-64.5230000
2868	-63.9025385
2869	-63.4058527
2870	-62.8679569
2871	-62.2800794
2872	-61.8057407
2873	-61.2750000
2874	-60.8550000
2875	-60.2547619
2876	-59.7746115
2877	-59.3550000
2878	-59.1500000
2879	-58.5579762
2880	-58.0782581
2881	-57.7693064
2882	-57.4916667
2883	-57.0273893
2884	-56.7908712
2885	-56.5809936
2886	-56.2620467
2887	-56.0850000
2888	-55.7876190
2889	-55.6988095
2890	-55.4354762
2891	-55.3242577
2892	-55.1356863
2893	-54.9755042
2894	-54.9450000
2895	-54.9166667
2896	-54.8033333
2897	-54.8826802
2898	-54.8335577
2899	-54.8899142
2900	-55.0450000
2901	-55.1197619
2902	-55.2558333
2903	-55.3670000
2904	-55.5850000
2905	-55.7975000
2906	-55.9801667
2907	-56.2433333
2908	-56.4718095
2909	-56.7159762
2910	-57.0614286
2911	-57.2583333
2912	-57.6208333
2913	-57.8683730
2914	-58.2780556
2915	-58.5341138
2916	-58.8157500
2917	-59.0968750
2918	-59.3012500
2919	-59.5290000
2920	-59.7491905
2921	-59.9790476
2922	-60.0857143
2923	-60.2866667
2924	-60.3673504
2925	-60.4227004
2926	-60.4761538
2927	-60.4963370
2928	-60.5230952
2929	-60.5055882
2930	-60.3901261
2931	-60.2300000
2932	-60.1000000
2933	-59.8943237
2934	-59.7471667
2935	-59.4864841
2936	-59.2437566
2937	-59.0190847
2938	-58.8021649
2939	-58.5550000
2940	-58.3345238
2941	-58.0417949
2942	-57.8236752
2943	-57.5868468
2944	-57.3741667
2945	-57.1354365
2946	-56.9347619
2947	-56.7790476
2948	-56.6100000
2949	-56.4466071
2950	-56.3148559
2951	-56.2859913
2952	-56.1161905
2953	-56.0425000
2954	-55.9660000
2955	-55.9609259
2956	-55.9095833
2957	-55.9087020
2958	-55.9114802
2959	-55.9100000
2960	-55.9705495
2961	-56.0069048
2962	-56.0638095
2963	-56.1080220
2964	-56.2204167
2965	-56.3358333
2966	-56.4789286
2967	-56.4940176
2968	-56.6628938
2969	-56.8291952
2970	-57.0049806
2971	-57.0940000
2972	-57.1292857
2973	-57.3961905
2974	-57.5846667
2975	-57.6655000
2976	-57.9100000
2977	-58.0961538
2978	-58.2620513
2979	-58.4406838
2980	-58.6485714
2981	-58.8321930
2982	-58.9510000
2983	-59.1867293
2984	-59.3208333
2985	-59.4950000
2986	-59.7092857
2987	-59.8300000
2988	-60.0890476
2989	-60.2668254
2990	-60.4088095
2991	-60.5976190
2992	-60.7358333
2993	-60.9178968
2994	-61.0659127
2995	-61.1997487
2996	-61.3360000
2997	-61.5720769
2998	-61.6525971
2999	-61.8516667
3000	-61.9524359
3001	-62.1248718
3002	-62.3040196
3003	-62.4756256
3004	-62.6251152
3005	-62.7855291
3006	-62.8639859
3007	-62.9745833
3008	-63.1429412
3009	-63.3064286
3010	-63.4520000
3011	-63.5221429
3012	-63.7016667
3013	-63.8350000
3014	-63.9020000
3015	-64.0195595
3016	-64.1166667
3017	-64.1836310
3018	-64.3432738
3019	-64.3823810
3020	-64.4900000
3021	-64.6785714
3022	-64.7404121
3023	-64.8315476
3024	-64.9404524
3025	-65.0369286
3026	-65.1267857
3027	-65.1827381
3028	-65.2518143
3029	-65.3922563
3030	-65.4663636
3031	-65.5088095
3032	-65.6078651
3033	-65.6907937
3034	-65.7650000
3035	-65.8740476
3036	-65.9225000
3037	-65.9776190
3038	-66.0819643
3039	-66.0721429
3040	-66.1057143
3041	-66.2087255
3042	-66.2659244
3043	-66.3247899
3044	-66.3625490
3045	-66.4494078
3046	-66.4737500
3047	-66.4606667
3048	-66.4800000
3049	-66.5300000
3050	-66.5396032
3051	-66.6341176
3052	-66.6962395
3053	-66.7700000
3054	-66.7283333
3055	-66.7403968
3056	-66.7287500
3057	-66.7593269
3058	-66.7840000
3059	-66.7800000
3060	-66.8033088
3061	-66.8142394
3062	-66.8155495
3063	-66.8094048
3064	-66.8233333
3065	-66.7915873
3066	-66.7725000
3067	-66.7266667
3068	-66.7768968
3069	-66.7324000
3070	-66.7782468
3071	-66.7208009
3072	-66.7164286
3073	-66.6380582
3074	-66.5779762
3075	-66.5834524
3076	-66.4797619
3077	-66.5142063
3078	-66.4872222
3079	-66.4371693
3080	-66.4274603
3081	-66.3893329
3082	-66.3498214
3083	-66.3145455
3084	-66.2775000
3085	-66.2370238
3086	-66.1675794
3087	-66.0916667
3088	-66.0355159
3089	-65.9790602
3090	-65.9529487
3091	-65.9327656
3092	-65.8443651
3093	-65.7768254
3094	-65.7470000
3095	-65.7471429
3096	-65.6467667
3097	-65.5532738
3098	-65.5237855
3099	-65.4488095
3100	-65.4681548
3101	-65.3725775
3102	-65.3578431
3103	-65.2478571
3104	-65.2192857
3105	-65.1437302
3106	-65.1118634
3107	-65.0361765
3108	-64.9624850
3109	-64.9295598
3110	-64.8176192
3111	-64.7617857
3112	-64.7028571
3113	-64.6595318
3114	-64.5931667
3115	-64.5328000
3116	-64.5151316
3117	-64.4166667
3118	-64.3403175
3119	-64.3041667
3120	-64.2672024
3121	-64.1943452
3122	-64.1839762
3123	-64.1731667
3124	-64.0799048
3125	-63.9991453
3126	-63.9336828
3127	-63.8988746
3128	-63.8466605
3129	-63.8216667
3130	-63.7957143
3131	-63.6952381
3132	-63.6475000
3133	-63.5896462
3134	-63.5800000
3135	-63.5452381
3136	-63.5346825
3137	-63.4760000
3138	-63.4805714
3139	-63.4798267
3140	-63.4200000
3141	-63.3542857
3142	-63.3003377
3143	-63.2695000
3144	-63.2533571
3145	-63.2383333
3146	-63.2294911
3147	-63.1407500
3148	-63.1089679
3149	-63.1030000
3150	-63.1137500
3151	-63.0612500
3152	-63.0600000
3153	-63.0525000
3154	-63.0425000
3155	-62.9513736
3156	-62.9532399
3157	-62.9308964
3158	-62.9341071
3159	-62.9266667
3160	-62.9564026
3161	-62.8535974
3162	-62.8550006
3163	-62.8432462
3164	-62.8161109
3165	-62.8457143
3166	-62.8308403
3167	-62.8283333
3168	-62.8508333
3169	-62.7850397
3170	-62.7913889
3171	-62.6805952
3172	-62.6716667
3173	-62.7234615
3174	-62.7300000
3175	-62.7076190
3176	-62.7068179
3177	-62.7200000
3178	-62.7450000
3179	-62.7014286
3180	-62.7633333
3181	-62.7687302
3182	-62.7524211
3183	-62.7622727
3184	-62.8376210
3185	-62.8360000
3186	-62.7996190
3187	-62.7583333
3188	-62.7354444
3189	-62.7239048
3190	-62.7140968
3191	-62.7342365
3192	-62.7740476
3193	-62.7850000
3194	-62.8336218
3195	-62.7556805
3196	-62.7642744
3197	-62.7850139
3198	-62.8273690
3199	-62.8250000
3200	-62.8110000
3201	-62.8485714
3202	-62.8562821
3203	-62.8526471
3204	-62.8975490
3205	-62.8859430
3206	-62.9084360
3207	-62.9266667
3208	-62.9422609
3209	-63.0000000
3210	-62.9516667
3211	-62.9846799
3212	-62.9858333
3213	-63.0250000
3214	-63.0730952
3215	-63.0942593
3216	-63.0816138
3217	-63.1586071
3218	-63.1060000
3219	-63.1554542
3220	-63.1698413
3221	-63.1695833
3222	-63.1956548
3223	-63.2406157
3224	-63.2711905
3225	-63.2900000
3226	-63.2252381
3227	-63.2475000
3228	-63.3291667
3229	-63.3860317
3230	-63.4242857
3231	-63.3711905
3232	-63.4433333
3233	-63.4666667
3234	-63.4893651
3235	-63.4898016
3236	-63.5168590
3237	-63.5809799
3238	-63.5978571
3239	-63.6332778
3240	-63.6325000
3241	-63.6471429
3242	-63.6859804
3243	-63.7186601
3244	-63.7594118
3245	-63.7742836
3246	-63.8100377
3247	-63.8428571
3248	-63.8895238
3249	-63.9371429
3250	-63.9968254
3251	-63.9678478
3252	-63.9975000
3253	-64.0356607
3254	-64.0745126
3255	-64.0844643
3256	-64.1223444
3257	-64.1350000
3258	-64.1566667
3259	-64.2045238
3260	-64.2469853
3261	-64.2689973
3262	-64.2971429
3263	-64.3095833
3264	-64.3747024
3265	-64.4329857
3266	-64.4255000
3267	-64.5115278
3268	-64.5112000
3269	-64.5230857
3270	-64.5597927
3271	-64.5766667
3272	-64.6400000
3273	-64.6713760
3274	-64.6762222
3275	-64.7818290
3276	-64.8040336
3277	-64.8196000
3278	-64.8944737
3279	-64.9452381
3280	-64.9584762
3281	-65.0090159
3282	-65.0375000
3283	-65.0927500
3284	-65.1427835
3285	-65.1592857
3286	-65.2257500
3287	-65.2628889
3288	-65.2633333
3289	-65.3206667
3290	-65.3275114
3291	-65.3735165
3292	-65.4176050
3293	-65.4663786
3294	-65.4617857
3295	-65.5803571
3296	-65.5895238
3297	-65.6533493
3298	-65.6909091
3299	-65.7266667
3300	-65.8012698
3301	-65.8464286
3302	-65.9154762
3303	-65.9645238
3304	-65.9852451
3305	-66.0455182
3306	-66.0608333
3307	-66.1421429
3308	-66.1454762
3309	-66.1521429
3310	-66.2337500
3311	-66.3035000
3312	-66.3237500
3313	-66.3465833
3314	-66.3830000
3315	-66.4616667
3316	-66.5461966
3317	-66.5590000
3318	-66.6930000
3319	-66.6991197
3320	-66.7578034
3321	-66.8394103
3322	-66.8695641
3323	-66.9414786
3324	-66.9795833
3325	-67.0460150
3326	-67.1069507
3327	-67.1350000
3328	-67.2802857
3329	-67.3062857
3330	-67.3771837
3331	-67.4133333
3332	-67.4917847
3333	-67.5490909
3334	-67.6163636
3335	-67.6692857
3336	-67.7321329
3337	-67.7807500
3338	-67.8767262
3339	-67.9456548
3340	-68.0293893
3341	-68.0506250
3342	-68.1379942
3343	-68.2057425
3344	-68.2715790
3345	-68.3247775
3346	-68.4085858
3347	-68.4231724
3348	-68.4415247
3349	-68.4762500
3350	-68.6198182
3351	-68.6500000
3352	-68.7842857
3353	-68.8105882
3354	-68.8470000
3355	-68.8865385
3356	-68.9713690
3357	-68.9755882
3358	-68.9916667
3359	-69.1404167
3360	-69.1750000
3361	-69.2602381
3362	-69.3139286
3363	-69.3450000
3364	-69.4830952
3365	-69.5067647
3366	-69.5627273
3367	-69.6242500
3368	-69.6283333
3369	-69.7013492
3370	-69.7400000
3371	-69.8265000
3372	-69.9065714
3373	-69.9395178
3374	-69.9566667
3375	-70.0200000
3376	-70.0750000
3377	-70.1063333
3378	-70.1517143
3379	-70.2116667
3380	-70.2650000
3381	-70.3325000
3382	-70.3349540
3383	-70.3811207
3384	-70.4272619
3385	-70.4678333
3386	-70.5007143
3387	-70.5378571
3388	-70.5807143
3389	-70.6142857
3390	-70.6553175
3391	-70.6963492
3392	-70.7939122
3393	-70.7978571
3394	-70.8292857
3395	-70.8828571
3396	-70.9428932
3397	-70.9425000
3398	-70.9919048
3399	-71.0201786
3400	-71.0591071
3401	-71.0607870
3402	-71.1193269
3403	-71.1337013
3404	-71.2134416
3405	-71.2458671
3406	-71.2483571
3407	-71.2589216
3408	-71.2851961
3409	-71.2976085
3410	-71.3480000
3411	-71.4242051
3412	-71.4170226
3413	-71.4722969
3414	-71.4968750
3415	-71.5425136
3416	-71.5803472
3417	-71.6174371
3418	-71.6430189
3419	-71.6493574
3420	-71.6603297
3421	-71.6970833
3422	-71.7233333
3423	-71.7471134
3424	-71.7517045
3425	-71.7547744
3426	-71.7737500
3427	-71.8615064
3428	-71.8625735
3429	-71.8681793
3430	-71.8849613
3431	-71.8958182
3432	-71.9276852
3433	-71.9608929
3434	-71.9852976
3435	-72.0126856
3436	-72.0203669
3437	-72.0579808
3438	-72.0960512
3439	-72.1009899
3440	-72.1122479
3441	-72.1203076
3442	-72.1428105
3443	-72.1566667
3444	-72.1835159
3445	-72.2019737
3446	-72.2464269
3447	-72.2466154
3448	-72.3149584
3449	-72.3409412
3450	-72.3513583
3451	-72.3577405
3452	-72.3734346
3453	-72.3925000
3454	-72.3962425
3455	-72.4004000
3456	-72.4093956
3457	-72.4095254
3458	-72.4333214
3459	-72.4767619
3460	-72.4886703
3461	-72.4960065
3462	-72.5086946
3463	-72.5232213
3464	-72.5250571
3465	-72.5257692
3466	-72.5299487
3467	-72.5664336
3468	-72.5800000
3469	-72.6108333
3470	-72.6173810
3471	-72.6534127
3472	-72.6558995
3473	-72.6617513
3474	-72.6704997
3475	-72.6802741
3476	-72.7092933
3477	-72.7260411
3478	-72.7434103
3479	-72.7643750
3480	-72.7702381
3481	-72.7830527
3482	-72.7884240
3483	-72.7904971
3484	-72.8163213
3485	-72.8336155
3486	-72.8348235
3487	-72.8458333
3488	-72.8749000
3489	-72.8952857
3490	-72.8910101
3491	-72.9071730
3492	-72.9026923
3493	-72.9142424
3494	-72.9155556
3495	-72.9613324
3496	-72.9634383
3497	-72.9871093
3498	-72.9856251
3499	-72.9770714
3500	-72.9888316
3501	-72.9984126
3502	-72.9970137
3503	-72.9969384
3504	-72.9642500
3505	-72.9667179
3506	-73.0109833
3507	-73.0569328
3508	-73.0376000
3509	-73.0384631
3510	-73.0478507
3511	-73.0462564
3512	-73.0632792
3513	-73.0686923
3514	-73.0613333
3515	-73.0322796
3516	-73.0440639
3517	-73.0576642
3518	-73.0660858
3519	-73.0710294
3520	-73.0805207
3521	-73.0873536
3522	-73.0962500
3523	-73.0880769
3524	-73.0801786
3525	-73.0895833
3526	-73.0692857
3527	-73.0900000
3528	-73.1296629
3529	-73.1092857
3530	-73.0680952
3531	-73.0665385
3532	-73.0859931
3533	-73.0863158
3534	-73.1062500
3535	-73.1172099
3536	-73.1237382
3537	-73.0950795
3538	-73.0925000
3539	-73.0993333
3540	-73.1076786
3541	-73.1073810
3542	-73.1039651
3543	-73.1003499
3544	-73.0925000
3545	-73.0958291
3546	-73.0920000
3547	-73.1247986
3548	-73.1271435
3549	-73.1049947
3550	-73.1071591
3551	-73.1373756
3552	-73.1298463
3553	-73.1293393
3554	-73.1306456
3555	-73.1357143
3556	-73.1551110
3557	-73.1436000
3558	-73.1213048
3559	-73.1129978
3560	-73.1059586
3561	-73.1017857
3562	-73.1355507
3563	-73.1325000
3564	-73.1607143
3565	-73.1529762
3566	-73.1153571
3567	-73.1104762
3568	-73.0974451
3569	-73.0893213
3570	-73.0881513
3571	-73.0676529
3572	-73.0865014
3573	-73.1061714
3574	-73.1114941
3575	-73.0965420
3576	-73.0893398
3577	-73.0961247
3578	-73.1088241
3579	-73.1172911
3580	-73.1168889
3581	-73.0956683
3582	-73.1012500
3583	-73.1244444
3584	-73.1288889
3585	-73.1302244
3586	-73.1468376
3587	-73.1480640
3588	-73.1501761
3589	-73.1462118
3590	-73.1487500
3591	-73.1516487
3592	-73.1527693
3593	-73.1322114
3594	-73.1295124
3595	-73.1334286
3596	-73.1311687
3597	-73.1220943
3598	-73.1313895
3599	-73.1271991
3600	-73.1264995
3601	-73.1384286
3602	-73.1626374
3603	-73.1801429
3604	-73.1892784
3605	-73.1710742
3606	-73.1923810
3607	-73.2042857
3608	-73.1555556
3609	-73.1613462
3610	-73.1662500
3611	-73.1763690
3612	-73.1760256
3613	-73.1776509
3614	-73.2052473
3615	-73.2255586
3616	-73.2244286
3617	-73.2345833
3618	-73.2218576
3619	-73.2058637
3620	-73.2004236
3621	-73.2008500
3622	-73.2138889
3623	-73.2211250
3624	-73.2384380
3625	-73.2314518
3626	-73.2274318
3627	-73.2146995
3628	-73.2106818
3629	-73.1865002
3630	-73.1819048
3631	-73.1766667
3632	-73.2049334
3633	-73.2062222
3634	-73.2212074
3635	-73.2466667
3636	-73.2532745
3637	-73.2446715
3638	-73.2193590
3639	-73.2224103
3640	-73.2282051
3641	-73.2360753
3642	-73.2380729
3643	-73.2420833
3644	-73.2571667
3645	-73.2500648
3646	-73.2454545
3647	-73.2414286
3648	-73.2294093
3649	-73.2246705
3650	-73.2404167
3651	-73.2503953
3652	-73.2427931
3653	-73.2321971
3654	-73.2654808
3655	-73.2557580
3656	-73.2568916
3657	-73.2582135
3658	-73.2803704
3659	-73.2806150
3660	-73.2744571
3661	-73.2716967
3662	-73.2697115
3663	-73.2976145
3664	-73.3078800
3665	-73.2339231
3666	-73.2328734
3667	-73.2085714
3668	-73.1958333
3669	-73.1705032
3670	-73.0961635
3671	-73.0662288
3672	-72.9333074
3673	-72.8168643
3674	-72.6794444
3675	-72.5322906
3676	-72.2949854
3677	-72.1039482
3678	-71.8952731
3679	-71.7186111
3680	-71.6690000
3681	-71.4925000
3682	-71.4139286
3683	-71.4162546
3684	-71.4290604
3685	-71.5926923
3686	-72.0286486
3687	-72.4959667
3688	-73.2059091
3689	-74.1355954
3690	-75.0161427
3691	-76.2679167
3692	-77.5916667
3693	-79.0069658
3694	-80.4422650
3695	-82.0475000
3696	-83.6850000
3697	-85.2514286
3698	-86.8100000
3699	-88.6400000
3700	-90.0337500
3701	-91.4675000
3702	-92.6889137
3703	-94.1733333
3704	-95.2257895
3705	-96.5183516
3706	-97.4396154
3707	-98.3152619
3708	-99.1136111
3709	-99.8568056
3710	-100.5066250
3711	-101.0350000
3712	-101.5626022
3713	-101.9960644
3714	-102.3793958
3715	-102.6795229
3716	-102.9029224
3717	-103.1664773
3718	-103.3372902
3719	-103.4483608
3720	-103.5835073
3721	-103.6861645
3722	-103.7665532
3723	-103.8030000
3724	-103.8016667
3725	-103.7975000
3726	-103.7705455
3727	-103.6500741
3728	-103.5364900
3729	-103.2988462
3730	-103.0508333
3731	-102.6648932
3732	-102.2757692
3733	-101.8873077
3734	-101.3126923
3735	-100.7403846
3736	-100.0565385
3737	-99.3032829
3738	-98.4533013
3739	-97.6876999
3740	-96.9262500
3741	-95.7440000
3742	-95.1525000
3743	-94.4191304
3744	-93.6924912
3745	-92.8605644
3746	-92.3584100
3747	-91.9660939
3748	-91.7137500
3749	-91.5801282
3750	-91.5855628
3751	-91.6058331
3752	-91.8947248
3753	-92.2345120
3754	-92.8071318
3755	-93.4129167
3756	-94.0695833
3757	-94.7698291
3758	-95.4700748
3759	-96.1864286
3760	-96.9057143
3761	-97.6436813
3762	-98.3100631
3763	-98.9975000
3764	-99.5637583
3765	-100.1550000
3766	-100.6794643
3767	-101.0409659
3768	-101.4310807
3769	-101.7750914
3770	-102.0727539
3771	-102.3605128
3772	-102.6153278
3773	-102.7170333
3774	-102.9038112
3775	-103.0508855
3776	-103.1688020
3777	-103.2020833
3778	-103.3617096
3779	-103.3640909
3780	-103.3657143
3781	-103.4479808
3782	-103.4591987
3783	-103.4593750
3784	-103.4726122
3785	-103.4625000
3786	-103.4451923
3787	-103.4200000
3788	-103.4066987
3789	-103.3984624
3790	-103.3242726
3791	-103.2619004
3792	-103.2179545
3793	-103.1400000
3794	-103.0323077
3795	-102.9944286
3796	-102.8885714
3797	-102.7828205
3798	-102.7675000
3799	-102.6987500
3800	-102.5038889
3801	-102.3648860
3802	-102.3064744
3803	-102.0924145
3804	-102.0150000
3805	-101.7730476
3806	-101.6054545
3807	-101.3875000
3808	-101.0619231
3809	-100.7455556
3810	-100.4690000
3811	-100.1495833
3812	-99.7877273
3813	-99.3110989
3814	-98.7836996
3815	-98.2880000
3816	-97.7220000
3817	-97.0929744
3818	-96.4750385
3819	-95.7132179
3820	-95.1059615
3821	-94.3129808
3822	-93.5050000
3823	-92.4990000
3824	-91.7725000
3825	-90.6969872
3826	-89.6922078
3827	-88.7464610
3828	-87.7814142
3829	-86.7600000
3830	-85.7100000
3831	-84.6775000
3832	-83.6573786
3833	-82.6800000
3834	-81.4400000
3835	-80.5200000
3836	-79.6018750
3837	-78.6278571
3838	-77.6960806
3839	-76.8700000
3840	-75.9295513
3841	-75.0692857
3842	-74.3175000
3843	-73.3610256
3844	-72.5993578
3845	-72.0570000
3846	-71.3787692
3847	-70.7525000
3848	-70.1395192
3849	-69.6400000
3850	-69.0676190
3851	-68.5953602
3852	-68.2625000
3853	-67.8725000
3854	-67.4187500
3855	-67.0784295
3856	-66.7507692
3857	-66.5400000
3858	-66.3107692
3859	-66.0989072
3860	-65.9470000
3861	-65.7625000
3862	-65.6964286
3863	-65.6325000
3864	-65.6625000
3865	-65.6895000
3866	-65.6400000
3867	-65.6173077
3868	-65.7675000
3869	-65.8278571
3870	-65.8918498
3871	-66.0330000
3872	-66.1800000
3873	-66.2745000
3874	-66.4202179
3875	-66.4830556
3876	-66.5558974
3877	-66.5240800
3878	-66.6500000
3879	-66.5840000
3880	-66.5900000
3881	-66.5050000
3882	-66.3857576
3883	-66.2267647
3884	-66.0505000
3885	-65.8532436
3886	-65.6381250
3887	-65.4375000
3888	-65.0153205
3889	-64.6179872
3890	-64.1795696
3891	-63.6930830
3892	-63.2612759
3893	-62.8235236
3894	-62.3543077
3895	-61.8330435
3896	-61.2488462
3897	-60.7026000
3898	-60.2087143
3899	-59.7037500
3900	-59.1384295
3901	-58.8050000
3902	-58.1230952
3903	-57.6065476
3904	-57.0930000
3905	-56.5521795
3906	-56.0986364
3907	-55.6551049
3908	-55.2006826
3909	-54.7417366
3910	-54.3556409
3911	-54.0627835
3912	-53.6450000
3913	-53.2236842
3914	-52.9032794
3915	-52.5511905
3916	-52.2150000
3917	-51.9414286
3918	-51.6107143
3919	-51.3221905
3920	-51.1371062
3921	-50.8362500
3922	-50.5441346
3923	-50.2700000
3924	-50.0483333
3925	-49.8000000
3926	-49.5622222
3927	-49.4645000
3928	-49.2366795
3929	-49.0308590
3930	-48.8646667
3931	-48.6450000
3932	-48.4774801
3933	-48.3275000
3934	-48.1679470
3935	-48.0175000
3936	-47.8226667
3937	-47.6495833
3938	-47.5503373
3939	-47.4278571
3940	-47.3204545
3941	-47.1619231
3942	-47.0437500
3943	-46.9500000
3944	-46.9010000
3945	-46.7825556
3946	-46.6455844
3947	-46.5968615
3948	-46.5451058
3949	-46.4152795
3950	-46.3070073
3951	-46.2592857
3952	-46.2271429
3953	-46.1679545
3954	-46.0805556
3955	-46.0750000
3956	-45.9666667
3957	-45.9035714
3958	-45.8585043
3959	-45.8311040
3960	-45.8900000
3961	-45.8666667
3962	-45.7841667
3963	-45.8295238
3964	-45.7297319
3965	-45.7142903
3966	-45.6687500
3967	-45.7281731
3968	-45.6550000
3969	-45.6844872
3970	-45.6784615
3971	-45.6585348
3972	-45.6696364
3973	-45.7537308
3974	-45.6904487
3975	-45.7000000
3976	-45.7413333
3977	-45.7894615
3978	-45.7609231
3979	-45.8168462
3980	-45.9553846
3981	-45.8916667
3982	-45.9593750
3983	-46.1086957
3984	-46.0063612
3985	-46.0467790
3986	-46.1375000
3987	-46.2033883
3988	-46.2171429
3989	-46.2754065
3990	-46.2937361
3991	-46.4335641
3992	-46.5077988
3993	-46.4703333
3994	-46.6013333
3995	-46.7213333
3996	-46.7555641
3997	-46.8908291
3998	-47.0028846
3999	-47.1658974
4000	-47.1287500
4001	-47.2475833
4002	-47.3922821
4003	-47.5065641
4004	-47.6200000
4005	-47.7031603
4006	-47.7879906
4007	-47.7975000
4008	-48.0465000
4009	-48.0931282
4010	-48.2939744
4011	-48.4144872
4012	-48.5000000
4013	-48.6225000
4014	-48.8658333
4015	-48.9769444
4016	-49.0473292
4017	-49.2532014
4018	-49.3184722
4019	-49.5112225
4020	-49.6804615
4021	-49.8281667
4022	-50.0111538
4023	-50.1617949
4024	-50.2947009
4025	-50.4875556
4026	-50.6929167
4027	-50.8452579
4028	-51.0047826
4029	-51.1599714
4030	-51.3087912
4031	-51.5179084
4032	-51.7138663
4033	-51.9100000
4034	-52.0755000
4035	-52.2550000
4036	-52.4860317
4037	-52.6767261
4038	-52.8043478
4039	-53.0126667
4040	-53.2774872
4041	-53.4730672
4042	-53.6798889
4043	-53.8881538
4044	-54.0870833
4045	-54.2552273
4046	-54.4374650
4047	-54.6556429
4048	-54.8650535
4049	-55.0575000
4050	-55.3326247
4051	-55.6399402
4052	-55.8750000
4053	-56.1434615
4054	-56.3491667
4055	-56.5751731
4056	-56.8360577
4057	-57.0675000
4058	-57.3316667
4059	-57.5750000
4060	-57.8453663
4061	-58.0740000
4062	-58.2392000
4063	-58.4458889
4064	-58.7557778
4065	-58.9977778
4066	-59.2497721
4067	-59.5005164
4068	-59.7710812
4069	-59.9800000
4070	-60.2112821
4071	-60.2900000
4072	-60.6500000
4073	-60.9059091
4074	-61.1366154
4075	-61.3171795
4076	-61.4873077
4077	-61.6751632
4078	-61.8928571
4079	-62.1080556
4080	-62.2963492
4081	-62.5085714
4082	-62.6773016
4083	-62.7762857
4084	-62.9850000
4085	-63.2720237
4086	-63.4039377
4087	-63.5630736
4088	-63.7393579
4089	-63.8964526
4090	-63.9750000
4091	-64.1756364
4092	-64.3213403
4093	-64.5353571
4094	-64.6590000
4095	-64.9006349
4096	-65.0500977
4097	-65.2129448
4098	-65.3316667
4099	-65.5329828
4100	-65.6600000
4101	-65.7805897
4102	-65.8833992
4103	-66.0597222
4104	-66.1372619
4105	-66.2975000
4106	-66.4869231
4107	-66.5950000
4108	-66.7425641
4109	-66.8615904
4110	-66.9238889
4111	-67.0705385
4112	-67.2275000
4113	-67.3131538
4114	-67.4151538
4115	-67.5041205
4116	-67.6850000
4117	-67.7670842
4118	-67.8409722
4119	-67.9633611
4120	-68.0250000
4121	-68.1548718
4122	-68.2599573
4123	-68.3498214
4124	-68.4417460
4125	-68.5586005
4126	-68.6970889
4127	-68.8258683
4128	-68.9102018
4129	-69.0005420
4130	-69.0562500
4131	-69.1716667
4132	-69.2727579
4133	-69.3491825
4134	-69.3863965
4135	-69.5127949
4136	-69.5925000
4137	-69.6750000
4138	-69.7409066
4139	-69.8111538
4140	-69.8815000
4141	-70.0134091
4142	-70.0486364
4143	-70.1013636
4144	-70.1767314
4145	-70.2122727
4146	-70.2829371
4147	-70.4098514
4148	-70.4731005
4149	-70.5493668
4150	-70.6208333
4151	-70.6264453
4152	-70.6349833
4153	-70.7554079
4154	-70.8166317
4155	-70.8314452
4156	-70.9427894
4157	-70.9674670
4158	-71.0304448
4159	-71.0395238
4160	-71.0897351
4161	-71.1161689
4162	-71.1382367
4163	-71.1879167
4164	-71.2470353
4165	-71.2682857
4166	-71.3035331
4167	-71.3183668
4168	-71.3846154
4169	-71.4234936
4170	-71.4472222
4171	-71.4733048
4172	-71.5390571
4173	-71.5537333
4174	-71.5936218
4175	-71.6299359
4176	-71.6600000
4177	-71.7010256
4178	-71.7131942
4179	-71.7697939
4180	-71.8007281
4181	-71.8118269
4182	-71.8733782
4183	-71.8341004
4184	-71.8350534
4185	-71.9106410
4186	-71.9200000
4187	-71.9857500
4188	-72.0409231
4189	-72.0692308
4190	-72.0874615
4191	-72.0831429
4192	-72.1244374
4193	-72.1425833
4194	-72.1729153
4195	-72.1704049
4196	-72.2215000
4197	-72.2723602
4198	-72.2826713
4199	-72.3045167
4200	-72.3177487
4201	-72.3151318
4202	-72.3221219
4203	-72.3421734
4204	-72.3942857
4205	-72.4022222
4206	-72.4688462
4207	-72.4726923
4208	-72.4960839
4209	-72.4963141
4210	-72.4936029
4211	-72.5118182
4212	-72.5229138
4213	-72.5526894
4214	-72.5846250
4215	-72.6064200
4216	-72.6116906
4217	-72.6241429
4218	-72.6698168
4219	-72.6761364
4220	-72.6817890
4221	-72.6972817
4222	-72.7392063
4223	-72.7503053
4224	-72.7505520
4225	-72.7541595
4226	-72.7375000
4227	-72.7642117
4228	-72.7784496
4229	-72.8030000
4230	-72.8266687
4231	-72.8362500
4232	-72.8450000
4233	-72.8583333
4234	-72.8650000
4235	-72.8717628
4236	-72.8729678
4237	-72.8846154
4238	-72.9178753
4239	-72.9150794
4240	-72.9100000
4241	-72.8619292
4242	-72.8461607
4243	-72.8756922
4244	-72.8837500
4245	-72.8847500
4246	-72.8729808
4247	-72.8495455
4248	-72.8384382
4249	-72.8600000
4250	-72.8631818
4251	-72.8630457
4252	-72.8559231
4253	-72.8517537
4254	-72.8403175
4255	-72.8463636
4256	-72.8509557
4257	-72.8228571
4258	-72.7889286
4259	-72.7868750
4260	-72.8050819
4261	-72.7916943
4262	-72.7817500
4263	-72.7821145
4264	-72.7839091
4265	-72.8091005
4266	-72.7704545
4267	-72.7618590
4268	-72.7597696
4269	-72.7565584
4270	-72.7710989
4271	-72.7491026
4272	-72.7561677
4273	-72.7379915
4274	-72.7183429
4275	-72.7218252
4276	-72.7276190
4277	-72.7190781
4278	-72.6971429
4279	-72.6977778
4280	-72.6848718
4281	-72.6860000
4282	-72.6769080
4283	-72.6634871
4284	-72.6658586
4285	-72.6872151
4286	-72.7155303
4287	-72.7276521
4288	-72.7270833
4289	-72.7165460
4290	-72.7070698
4291	-72.7062542
4292	-72.7018632
4293	-72.6902500
4294	-72.6878701
4295	-72.6867667
4296	-72.6897115
4297	-72.6873214
4298	-72.6817832
4299	-72.6906667
4300	-72.6823157
4301	-72.6751282
4302	-72.6632967
4303	-72.6453541
4304	-72.6600000
4305	-72.6724601
4306	-72.6656926
4307	-72.6655069
4308	-72.6630917
4309	-72.6630528
4310	-72.6515385
4311	-72.6156757
4312	-72.6156154
4313	-72.6246591
4314	-72.6312966
4315	-72.6333783
4316	-72.6337117
4317	-72.6350000
4318	-72.6321429
4319	-72.6642491
4320	-72.6621488
4321	-72.6537500
4322	-72.6450483
4323	-72.6366110
4324	-72.6504762
4325	-72.6516364
4326	-72.6511720
4327	-72.6473893
4328	-72.6413543
4329	-72.6445498
4330	-72.6410769
4331	-72.6009615
4332	-72.5927362
4333	-72.5597727
4334	-72.5589295
4335	-72.5568910
4336	-72.5442308
4337	-72.4873504
4338	-72.4387591
4339	-72.4000000
4340	-72.3554304
4341	-72.2511050
4342	-72.1500000
4343	-71.9700000
4344	-71.8647983
4345	-71.7022148
4346	-71.5863636
4347	-71.4349417
4348	-71.3613636
4349	-71.2693407
4350	-71.2256410
4351	-71.2473611
4352	-71.3071739
4353	-71.5498089
4354	-71.9103010
4355	-72.4290747
4356	-73.1628484
4357	-73.8986364
4358	-74.8985714
4359	-76.1275000
4360	-77.3488929
4361	-78.7072727
4362	-80.3181119
4363	-82.0773193
4364	-83.4065268
4365	-85.2251219
4366	-86.6447178
4367	-88.1092308
4368	-89.6428261
4369	-91.1500000
4370	-92.4200000
4371	-93.9460499
4372	-95.0175000
4373	-96.0375000
4374	-96.9370833
4375	-97.8311111
4376	-98.8054986
4377	-99.3115385
4378	-99.8978205
4379	-100.3560684
4380	-100.7455897
4381	-100.9490000
4382	-101.3318182
4383	-101.6305670
4384	-101.7679487
4385	-101.8126819
4386	-101.9796309
4387	-102.0625000
4388	-102.0987500
4389	-102.1002776
4390	-102.0933868
4391	-102.0572193
4392	-102.0214423
4393	-101.9625468
4394	-101.9500000
4395	-101.7532692
4396	-101.5904167
4397	-101.5000000
4398	-101.3634997
4399	-101.2137019
4400	-101.0168475
4401	-100.8500000
4402	-100.6367582
4403	-100.5233333
4404	-100.3357380
4405	-100.0507235
4406	-99.8523932
4407	-99.6893118
4408	-99.5665000
4409	-99.3442708
4410	-99.0982576
4411	-98.9000000
4412	-98.7646154
4413	-98.6083645
4414	-98.4100000
4415	-98.1556410
4416	-97.9674444
4417	-97.8510969
4418	-97.6157532
4419	-97.3697639
4420	-97.3166667
4421	-97.1108628
4422	-96.9202778
4423	-96.7253339
4424	-96.6125000
4425	-96.3650962
4426	-96.1481250
4427	-95.9742857
4428	-95.7891714
4429	-95.5705261
4430	-95.3650000
4431	-95.1528223
4432	-95.0201923
4433	-94.8883333
4434	-94.5697471
4435	-94.3531589
4436	-94.2656436
4437	-94.1161111
4438	-93.8263889
4439	-93.5455714
4440	-93.3205357
4441	-93.1333333
4442	-92.8780000
4443	-92.6139487
4444	-92.3794740
4445	-92.0647222
4446	-91.8544906
4447	-91.5798182
4448	-91.2765000
4449	-90.9948426
4450	-90.6269988
4451	-90.3675000
4452	-90.0687543
4453	-89.7881429
4454	-89.3935578
4455	-89.0769530
4456	-88.8085000
4457	-88.4901456
4458	-88.0653837
4459	-87.7112500
4460	-87.3595833
4461	-86.9683333
4462	-86.5745000
4463	-86.1837500
4464	-85.7515000
4465	-85.4325000
4466	-84.9133333
4467	-84.4352564
4468	-84.0131667
4469	-83.5650000
4470	-83.1278205
4471	-82.7200000
4472	-82.2369231
4473	-81.8187500
4474	-81.4287500
4475	-80.8326603
4476	-80.4260837
4477	-79.9125000
4478	-79.3376282
4479	-78.8285714
4480	-78.2794286
4481	-77.7203590
4482	-77.2050000
4483	-76.5700000
4484	-75.8789241
4485	-75.2071429
4486	-74.5925000
4487	-73.8187500
4488	-73.0600000
4489	-72.2553846
4490	-71.4210256
4491	-70.6031624
4492	-69.7206838
4493	-68.8244872
4494	-67.8714744
4495	-66.8144872
4496	-65.8000641
4497	-64.8600000
4498	-63.7394872
4499	-62.7400000
4500	-61.5176923
4501	-60.3600000
4502	-59.3400000
4503	-58.2600000
4504	-57.2550000
4505	-56.1550000
4506	-54.9650000
4507	-53.6175000
4508	-52.9950000
4509	-51.7925000
4510	-51.0050000
4511	-49.9700505
4512	-49.0128813
4513	-48.1512500
4514	-47.3575000
4515	-46.5462500
4516	-45.8271429
4517	-45.1835714
4518	-44.6417857
4519	-44.0825000
4520	-43.5625000
4521	-42.9681731
4522	-42.4485564
4523	-42.0600000
4524	-41.7225000
4525	-41.4132484
4526	-41.1454487
4527	-40.9300000
4528	-40.7008974
4529	-40.5500000
4530	-40.4400000
4531	-40.2905301
4532	-40.2345000
4533	-40.1631731
4534	-40.0958013
4535	-40.0925000
4536	-40.1069872
4537	-40.1187500
4538	-40.1600390
4539	-40.1850000
4540	-40.2866667
4541	-40.3938462
4542	-40.4614286
4543	-40.5724176
4544	-40.7846520
4545	-40.9360852
4546	-41.1050000
4547	-41.3683333
4548	-41.5066667
4549	-41.7747193
4550	-41.9765705
4551	-42.1806410
4552	-42.4772308
4553	-42.7110641
4554	-42.8880094
4555	-43.1050000
4556	-43.4450000
4557	-43.6175000
4558	-43.9263462
4559	-44.1276611
4560	-44.4461859
4561	-44.6330000
4562	-44.9446313
4563	-45.0888295
4564	-45.2807692
4565	-45.4400000
4566	-45.7534615
4567	-46.0121795
4568	-46.2584615
4569	-46.4050000
4570	-46.5712500
4571	-46.6500000
4572	-46.9600000
4573	-47.1367857
4574	-47.3041667
4575	-47.4875000
4576	-47.6916026
4577	-47.8568750
4578	-48.1260737
4579	-48.2823451
4580	-48.3778571
4581	-48.6032210
4582	-48.6892857
4583	-48.9538645
4584	-49.1292125
4585	-49.2832952
4586	-49.4598269
4587	-49.6050000
4588	-49.8344872
4589	-50.0078571
4590	-50.2346154
4591	-50.3837607
4592	-50.5287719
4593	-50.7537879
4594	-50.8850000
4595	-51.0792857
4596	-51.3193590
4597	-51.4575000
4598	-51.7043750
4599	-51.9100000
4600	-52.1148441
4601	-52.3300505
4602	-52.5020936
4603	-52.6083158
4604	-52.8560914
4605	-53.1067582
4606	-53.3025000
4607	-53.5330769
4608	-53.7358212
4609	-53.9385897
4610	-54.0872863
4611	-54.3491667
4612	-54.5350000
4613	-54.7125000
4614	-55.0000000
4615	-55.2052638
4616	-55.4541079
4617	-55.6400000
4618	-55.9793416
4619	-56.2002778
4620	-56.4184722
4621	-56.6547472
4622	-56.8555556
4623	-57.1585185
4624	-57.4202910
4625	-57.6925000
4626	-57.9359615
4627	-58.1696591
4628	-58.3873601
4629	-58.6488312
4630	-58.9127778
4631	-59.1013636
4632	-59.3645714
4633	-59.5892161
4634	-59.8140290
4635	-60.1071624
4636	-60.3973810
4637	-60.5952183
4638	-60.8873016
4639	-61.0521276
4640	-61.3706877
4641	-61.6131418
4642	-61.8570097
4643	-62.0635974
4644	-62.3343750
4645	-62.5587660
4646	-62.8700000
4647	-63.0868182
4648	-63.3261897
4649	-63.5432378
4650	-63.8125128
4651	-64.0676217
4652	-64.3047953
4653	-64.4600000
4654	-64.6789085
4655	-64.9190762
4656	-65.0638501
4657	-65.2725334
4658	-65.7412166
4659	-66.4342151
4660	-67.0952632
4661	-67.7577778
4662	-68.3920157
4663	-68.9000000
4664	-69.3513301
4665	-69.7212500
4666	-70.1219048
4667	-70.4750000
4668	-70.8010256
4669	-71.0662500
4670	-71.3768452
4671	-71.5914881
4672	-71.7954762
4673	-71.9312500
4674	-72.0372222
4675	-72.1580159
4676	-72.2567123
4677	-72.3336771
4678	-72.3958870
4679	-72.4347508
4680	-72.4784167
4681	-72.5158227
4682	-72.5451111
4683	-72.5479167
4684	-72.5447024
4685	-72.5255846
4686	-72.4944802
4687	-72.5402000
4688	-72.5170833
4689	-72.5180000
4690	-72.5057143
4691	-72.5181675
