x	y
1	506.9215385
2	506.9215385
3	506.9211111
4	506.9273333
5	506.9291111
6	506.9308889
7	506.9322727
8	506.9309091
9	506.9152448
10	506.9237500
11	506.9461905
12	506.9545833
13	506.9554545
14	506.9543823
15	506.9533100
16	506.9538462
17	506.9552174
18	506.9525000
19	506.9478571
20	506.9469231
21	506.9473684
22	506.9477778
23	506.9475000
24	506.9476000
25	506.9408787
26	506.9450000
27	506.9596154
28	506.9742308
29	506.9708013
30	506.9735714
31	506.9687500
32	506.9613782
33	506.9612500
34	506.9470000
35	506.9528571
36	506.9469231
37	506.9412821
38	506.9356410
39	506.9350000
40	506.9178205
41	506.9150000
42	506.9147436
43	506.9159872
44	506.9176190
45	506.9200000
46	506.9242857
47	506.9178947
48	506.9131081
49	506.9180000
50	506.9216667
51	506.9465656
52	506.9405263
53	506.9170985
54	506.9179167
55	506.9180000
56	506.9300000
57	506.9255556
58	506.8990598
59	506.9000000
60	506.9000000
61	506.9000000
62	506.9063636
63	506.9084615
64	506.9023077
65	506.8921429
66	506.8925000
67	506.8909091
68	506.8793618
69	506.8817391
70	506.8940000
71	506.8957778
72	506.8975556
73	506.9120000
74	506.9172463
75	506.9187500
76	506.9150000
77	506.9005094
78	506.8987500
79	506.8937478
80	506.8938462
81	506.9030769
82	506.8930000
83	506.8929412
84	506.8812368
85	506.8826923
86	506.8873684
87	506.9005801
88	506.8979808
89	506.8925000
90	506.8980769
91	506.8973077
92	506.8965385
93	506.8807692
94	506.8805556
95	506.8671368
96	506.8668750
97	506.8656250
98	506.8662500
99	506.8669551
100	506.8680952
101	506.8677750
102	506.8622250
103	506.8516211
104	506.8488889
105	506.8450000
106	506.8657692
107	506.8495833
108	506.8483810
109	506.8457895
110	506.8400000
111	506.8379487
112	506.8382353
113	506.8366340
114	506.8350327
115	506.8250109
116	506.8325000
117	506.8400000
118	506.8415385
119	506.8430769
120	506.8471933
121	506.8450000
122	506.8450000
123	506.8415950
124	506.8404167
125	506.8453846
126	506.8448901
127	506.8422361
128	506.8527622
129	506.8500000
130	506.8315385
131	506.8320582
132	506.8310526
133	506.8273977
134	506.8272727
135	506.8314881
136	506.8207524
137	506.8228441
138	506.8250000
139	506.8216667
140	506.8195299
141	506.8220000
142	506.8213175
143	506.8147981
144	506.8170000
145	506.8188889
146	506.8131250
147	506.8042857
148	506.8011111
149	506.8024324
150	506.8043962
151	506.7934615
152	506.8195455
153	506.8234382
154	506.8222727
155	506.8171678
156	506.8150000
157	506.8150000
158	506.8148000
159	506.8121739
160	506.8128989
161	506.8095833
162	506.7780662
163	506.7760577
164	506.7800000
165	506.7923077
166	506.7943451
167	506.7940909
168	506.7912654
169	506.7885714
170	506.7861182
171	506.7880952
172	506.7821739
173	506.7689298
174	506.7656250
175	506.7650000
176	506.7585714
177	506.7461905
178	506.7413636
179	506.7428000
180	506.7429846
181	506.7431692
182	506.7482761
183	506.7511538
184	506.7507692
185	506.7330769
186	506.7370575
187	506.7281818
188	506.7138889
189	506.7185714
190	506.7200366
191	506.7180769
192	506.7222727
193	506.7269114
194	506.7277934
195	506.7196154
196	506.7208696
197	506.7206090
198	506.7209091
199	506.7207180
200	506.7200000
201	506.7216667
202	506.7241453
203	506.7212500
204	506.7081211
205	506.7183333
206	506.7225214
207	506.7187500
208	506.7023155
209	506.7043262
210	506.7095199
211	506.7200000
212	506.7190909
213	506.7227273
214	506.7139274
215	506.7162500
216	506.7151793
217	506.7265385
218	506.7285714
219	506.7375000
220	506.7369802
221	506.7300000
222	506.7283333
223	506.7266667
224	506.7082222
225	506.7080000
226	506.7080000
227	506.7112500
228	506.7040909
229	506.7038889
230	506.7035714
231	506.7028571
232	506.6975000
233	506.7000000
234	506.6990000
235	506.6983333
236	506.6972037
237	506.6975000
238	506.6975000
239	506.7007692
240	506.7040909
241	506.6988329
242	506.7018159
243	506.7011111
244	506.7019231
245	506.7007143
246	506.6975000
247	506.6958576
248	506.7106250
249	506.7287500
250	506.7343750
251	506.7281818
252	506.7104196
253	506.6926573
254	506.6900000
255	506.6700000
256	506.6761538
257	506.6803950
258	506.6758333
259	506.6769231
260	506.6774636
261	506.6762500
262	506.6711111
263	506.6596581
264	506.6588462
265	506.6600000
266	506.6605556
267	506.6700000
268	506.6720513
269	506.6741026
270	506.6458333
271	506.6450000
272	506.6557143
273	506.6553333
274	506.6220342
275	506.6225000
276	506.6425000
277	506.6557640
278	506.6580000
279	506.6558516
280	506.6557895
281	506.6560324
282	506.6430000
283	506.6161111
284	506.6180000
285	506.6453846
286	506.6484615
287	506.6483333
288	506.6470000
289	506.6475000
290	506.6505353
291	506.6410000
292	506.6412500
293	506.6486218
294	506.6409524
295	506.6170000
296	506.6178571
297	506.6283353
298	506.6105514
299	506.6100000
300	506.6094444
301	506.6103846
302	506.6271429
303	506.6310989
304	506.6225000
305	506.6244000
306	506.6250000
307	506.6257692
308	506.6183264
309	506.6376923
310	506.6370894
311	506.6377778
312	506.6300000
313	506.5973389
314	506.5987500
315	506.6026603
316	506.6034509
317	506.6042415
318	506.5994444
319	506.5995833
320	506.6024252
321	506.6031818
322	506.6010000
323	506.5967436
324	506.5973077
325	506.5911281
326	506.5958333
327	506.5957017
328	506.5940896
329	506.6000000
330	506.5987162
331	506.5951300
332	506.6006657
333	506.5960000
334	506.5875000
335	506.5762500
336	506.5781818
337	506.5819486
338	506.5750000
339	506.5730769
340	506.5750000
341	506.5727339
342	506.5744444
343	506.5794017
344	506.5864672
345	506.5865385
346	506.5796154
347	506.5485897
348	506.5550000
349	506.5518956
350	506.5502183
351	506.5760000
352	506.5863590
353	506.5795455
354	506.5613869
355	506.5576190
356	506.5561294
357	506.5546398
358	506.5550000
359	506.5527578
360	506.5550000
361	506.5543750
362	506.5447917
363	506.5440000
364	506.5472698
365	506.5360000
366	506.5364286
367	506.5399629
368	506.5516667
369	506.5500000
370	506.5465489
371	506.5540000
372	506.5550000
373	506.5370000
374	506.5070952
375	506.5122222
376	506.5145749
377	506.5145833
378	506.5162500
379	506.5531090
380	506.5475000
381	506.5435714
382	506.5427273
383	506.5336842
384	506.5266667
385	506.5291667
386	506.5250000
387	506.5134615
388	506.5145833
389	506.5233333
390	506.5225000
391	506.5204210
392	506.5392308
393	506.5166667
394	506.5100000
395	506.5164286
396	506.5156250
397	506.5129006
398	506.5101763
399	506.5093750
400	506.5075481
401	506.5150000
402	506.5150000
403	506.5130249
404	506.5131818
405	506.4985286
406	506.4820736
407	506.4830000
408	506.5061282
409	506.5064872
410	506.4828507
411	506.4794118
412	506.4787783
413	506.4811538
414	506.4830000
415	506.5040000
416	506.5223590
417	506.5200000
418	506.4666667
419	506.4677273
420	506.4886987
421	506.4873077
422	506.4825000
423	506.4790000
424	506.4906250
425	506.5158494
426	506.5000000
427	506.4641026
428	506.4637500
429	506.4635714
430	506.4518182
431	506.4578947
432	506.4669723
433	506.4692857
434	506.4565830
435	506.4439892
436	506.4485714
437	506.4506712
438	506.4450000
439	506.4460000
440	506.4549730
441	506.4500000
442	506.4175000
443	506.4206410
444	506.4463203
445	506.4566667
446	506.4583761
447	506.4600855
448	506.4625000
449	506.4728571
450	506.4734783
451	506.4710000
452	506.4713636
453	506.4738889
454	506.4830912
455	506.4758333
456	506.4794854
457	506.4879167
458	506.4880000
459	506.4922222
460	506.4965385
461	506.4819231
462	506.4823077
463	506.5050000
464	506.4944444
465	506.4950000
466	506.4914286
467	506.4917196
468	506.5036650
469	506.5128250
470	506.4971429
471	506.4960000
472	506.4977778
473	506.5037607
474	506.4928571
475	506.4894139
476	506.4890909
477	506.4867690
478	506.4900000
479	506.5264103
480	506.5266667
481	506.5223077
482	506.4993407
483	506.4950000
484	506.5138889
485	506.5125000
486	506.5125000
487	506.5109091
488	506.5072261
489	506.5058325
490	506.4992308
491	506.4956410
492	506.5000000
493	506.4925000
494	506.4785256
495	506.5000000
496	506.4925000
497	506.4907143
498	506.4877473
499	506.4888000
500	506.4833333
501	506.4692063
502	506.4768000
503	506.4761538
504	506.4773077
505	506.4780769
506	506.4750000
507	506.4753846
508	506.4960806
509	506.4931250
510	506.4812500
511	506.4845455
512	506.4848803
513	506.4753846
514	506.4692308
515	506.4704545
516	506.4850000
517	506.4864286
518	506.4913636
519	506.5100000
520	506.5233333
521	506.4883333
522	506.4781624
523	506.4809459
524	506.4837500
525	506.4804340
526	506.4750165
527	506.4770000
528	506.4890000
529	506.4947949
530	506.5005897
531	506.5029744
532	506.5053590
533	506.5269145
534	506.5261937
535	506.5254729
536	506.5375000
537	506.5506250
538	506.5650000
539	506.5654545
540	506.5878947
541	506.5900000
542	506.6416667
543	506.6450000
544	506.6457143
545	506.7096703
546	506.7345055
547	506.7504348
548	506.7700000
549	506.7850000
550	506.7950000
551	506.8185714
552	506.8300000
553	506.9028205
554	506.9240000
555	506.9674872
556	507.0028571
557	507.1245042
558	507.1300000
559	507.2450000
560	507.4287500
561	507.4650000
562	507.7075000
563	507.9460000
564	508.2580000
565	508.5250000
566	508.8175000
567	509.2450000
568	509.6838889
569	510.1300000
570	510.5850000
571	511.1100000
572	511.7700000
573	512.4300000
574	513.0850000
575	513.9125000
576	514.7162500
577	515.5200000
578	516.4200000
579	517.2300000
580	518.0600000
581	519.0550000
582	519.9525000
583	520.8500000
584	521.8600000
585	522.8050000
586	523.6375000
587	524.4700000
588	525.3050000
589	526.2125000
590	527.0262500
591	527.8131250
592	528.5315625
593	529.2457813
594	529.9600000
595	530.5200000
596	531.1300000
597	531.8600000
598	532.2200000
599	532.6600000
600	533.0700000
601	533.4200000
602	533.7700000
603	534.0950000
604	534.3988462
605	534.6194231
606	534.7850000
607	534.9738889
608	535.1050000
609	535.2416667
610	535.3083333
611	535.3200000
612	535.3760000
613	535.3700000
614	535.3700000
615	535.2800000
616	535.2500000
617	535.1171795
618	535.0238462
619	534.8627106
620	534.7015751
621	534.5494139
622	534.4120000
623	534.3100000
624	534.0883333
625	533.9165873
626	533.7628571
627	533.6238462
628	533.4727106
629	533.3847497
630	533.2967888
631	533.2327757
632	533.1687627
633	533.1225000
634	533.1131410
635	533.1123810
636	533.1127273
637	533.1759091
638	533.2000000
639	533.3550000
640	533.5085897
641	533.5862500
642	533.7475000
643	533.9586905
644	534.1281818
645	534.2650000
646	534.4975000
647	534.6000000
648	534.8800000
649	535.1204444
650	535.3272727
651	535.5467100
652	535.7661472
653	535.9100000
654	536.1489744
655	536.3372781
656	536.4660000
657	536.7180000
658	536.9142245
659	537.0500000
660	537.3175000
661	537.5162500
662	537.7054167
663	537.8945833
664	538.0750000
665	538.4359524
666	538.6850000
667	538.9893590
668	539.2771429
669	539.5340000
670	539.8736923
671	540.3537500
672	540.7650000
673	541.2070000
674	541.7400000
675	542.2050000
676	542.6700000
677	543.3650000
678	544.0785714
679	544.7692857
680	545.4512500
681	546.2250000
682	547.0100000
683	547.8100000
684	548.8350000
685	549.8500000
686	550.8734615
687	551.9371429
688	552.9736364
689	554.0593074
690	555.1449784
691	556.2700000
692	557.5200000
693	558.9000000
694	559.7200000
695	561.0700000
696	562.1800000
697	563.2900000
698	564.5100000
699	565.7050000
700	566.8866667
701	568.0133333
702	569.1391111
703	570.1400000
704	571.1000000
705	572.0600000
706	573.1900000
707	573.9900000
708	574.8150000
709	575.5975000
710	576.2537500
711	576.8700000
712	577.4850000
713	577.9250000
714	578.3625000
715	578.7662500
716	579.0544643
717	579.2704625
718	579.3687500
719	579.4540000
720	579.4850519
721	579.4596429
722	579.3717857
723	579.1600000
724	578.8164286
725	578.3958333
726	577.9550000
727	577.4366667
728	576.8000000
729	576.1100000
730	575.4533333
731	574.6200000
732	573.7600000
733	572.8800000
734	571.8500000
735	570.7954545
736	569.7300000
737	568.6328000
738	567.4564000
739	566.3382000
740	565.2350000
741	563.9400000
742	562.7050000
743	561.5475000
744	560.3900000
745	559.2200000
746	558.0500000
747	556.6200000
748	555.7550000
749	554.6825000
750	553.6712500
751	552.6856250
752	551.7740000
753	550.8554545
754	549.9727273
755	549.1150000
756	548.2959524
757	547.5929762
758	546.9264881
759	546.2600000
760	545.5790476
761	545.0495238
762	544.5347619
763	544.0200000
764	543.6100000
765	543.2000000
766	542.7895238
767	542.4480000
768	542.0700000
769	541.7590476
770	541.4480952
771	541.1998040
772	540.9800000
773	540.7123810
774	540.5700000
775	540.3336364
776	540.2350000
777	539.9900000
778	539.8457143
779	539.7850000
780	539.6100000
781	539.4523810
782	539.4100000
783	539.2510256
784	539.1561538
785	539.0250000
786	538.9275000
787	538.8142857
788	538.7011722
789	538.6800000
790	538.5600000
791	538.4950000
792	538.3883333
793	538.2914957
794	538.2163636
795	538.1129697
796	537.9976566
797	537.8823434
798	537.7294444
799	537.5960053
800	537.4625661
801	537.4100000
802	537.1450000
803	536.9150000
804	536.7600000
805	536.6100000
806	536.3660000
807	536.1080000
808	535.8658333
809	535.6216667
810	535.3606667
811	535.1500000
812	534.9000000
813	534.7000000
814	534.3661905
815	534.1633333
816	533.9600000
817	533.6728571
818	533.4480952
819	533.3350000
820	533.1178889
821	532.9312011
822	532.8262978
823	532.7428000
824	532.6650000
825	532.6158333
826	532.5886111
827	532.5906667
828	532.6050000
829	532.6900000
830	532.7861905
831	532.9450000
832	533.1212500
833	533.2575000
834	533.4082143
835	533.6475000
836	533.8616667
837	534.0825000
838	534.2350000
839	534.4675000
840	534.7000000
841	534.9125000
842	535.1180000
843	535.3600000
844	535.5166667
845	535.7200000
846	535.9153846
847	536.0745455
848	536.2648485
849	536.3550000
850	536.5675000
851	536.6869444
852	536.7760000
853	536.8687500
854	536.9850000
855	537.0420000
856	537.1080000
857	537.1560000
858	537.2040000
859	537.2650000
860	537.2944872
861	537.3239744
862	537.3350000
863	537.3803846
864	537.3950000
865	537.4275000
866	537.4339286
867	537.4403571
868	537.4428571
869	537.4550000
870	537.4503571
871	537.4267857
872	537.4032143
873	537.3710714
874	537.3523529
875	537.3500000
876	537.3450000
877	537.3333333
878	537.3162500
879	537.2876471
880	537.2315385
881	537.2041667
882	537.2000000
883	537.1650000
884	537.1006410
885	537.0725000
886	537.0000000
887	536.9747059
888	536.9138655
889	536.8950000
890	536.8907143
891	536.8320000
892	536.8300000
893	536.7728571
894	536.7318908
895	536.7100000
896	536.6600000
897	536.6150000
898	536.5775000
899	536.5650000
900	536.5400000
901	536.4442857
902	536.3800000
903	536.3362500
904	536.2899038
905	536.2023489
906	536.1916667
907	536.1172222
908	536.0866667
909	536.0150000
910	536.0050000
911	535.9000000
912	535.8050000
913	535.7212222
914	535.6950000
915	535.6300000
916	535.6250000
917	535.4464286
918	535.3682967
919	535.2947059
920	535.1646667
921	535.0987500
922	535.0300000
923	535.0150000
924	534.9000000
925	534.8225000
926	534.7375000
927	534.6250000
928	534.4860000
929	534.3942857
930	534.3337500
931	534.1999679
932	534.1000000
933	534.0600000
934	533.9051282
935	533.8340000
936	533.6600513
937	533.5645455
938	533.4490000
939	533.3200000
940	533.2220000
941	533.1850000
942	533.0750000
943	532.9480000
944	532.8160000
945	532.7366667
946	532.6750000
947	532.5150000
948	532.4350000
949	532.3097619
950	532.2450000
951	532.1550000
952	532.0250000
953	531.9278571
954	531.8680000
955	531.7650000
956	531.7100000
957	531.5341026
958	531.4547009
959	531.4011765
960	531.3003922
961	531.2316667
962	531.1128551
963	531.0566667
964	530.9784444
965	530.9200000
966	530.8500000
967	530.7800000
968	530.6750000
969	530.6000000
970	530.4917288
971	530.4837500
972	530.4454808
973	530.3408745
974	530.2716667
975	530.1978571
976	530.1600000
977	530.1250000
978	530.0750000
979	530.0000000
980	529.8861905
981	529.7978571
982	529.7490293
983	529.7400000
984	529.6635897
985	529.6064286
986	529.5612500
987	529.4980357
988	529.4850000
989	529.4171429
990	529.3550000
991	529.3250000
992	529.2700000
993	529.2262500
994	529.1739881
995	529.1558824
996	529.1500000
997	529.1000000
998	529.0233333
999	529.0200000
1000	528.9638095
1001	528.9521429
1002	528.9378571
1003	528.8950000
1004	528.8750000
1005	528.8600000
1006	528.8162500
1007	528.8100000
1008	528.7714286
1009	528.7575000
1010	528.7277381
1011	528.7264286
1012	528.6911905
1013	528.6896599
1014	528.6900000
1015	528.6940000
1016	528.6950000
1017	528.6916667
1018	528.6990000
1019	528.7165390
1020	528.7313333
1021	528.7550000
1022	528.7645455
1023	528.7700000
1024	528.8119048
1025	528.8431579
1026	528.8650000
1027	528.8716667
1028	528.9286508
1029	528.9637500
1030	529.0100000
1031	529.0616667
1032	529.0775000
1033	529.1225000
1034	529.1775000
1035	529.2357692
1036	529.2900000
1037	529.3016667
1038	529.3993377
1039	529.4000000
1040	529.4962500
1041	529.5830357
1042	529.6462500
1043	529.6500000
1044	529.7637875
1045	529.8275000
1046	529.8900000
1047	529.9691667
1048	530.0550000
1049	530.1369048
1050	530.2188095
1051	530.3050000
1052	530.4000000
1053	530.4066667
1054	530.5465079
1055	530.6500000
1056	530.7150000
1057	530.8219231
1058	530.9126316
1059	531.0159834
1060	531.0950000
1061	531.1788235
1062	531.2924650
1063	531.4061064
1064	531.5350000
1065	531.6316667
1066	531.7200000
1067	531.8123077
1068	531.9325000
1069	532.0550000
1070	532.1500000
1071	532.2700000
1072	532.4171429
1073	532.4650000
1074	532.6388235
1075	532.7162500
1076	532.8300000
1077	532.9790476
1078	533.0933333
1079	533.1950000
1080	533.3050000
1081	533.3950000
1082	533.5900000
1083	533.6800000
1084	533.8509524
1085	534.0183333
1086	534.1423016
1087	534.2566667
1088	534.3800000
1089	534.5271429
1090	534.6357143
1091	534.7766667
1092	534.8750000
1093	535.0335714
1094	535.1400000
1095	535.2814286
1096	535.4228571
1097	535.5580000
1098	535.6200000
1099	535.8004762
1100	535.8950000
1101	536.0335714
1102	536.1721429
1103	536.2950000
1104	536.4626190
1105	536.5800000
1106	536.7447619
1107	536.8166667
1108	536.9664286
1109	537.1154762
1110	537.2300000
1111	537.3414286
1112	537.4200000
1113	537.5902564
1114	537.6825000
1115	537.8300000
1116	537.9690476
1117	538.0100000
1118	538.1400000
1119	538.3085714
1120	538.3650000
1121	538.5421429
1122	538.6050000
1123	538.7886343
1124	538.9042857
1125	538.9875000
1126	539.0650000
1127	539.2334615
1128	539.3297253
1129	539.4072727
1130	539.5799747
1131	539.6300000
1132	539.7525390
1133	539.8300000
1134	539.9383333
1135	540.0552181
1136	540.1562500
1137	540.2325000
1138	540.3350000
1139	540.3500000
1140	540.5180952
1141	540.5862500
1142	540.7087500
1143	540.7250000
1144	540.8854802
1145	540.9100000
1146	541.0361905
1147	541.1402917
1148	541.1450000
1149	541.2250000
1150	541.3050000
1151	541.4150000
1152	541.5092857
1153	541.5100000
1154	541.6680952
1155	541.7527273
1156	541.8161472
1157	541.8400000
1158	541.9328571
1159	541.9883333
1160	542.0894444
1161	542.1391667
1162	542.2308333
1163	542.3021825
1164	542.3100000
1165	542.3500000
1166	542.4450000
1167	542.4450000
1168	542.5350000
1169	542.6235714
1170	542.6350000
1171	542.6650000
1172	542.7792857
1173	542.8150000
1174	542.8470833
1175	542.9095000
1176	542.9700000
1177	543.0356185
1178	543.0550000
1179	543.1145238
1180	543.1450000
1181	543.2042857
1182	543.2575000
1183	543.2863462
1184	543.2872727
1185	543.3112987
1186	543.3120000
1187	543.3987619
1188	543.4129206
1189	543.4270794
1190	543.4971217
1191	543.5100000
1192	543.5400000
1193	543.5440000
1194	543.6265714
1195	543.6350000
1196	543.6475000
1197	543.6948810
1198	543.7050000
1199	543.7425000
1200	543.7726087
1201	543.7856315
1202	543.7891667
1203	543.8194048
1204	543.8406353
1205	543.8407143
1206	543.8492857
1207	543.8578571
1208	543.9078571
1209	543.9069231
1210	543.9061538
1211	543.8750000
1212	543.8861538
1213	543.9100000
1214	543.9075000
1215	543.8975000
1216	543.9125000
1217	543.9175000
1218	543.9296429
1219	543.9300570
1220	543.9200000
1221	543.9061905
1222	543.9148000
1223	543.9100000
1224	543.8755000
1225	543.8628409
1226	543.8614306
1227	543.8652941
1228	543.8650000
1229	543.8557143
1230	543.8352381
1231	543.8350000
1232	543.8075641
1233	543.7842105
1234	543.7357895
1235	543.7300000
1236	543.6858333
1237	543.6350000
1238	543.6095833
1239	543.6002106
1240	543.5990069
1241	543.5917647
1242	543.5500000
1243	543.5062500
1244	543.4650000
1245	543.4602381
1246	543.4554762
1247	543.3600000
1248	543.3266667
1249	543.3228571
1250	543.2871429
1251	543.2290476
1252	543.1726316
1253	543.1450000
1254	543.1250000
1255	543.0430952
1256	542.9798359
1257	542.9375000
1258	542.9166667
1259	542.8600000
1260	542.7866667
1261	542.7800000
1262	542.7017767
1263	542.6800000
1264	542.5850000
1265	542.5250000
1266	542.4550000
1267	542.3866667
1268	542.3750000
1269	542.2655128
1270	542.2051709
1271	542.1950000
1272	542.1733333
1273	542.0215873
1274	541.9750000
1275	541.9250000
1276	541.7683333
1277	541.7500000
1278	541.6600000
1279	541.6300000
1280	541.5600000
1281	541.4385714
1282	541.3407143
1283	541.2510073
1284	541.1750000
1285	541.0469048
1286	540.9725000
1287	540.8679762
1288	540.8150000
1289	540.6925000
1290	540.5894048
1291	540.5171429
1292	540.4816667
1293	540.3360784
1294	540.2966667
1295	540.1462500
1296	540.0550000
1297	539.8954167
1298	539.8216667
1299	539.6969048
1300	539.5503968
1301	539.4400000
1302	539.3311765
1303	539.1939182
1304	539.1166667
1305	538.9855556
1306	538.8544444
1307	538.7750000
1308	538.6080769
1309	538.4925000
1310	538.3046429
1311	538.1477381
1312	538.0133333
1313	537.8833333
1314	537.7600000
1315	537.6250000
1316	537.4635714
1317	537.3021429
1318	537.1635714
1319	537.0250000
1320	536.8475000
1321	536.6816667
1322	536.4948413
1323	536.3650000
1324	536.1750000
1325	535.9950000
1326	535.7841667
1327	535.6500000
1328	535.4395238
1329	535.3080000
1330	535.0674286
1331	534.9016667
1332	534.7200000
1333	534.5085714
1334	534.3012365
1335	534.1350000
1336	533.8969048
1337	533.7300000
1338	533.4750000
1339	533.2635714
1340	533.0800000
1341	532.8352381
1342	532.6450000
1343	532.3811765
1344	532.1400000
1345	531.8950000
1346	531.7000000
1347	531.4350000
1348	531.2300000
1349	531.0800000
1350	530.8000000
1351	530.4928571
1352	530.2323810
1353	529.9983333
1354	529.7283333
1355	529.4950000
1356	529.2321429
1357	528.9800000
1358	528.6964103
1359	528.4550000
1360	528.1645000
1361	527.9043571
1362	527.6912500
1363	527.4006389
1364	527.1100278
1365	526.9200000
1366	526.5642857
1367	526.3150000
1368	526.0430952
1369	525.7966667
1370	525.5412500
1371	525.2106250
1372	524.9103125
1373	524.7050000
1374	524.3800000
1375	524.1100000
1376	523.9550000
1377	523.5754762
1378	523.2757895
1379	523.0200000
1380	522.7450000
1381	522.4557143
1382	522.1628571
1383	521.9114286
1384	521.7150000
1385	521.4016667
1386	521.1750000
1387	520.8283333
1388	520.5218254
1389	520.2910847
1390	520.0603439
1391	519.8000000
1392	519.5450000
1393	519.2585556
1394	518.9721111
1395	518.6850000
1396	518.4388095
1397	518.2250000
1398	517.9445000
1399	517.6538810
1400	517.4387500
1401	517.2155357
1402	516.9475595
1403	516.8050000
1404	516.4816667
1405	516.2308333
1406	516.0000000
1407	515.8800000
1408	515.5600000
1409	515.3050000
1410	515.0625000
1411	514.9000000
1412	514.6600000
1413	514.4241026
1414	514.2188235
1415	514.0150000
1416	513.7778889
1417	513.5888201
1418	513.3997513
1419	513.1925000
1420	512.9812500
1421	512.8550000
1422	512.6240476
1423	512.4582723
1424	512.2924969
1425	512.0812485
1426	511.9100000
1427	511.7050000
1428	511.5375000
1429	511.3700000
1430	511.2440000
1431	511.0900000
1432	510.9064444
1433	510.7376190
1434	510.5708333
1435	510.4650000
1436	510.2864286
1437	510.2025000
1438	510.1250000
1439	509.8650000
1440	509.8100000
1441	509.6104762
1442	509.4858333
1443	509.3506624
1444	509.2437500
1445	509.0806667
1446	508.9911746
1447	508.9800000
1448	508.7768889
1449	508.6175344
1450	508.5050000
1451	508.4600000
1452	508.3384615
1453	508.2750000
1454	508.1312500
1455	508.0300000
1456	507.9433333
1457	507.8600000
1458	507.7827273
1459	507.7250000
1460	507.6078205
1461	507.5900000
1462	507.4684615
1463	507.3540742
1464	507.3225000
1465	507.3000000
1466	507.2080000
1467	507.1280000
1468	507.0350476
1469	506.9633333
1470	506.8850000
1471	506.8640000
1472	506.7853333
1473	506.7066667
1474	506.6612698
1475	506.6200000
1476	506.5543590
1477	506.5200000
1478	506.4409524
1479	506.4400000
1480	506.3500000
1481	506.2840000
1482	506.2750000
1483	506.2400000
1484	506.1900000
1485	506.1750000
1486	506.1169048
1487	506.0700000
1488	506.0135360
1489	505.9975000
1490	505.9833333
1491	505.9104444
1492	505.9100000
1493	505.8704444
1494	505.8645455
1495	505.8326148
1496	505.7959566
1497	505.7330352
1498	505.7250000
1499	505.6900000
1500	505.6264103
1501	505.6147368
1502	505.5967072
1503	505.5852941
1504	505.5720000
1505	505.4833846
1506	505.4805907
1507	505.4788235
1508	505.4520000
1509	505.4208889
1510	505.4230309
1511	505.4216000
1512	505.3655429
1513	505.3605143
1514	505.3554857
1515	505.3150000
1516	505.2814103
1517	505.2747059
1518	505.2649020
1519	505.2678261
1520	505.2654428
1521	505.2550000
1522	505.2490909
1523	505.2363131
1524	505.2291304
1525	505.2137500
1526	505.1369643
1527	505.1434739
1528	505.1400000
1529	505.1350000
1530	505.1312500
1531	505.1271429
1532	505.1100000
1533	505.1100000
1534	505.0861905
1535	505.0787500
1536	505.0313782
1537	505.0212500
1538	504.9987500
1539	504.9912500
1540	504.9820000
1541	504.9650000
1542	504.9316667
1543	504.9545000
1544	504.9544444
1545	504.9525000
1546	504.9466667
1547	504.9300000
1548	504.9285714
1549	504.9052381
1550	504.9064286
1551	504.9046154
1552	504.8991667
1553	504.8987537
1554	504.9062500
1555	504.9082738
1556	504.9075000
1557	504.9085714
1558	504.9200000
1559	504.9200000
1560	504.9363636
1561	504.9355556
1562	504.9377778
1563	504.9369744
1564	504.9450000
1565	504.9600000
1566	504.9666667
1567	504.9733333
1568	504.9732772
1569	504.9742275
1570	504.9780802
1571	505.0226934
1572	505.0404216
1573	505.0516667
1574	505.0616667
1575	505.0883333
1576	505.1000000
1577	505.1359744
1578	505.1447692
1579	505.1440626
1580	505.1447059
1581	505.1550000
1582	505.2319427
1583	505.2350000
1584	505.2371429
1585	505.2485714
1586	505.2679853
1587	505.2810526
1588	505.2866667
1589	505.2937500
1590	505.3064286
1591	505.3125000
1592	505.3116717
1593	505.3140426
1594	505.3251571
1595	505.3269231
1596	505.3442125
1597	505.3615018
1598	505.3647863
1599	505.3645518
1600	505.3641165
1601	505.3642293
1602	505.3643421
1603	505.3977495
1604	505.3946429
1605	505.3942105
1606	505.3985000
1607	505.3983333
1608	505.3992857
1609	505.4116667
1610	505.4141667
1611	505.4290079
1612	505.4300000
1613	505.4214286
1614	505.4216086
1615	505.4441667
1616	505.4382353
1617	505.4385000
1618	505.4560000
1619	505.4573846
1620	505.4537500
1621	505.4437500
1622	505.4366667
1623	505.4441176
1624	505.4599440
1625	505.4591667
1626	505.4535317
1627	505.4536338
1628	505.4542349
1629	505.4532143
1630	505.4703571
1631	505.4753571
1632	505.4744444
1633	505.4764706
1634	505.4793791
1635	505.4822876
1636	505.4833333
1637	505.4837500
1638	505.4974405
1639	505.4995383
1640	505.5008000
1641	505.5020000
1642	505.4980000
1643	505.4955238
1644	505.4930476
1645	505.4802466
1646	505.4951374
1647	505.5008333
1648	505.5000000
1649	505.4950000
1650	505.4888095
1651	505.4953846
1652	505.5000000
1653	505.5033333
1654	505.5000000
1655	505.5021429
1656	505.5000000
1657	505.5010000
1658	505.5131905
1659	505.5100000
1660	505.4738095
1661	505.4754545
1662	505.4646172
1663	505.4694118
1664	505.4765000
1665	505.4931206
1666	505.4975000
1667	505.4954167
1668	505.4889484
1669	505.4915264
1670	505.4890000
1671	505.4897023
1672	505.4942857
1673	505.4916667
1674	505.4891270
1675	505.4915385
1676	505.4950000
1677	505.4921549
1678	505.5018519
1679	505.5072840
1680	505.5119518
1681	505.5078571
1682	505.5059524
1683	505.5050000
1684	505.5074074
1685	505.5193922
1686	505.5160870
1687	505.5050000
1688	505.5058333
1689	505.5037500
1690	505.4842105
1691	505.4925000
1692	505.5028541
1693	505.4950000
1694	505.4828654
1695	505.5010714
1696	505.4938462
1697	505.4945455
1698	505.4991815
1699	505.4992308
1700	505.4983333
1701	505.4975000
1702	505.4994268
1703	505.5023077
1704	505.4957725
1705	505.4944500
1706	505.4958333
1707	505.4950000
1708	505.4883333
1709	505.4867857
1710	505.4903571
1711	505.4900000
1712	505.4807692
1713	505.4800000
1714	505.4683333
1715	505.4700000
1716	505.5000000
1717	505.5011765
1718	505.4985760
1719	505.5037766
1720	505.5030452
1721	505.5021429
1722	505.4962500
1723	505.4911765
1724	505.4900000
1725	505.4800000
1726	505.4831579
1727	505.4962500
1728	505.5016667
1729	505.4950000
1730	505.4966667
1731	505.4928571
1732	505.4742857
1733	505.4778571
1734	505.4778571
1735	505.4828571
1736	505.5000000
1737	505.5012500
1738	505.4985714
1739	505.4842857
1740	505.4844444
1741	505.4881481
1742	505.4870833
1743	505.4866468
1744	505.4920000
1745	505.4918182
1746	505.4782251
1747	505.5016667
1748	505.5008333
1749	505.4717063
1750	505.4755000
1751	505.4759359
1752	505.4749482
1753	505.4778571
1754	505.4854762
1755	505.4800000
1756	505.4787500
1757	505.4829186
1758	505.4760654
1759	505.4803571
1760	505.4828061
1761	505.4766667
1762	505.4852741
1763	505.4853478
1764	505.4786957
1765	505.4678571
1766	505.4669376
1767	505.4683333
1768	505.4712500
1769	505.4744643
1770	505.4816667
1771	505.4776923
1772	505.4780000
1773	505.4692308
1774	505.4692308
1775	505.4685520
1776	505.4700000
1777	505.4735000
1778	505.4642983
1779	505.4677462
1780	505.4718128
1781	505.4742857
1782	505.4760730
1783	505.4616792
1784	505.4568618
1785	505.4566667
1786	505.4662500
1787	505.4656044
1788	505.4671062
1789	505.4686081
1790	505.4707143
1791	505.4718750
1792	505.4621739
1793	505.4629412
1794	505.4607143
1795	505.4540000
1796	505.4513333
1797	505.4486667
1798	505.4635000
1799	505.4635000
1800	505.4615000
1801	505.4655000
1802	505.4861190
1803	505.4820833
1804	505.4733333
1805	505.4175000
1806	505.4437500
1807	505.4664881
1808	505.4657143
1809	505.4550000
1810	505.4547059
1811	505.4483333
1812	505.4473932
1813	505.4508000
1814	505.4516667
1815	505.4520000
1816	505.4529412
1817	505.4423254
1818	505.4492593
1819	505.4548813
1820	505.4572727
1821	505.4587500
1822	505.4595833
1823	505.4545000
1824	505.4452941
1825	505.4446218
1826	505.4473913
1827	505.4535294
1828	505.4458333
1829	505.4460000
1830	505.4450000
1831	505.4420000
1832	505.4336364
1833	505.4333333
1834	505.4342857
1835	505.4342857
1836	505.4365568
1837	505.4388278
1838	505.4410479
1839	505.4436021
1840	505.4500238
1841	505.4426087
1842	505.4094410
1843	505.4196296
1844	505.4212197
1845	505.4190701
1846	505.4214286
1847	505.4327083
1848	505.4393333
1849	505.4350449
1850	505.4255278
1851	505.4162904
1852	505.4100000
1853	505.4204126
1854	505.4293333
1855	505.4309091
1856	505.4310526
1857	505.4361111
1858	505.4350000
1859	505.4230952
1860	505.4294900
1861	505.4200000
1862	505.4058643
1863	505.4115000
1864	505.4131579
1865	505.4147826
1866	505.4138462
1867	505.3889011
1868	505.4080000
1869	505.4027273
1870	505.4025217
1871	505.4128571
1872	505.4113043
1873	505.4166667
1874	505.4090909
1875	505.4116017
1876	505.4000000
1877	505.3887179
1878	505.3887500
1879	505.3900000
1880	505.4232159
1881	505.4157692
1882	505.4103846
1883	505.4100000
1884	505.4114286
1885	505.4099700
1886	505.4035714
1887	505.4087500
1888	505.4586310
1889	505.4464286
1890	505.4335299
1891	505.4400000
1892	505.4227473
1893	505.4236364
1894	505.4175493
1895	505.4000000
1896	505.4000000
1897	505.4033333
1898	505.4039286
1899	505.4025000
1900	505.3998810
1901	505.3984211
1902	505.4023077
1903	505.4003846
1904	505.4009091
1905	505.3990777
1906	505.4000000
1907	505.3966437
1908	505.4000000
1909	505.4204762
1910	505.4186364
1911	505.4146970
1912	505.4130878
1913	505.4023529
1914	505.4014286
1915	505.4058824
1916	505.4150000
1917	505.4250000
1918	505.4191667
1919	505.3975000
1920	505.3900000
1921	505.3888889
1922	505.3914286
1923	505.4100000
1924	505.4100000
1925	505.4187179
1926	505.4138095
1927	505.4146429
1928	505.4129142
1929	505.4121429
1930	505.4070055
1931	505.3887088
1932	505.3818773
1933	505.3935714
1934	505.3947368
1935	505.3984615
1936	505.3994444
1937	505.4007143
1938	505.4016327
1939	505.3875000
1940	505.3790000
1941	505.3820000
1942	505.3975942
1943	505.3950000
1944	505.3943517
1945	505.3960405
1946	505.3950000
1947	505.3877778
1948	505.3850000
1949	505.3839560
1950	505.3863636
1951	505.3872222
1952	505.3842857
1953	505.3737363
1954	505.3732838
1955	505.3867162
1956	505.3939054
1957	505.3921429
1958	505.3900000
1959	505.3833333
1960	505.3860256
1961	505.3850000
1962	505.3844803
1963	505.3830319
1964	505.3831350
1965	505.3893333
1966	505.3868421
1967	505.3722807
1968	505.3842857
1969	505.3902940
1970	505.3922727
1971	505.3862500
1972	505.3743910
1973	505.3768750
1974	505.3747619
1975	505.3796969
1976	505.3734615
1977	505.3559491
1978	505.3551052
1979	505.3535714
1980	505.3687500
1981	505.3677778
1982	505.3686064
1983	505.3745455
1984	505.3757897
1985	505.3790885
1986	505.3785714
1987	505.3721429
1988	505.3700000
1989	505.3681818
1990	505.3750000
1991	505.3749168
1992	505.3645833
1993	505.3523397
1994	505.3619231
1995	505.3629167
1996	505.3710649
1997	505.3715789
1998	505.3657143
1999	505.3645798
2000	505.3725000
2001	505.3722222
2002	505.3731005
2003	505.3706475
2004	505.3612500
2005	505.3594643
2006	505.3576786
2007	505.3596429
2008	505.3550000
2009	505.3550000
2010	505.3550000
2011	505.3528571
2012	505.3485000
2013	505.3567113
2014	505.3656250
2015	505.3694940
2016	505.3683333
2017	505.3513492
2018	505.3459350
2019	505.3450000
2020	505.3450000
2021	505.3500000
2022	505.3621429
2023	505.3600000
2024	505.3632143
2025	505.3700000
2026	505.3750060
2027	505.3633333
2028	505.3549206
2029	505.3596985
2030	505.3585940
2031	505.3528346
2032	505.3505882
2033	505.3521429
2034	505.3512000
2035	505.3504000
2036	505.3496000
2037	505.3548000
2038	505.3465385
2039	505.3350000
2040	505.3366667
2041	505.3484127
2042	505.3400000
2043	505.3557143
2044	505.3531573
2045	505.3486715
2046	505.3483333
2047	505.3430752
2048	505.3583533
2049	505.3594511
2050	505.3598170
2051	505.3582447
2052	505.3531838
2053	505.3425000
2054	505.3400000
2055	505.3287179
2056	505.3315000
2057	505.3333333
2058	505.3375000
2059	505.3383333
2060	505.3383333
2061	505.3425000
2062	505.3459233
2063	505.3430000
2064	505.3190000
2065	505.3210000
2066	505.3292308
2067	505.3307407
2068	505.3280557
2069	505.3400000
2070	505.3335294
2071	505.3340741
2072	505.3380208
2073	505.3338889
2074	505.3210399
2075	505.3214286
2076	505.3481685
2077	505.3583333
2078	505.3590476
2079	505.3591720
2080	505.3577511
2081	505.3569707
2082	505.3411111
2083	505.3178825
2084	505.3166667
2085	505.3225000
2086	505.3350000
2087	505.3388462
2088	505.3325000
2089	505.3205769
2090	505.3200000
2091	505.3216667
2092	505.3217837
2093	505.3303846
2094	505.3304545
2095	505.3300000
2096	505.3220000
2097	505.3220769
2098	505.3259304
2099	505.3262500
2100	505.3257143
2101	505.3316667
2102	505.3393333
2103	505.3337500
2104	505.3329167
2105	505.3320833
2106	505.3319134
2107	505.3250000
2108	505.3142857
2109	505.3130769
2110	505.3140000
2111	505.3116667
2112	505.3100000
2113	505.3100000
2114	505.3105128
2115	505.3110256
2116	505.3236000
2117	505.3215385
2118	505.3174359
2119	505.3180000
2120	505.3393333
2121	505.3350000
2122	505.3234615
2123	505.3175000
2124	505.3150000
2125	505.3111111
2126	505.3114815
2127	505.3118519
2128	505.3130000
2129	505.3234524
2130	505.3212875
2131	505.3183779
2132	505.3154683
2133	505.3150140
2134	505.3153846
2135	505.3246154
2136	505.3353846
2137	505.3176471
2138	505.3160000
2139	505.3219231
2140	505.3219231
2141	505.3233333
2142	505.3142308
2143	505.3143750
2144	505.3160330
2145	505.3120000
2146	505.3090575
2147	505.3180854
2148	505.3350000
2149	505.3345455
2150	505.3300000
2151	505.3133333
2152	505.3100855
2153	505.3068376
2154	505.3092705
2155	505.3054545
2156	505.3049293
2157	505.3068182
2158	505.3081818
2159	505.3070588
2160	505.3062963
2161	505.3062500
2162	505.3064000
2163	505.3153172
2164	505.3143750
2165	505.3159652
2166	505.3209091
2167	505.3139330
2168	505.3133333
2169	505.3157143
2170	505.3142308
2171	505.3061722
2172	505.2981136
2173	505.3018750
2174	505.3024028
2175	505.2911538
2176	505.2919231
2177	505.3120696
2178	505.3154563
2179	505.3067857
2180	505.3037500
2181	505.3057143
2182	505.2982353
2183	505.2956250
2184	505.3033036
2185	505.2935059
2186	505.2921739
2187	505.2925000
2188	505.2962500
2189	505.2934615
2190	505.2927273
2191	505.2958824
2192	505.2952381
2193	505.2986207
2194	505.3120000
2195	505.3100000
2196	505.3072727
2197	505.3095652
2198	505.3103679
2199	505.3111706
2200	505.3129158
2201	505.3137500
2202	505.3145833
2203	505.2975202
2204	505.3023077
2205	505.3044444
2206	505.3100000
2207	505.3200000
2208	505.3277778
2209	505.3280000
2210	505.3280288
2211	505.3392857
2212	505.3446739
2213	505.3506429
2214	505.3507698
2215	505.3450000
2216	505.3362890
2217	505.3450000
2218	505.3708836
2219	505.3711111
2220	505.3879461
2221	505.3838961
2222	505.3589610
2223	505.3650000
2224	505.3816667
2225	505.3764530
2226	505.3781818
2227	505.3805051
2228	505.3777564
2229	505.3699359
2230	505.3731250
2231	505.3864263
2232	505.3691667
2233	505.3738889
2234	505.3831818
2235	505.3830435
2236	505.3760000
2237	505.3588889
2238	505.3601663
2239	505.3705556
2240	505.3713973
2241	505.3722391
2242	505.3707134
2243	505.3908333
2244	505.3881818
2245	505.3793939
2246	505.3706061
2247	505.3763431
2248	505.3914286
2249	505.3722222
2250	505.3440741
2251	505.3444444
2252	505.3601709
2253	505.3597260
2254	505.3569407
2255	505.3562500
2256	505.3473214
2257	505.3457143
2258	505.3446154
2259	505.3456522
2260	505.3466667
2261	505.3470588
2262	505.3526316
2263	505.3625000
2264	505.3895513
2265	505.3825000
2266	505.3671429
2267	505.3734091
2268	505.3722222
2269	505.3750000
2270	505.3720833
2271	505.3600000
2272	505.3616667
2273	505.3590476
2274	505.3520000
2275	505.3538889
2276	505.3548860
2277	505.3558832
2278	505.3898215
2279	505.3887674
2280	505.3895833
2281	505.3826416
2282	505.3941667
2283	505.4080556
2284	505.4219444
2285	505.4547416
2286	505.4625000
2287	505.4840546
2288	505.4882353
2289	505.5003361
2290	505.5050000
2291	505.5250000
2292	505.5536667
2293	505.5542105
2294	505.6128321
2295	505.6166667
2296	505.6216667
2297	505.6233333
2298	505.7060000
2299	505.7200000
2300	505.7671429
2301	505.8008333
2302	505.8380769
2303	505.8790659
2304	505.9694122
2305	506.0202589
2306	506.0666667
2307	506.1984127
2308	506.3125000
2309	506.5150000
2310	506.6000000
2311	506.9461905
2312	507.2430952
2313	507.5250000
2314	507.8200000
2315	508.1950000
2316	508.5700000
2317	509.1083333
2318	509.6041667
2319	510.1000000
2320	510.7700000
2321	511.3900000
2322	512.1650000
2323	512.9183333
2324	513.6716667
2325	514.4700000
2326	515.3423810
2327	516.2111905
2328	517.0455952
2329	517.8600000
2330	518.7900000
2331	519.6800000
2332	520.5180000
2333	521.4240000
2334	522.2650000
2335	523.1200000
2336	523.9620833
2337	524.7160417
2338	525.4700000
2339	526.2300000
2340	526.8950000
2341	527.5600000
2342	528.1700000
2343	528.7795238
2344	529.2400000
2345	529.6950000
2346	530.1566667
2347	530.5633333
2348	530.9100000
2349	531.1794444
2350	531.4208405
2351	531.6100237
2352	531.7400000
2353	531.8685894
2354	531.9587379
2355	531.9893143
2356	531.9841667
2357	531.9615476
2358	531.8500000
2359	531.6968421
2360	531.5502294
2361	531.4036167
2362	531.1468084
2363	531.0125000
2364	530.6785714
2365	530.3800000
2366	530.0700000
2367	529.7600000
2368	529.4987500
2369	529.1806944
2370	528.9050000
2371	528.6075000
2372	528.3168590
2373	528.1000000
2374	527.8011111
2375	527.5925000
2376	527.4700000
2377	527.3200000
2378	527.1525000
2379	527.0300000
2380	526.9850000
2381	526.9450000
2382	526.9391026
2383	526.9722222
2384	526.9725000
2385	527.0250000
2386	527.1900000
2387	527.3330769
2388	527.4600000
2389	527.6000000
2390	527.7767568
2391	527.8792857
2392	528.0852381
2393	528.2700000
2394	528.3450000
2395	528.6006410
2396	528.7950000
2397	528.9418182
2398	529.0516667
2399	529.1741453
2400	529.2966239
2401	529.3514286
2402	529.4417582
2403	529.4846886
2404	529.5125000
2405	529.5987005
2406	529.6034557
2407	529.6007692
2408	529.5685897
2409	529.5364103
2410	529.5300000
2411	529.3783333
2412	529.2833333
2413	529.1928571
2414	529.0966667
2415	528.9563636
2416	528.8550000
2417	528.7592857
2418	528.6622527
2419	528.5197253
2420	528.4185714
2421	528.3181250
2422	528.2445032
2423	528.1925000
2424	528.1500000
2425	528.0709524
2426	528.0675000
2427	528.0678261
2428	528.0835611
2429	528.0992961
2430	528.1600000
2431	528.2700000
2432	528.4414286
2433	528.5200000
2434	528.7719048
2435	528.9750000
2436	529.2264286
2437	529.4550000
2438	529.6892857
2439	529.8300000
2440	530.1750000
2441	530.4600000
2442	530.7757143
2443	531.0700000
2444	531.3641667
2445	531.6885317
2446	531.9400000
2447	532.1350000
2448	532.4588095
2449	532.7267460
2450	532.9616667
2451	533.1150000
2452	533.3450000
2453	533.5450000
2454	533.7300000
2455	533.8450000
2456	533.9750000
2457	534.0700000
2458	534.0800000
2459	534.1823810
2460	534.2136508
2461	534.2100000
2462	534.1908333
2463	534.0912302
2464	534.0400000
2465	533.8841667
2466	533.7101190
2467	533.5550000
2468	533.3078571
2469	533.0850000
2470	532.7797779
2471	532.4758333
2472	532.1640000
2473	531.7820000
2474	531.4280000
2475	531.0290000
2476	530.6300000
2477	530.1350000
2478	529.7150000
2479	529.2526190
2480	528.8880000
2481	528.3464762
2482	527.8660000
2483	527.4550000
2484	527.0225000
2485	526.5900000
2486	526.2250000
2487	525.9450000
2488	525.6000000
2489	525.2200000
2490	525.1492308
2491	524.8738462
2492	524.7200000
2493	524.5587500
2494	524.5026603
2495	524.5010000
2496	524.4812857
2497	524.4875000
2498	524.5196429
2499	524.6815636
2500	524.7000000
2501	524.8300000
2502	525.1294872
2503	525.3612500
2504	525.5500000
2505	525.8050000
2506	526.0600000
2507	526.3482051
2508	526.5706667
2509	526.7960000
2510	527.1236667
2511	527.2350000
2512	527.5425000
2513	527.8057143
2514	528.0516484
2515	528.2572727
2516	528.4904196
2517	528.6552681
2518	528.7100000
2519	528.9250000
2520	529.0862821
2521	529.1575000
2522	529.2363462
2523	529.3050000
2524	529.3750000
2525	529.3850000
2526	529.4488462
2527	529.4612500
2528	529.4612500
2529	529.4440909
2530	529.4396970
2531	529.4353030
2532	529.3730769
2533	529.3550000
2534	529.3060000
2535	529.2690000
2536	529.2332564
2537	529.2275000
2538	529.1852381
2539	529.1728571
2540	529.1604762
2541	529.1437485
2542	529.1530000
2543	529.1700000
2544	529.2312500
2545	529.3487500
2546	529.4450000
2547	529.5750000
2548	529.7180000
2549	529.8600000
2550	530.2430769
2551	530.5450000
2552	530.9050000
2553	531.3361111
2554	531.7609259
2555	532.2354630
2556	532.7100000
2557	533.3500000
2558	534.0920513
2559	534.7871429
2560	535.5300000
2561	536.2500000
2562	537.2800000
2563	538.1700000
2564	539.1500000
2565	540.2100000
2566	541.2700000
2567	542.4600000
2568	543.5300000
2569	544.7850000
2570	546.0400000
2571	547.4600000
2572	548.6300000
2573	550.0100000
2574	551.3600000
2575	552.6000000
2576	553.8400000
2577	555.1500000
2578	556.5550000
2579	557.9075000
2580	559.2550000
2581	560.4600000
2582	561.7400000
2583	562.8900000
2584	563.9800000
2585	565.4200000
2586	566.3945833
2587	567.3522917
2588	568.3100000
2589	569.2800000
2590	570.0300000
2591	570.9250000
2592	571.7564286
2593	572.4616667
2594	573.0750000
2595	573.6425000
2596	574.2000000
2597	574.6800000
2598	575.1350960
2599	575.4912500
2600	575.8006250
2601	576.0150000
2602	576.2300000
2603	576.3623810
2604	576.3650000
2605	576.3894444
2606	576.3880952
2607	576.3275000
2608	576.1658333
2609	575.9200000
2610	575.6833333
2611	575.3116667
2612	574.9825000
2613	574.5162500
2614	574.0883333
2615	573.5350000
2616	572.9521429
2617	572.3950000
2618	571.7283333
2619	571.0900000
2620	570.3600000
2621	569.6300000
2622	568.8100000
2623	568.0050000
2624	567.2000000
2625	566.3460000
2626	565.4130000
2627	564.5561905
2628	563.6800000
2629	562.8250000
2630	561.9700000
2631	561.1300000
2632	560.2723077
2633	559.4461538
2634	558.6350000
2635	557.8775000
2636	557.1537500
2637	556.5012500
2638	555.9156250
2639	555.4125000
2640	554.9262500
2641	554.5400000
2642	554.1600000
2643	553.8500000
2644	553.5925641
2645	553.3913309
2646	553.3300000
2647	553.2638095
2648	553.2368254
2649	553.2400000
2650	553.2850000
2651	553.4814286
2652	553.6930000
2653	553.9414286
2654	554.1985714
2655	554.4742857
2656	554.7450000
2657	555.1325000
2658	555.5019444
2659	555.8150000
2660	556.1400000
2661	556.4920000
2662	556.8650000
2663	557.1750000
2664	557.5552564
2665	557.8350000
2666	558.1354762
2667	558.3350000
2668	558.6650000
2669	558.8783333
2670	558.9880000
2671	559.1926667
2672	559.3378571
2673	559.4553968
2674	559.5483333
2675	559.5689683
2676	559.5685185
2677	559.5560000
2678	559.5337500
2679	559.4380000
2680	559.2820000
2681	559.1050000
2682	558.8977778
2683	558.6900000
2684	558.3884615
2685	558.0700000
2686	557.7450000
2687	557.3175000
2688	556.8887500
2689	556.4600000
2690	555.9150000
2691	555.3700000
2692	554.8400000
2693	554.1914286
2694	553.6350000
2695	552.9121429
2696	552.2594322
2697	551.5925000
2698	550.8612500
2699	550.1556250
2700	549.4500000
2701	548.7450000
2702	547.9275000
2703	547.1139286
2704	546.3125000
2705	545.5362500
2706	544.8231250
2707	544.1100000
2708	543.2900000
2709	542.5400000
2710	541.9000000
2711	541.2000000
2712	540.5500000
2713	539.9400000
2714	539.4000000
2715	538.8600000
2716	538.3550000
2717	537.9175000
2718	537.5200000
2719	537.1700000
2720	536.8600000
2721	536.5800000
2722	536.3523077
2723	536.1540092
2724	536.0200000
2725	535.9112821
2726	535.9050000
2727	535.8066667
2728	535.7650000
2729	535.7069048
2730	535.7086667
2731	535.7243175
2732	535.7399683
2733	535.7625000
2734	535.8400000
2735	535.9302680
2736	535.9583333
2737	535.9850000
2738	536.0785897
2739	536.1281838
2740	536.1789590
2741	536.2560068
2742	536.2712500
2743	536.2750000
2744	536.3120000
2745	536.3344762
2746	536.3341881
2747	536.3089286
2748	536.2866667
2749	536.2660317
2750	536.2487500
2751	536.2150000
2752	536.0816667
2753	535.9983333
2754	535.8337302
2755	535.7475000
2756	535.6553571
2757	535.4550000
2758	535.2305000
2759	535.0189474
2760	534.7950000
2761	534.5743478
2762	534.4100000
2763	534.0936364
2764	533.7800000
2765	533.4450000
2766	533.1460000
2767	532.7120000
2768	532.3700000
2769	531.9364286
2770	531.4835714
2771	531.0100000
2772	530.5721053
2773	530.1275000
2774	529.7200000
2775	529.2687500
2776	528.7510119
2777	528.3155060
2778	527.9160000
2779	527.4530000
2780	527.0335641
2781	526.6876325
2782	526.3719048
2783	526.0530159
2784	525.8076720
2785	525.6150000
2786	525.4460256
2787	525.3300000
2788	525.2612821
2789	525.2012500
2790	525.2066288
2791	525.2395250
2792	525.2450000
2793	525.4260000
2794	525.6127273
2795	525.7480519
2796	525.8833766
2797	526.1744589
2798	526.4400000
2799	526.6850000
2800	526.9540476
2801	527.2205263
2802	527.5035294
2803	527.7703571
2804	528.0150000
2805	528.2975000
2806	528.4750000
2807	528.7107778
2808	528.9095000
2809	529.1103095
2810	529.3016667
2811	529.4426068
2812	529.5740000
2813	529.7172727
2814	529.7800000
2815	529.8150000
2816	529.9173430
2817	529.9416667
2818	529.9902991
2819	529.9901648
2820	529.9412637
2821	529.9185165
2822	529.8957692
2823	529.7829119
2824	529.7533333
2825	529.6275000
2826	529.4804971
2827	529.3750000
2828	529.2260000
2829	529.0634286
2830	528.9750000
2831	528.7807143
2832	528.5866667
2833	528.4100000
2834	528.2666667
2835	528.0540000
2836	527.8350000
2837	527.6650000
2838	527.4316667
2839	527.2600000
2840	527.0346667
2841	526.8365000
2842	526.6692857
2843	526.4854762
2844	526.3184921
2845	526.2094974
2846	526.1005026
2847	525.9440100
2848	525.9159900
2849	525.9000000
2850	525.8857383
2851	525.8804080
2852	525.8956250
2853	525.9951442
2854	526.0650000
2855	526.2350000
2856	526.4337500
2857	526.6262500
2858	526.8466667
2859	527.0700000
2860	527.3800000
2861	527.6800000
2862	528.0100000
2863	528.3500000
2864	528.6900000
2865	529.0209524
2866	529.4266667
2867	529.8653333
2868	530.2571624
2869	530.6050000
2870	530.9940476
2871	531.3456349
2872	531.6542593
2873	531.9450000
2874	532.2600000
2875	532.5950000
2876	532.9253885
2877	533.1600000
2878	533.2150000
2879	533.5775000
2880	533.8360897
2881	533.9950000
2882	534.1883333
2883	534.3936364
2884	534.4878788
2885	534.5150000
2886	534.6511905
2887	534.6900000
2888	534.7607143
2889	534.7811905
2890	534.8016667
2891	534.7957423
2892	534.7876471
2893	534.7594958
2894	534.6250000
2895	534.5283333
2896	534.4450000
2897	534.2239864
2898	534.1287500
2899	533.9075000
2900	533.6750000
2901	533.4202381
2902	533.1741667
2903	532.9080000
2904	532.5700000
2905	532.2250000
2906	531.9033333
2907	531.5406667
2908	531.1603333
2909	530.7895000
2910	530.4135714
2911	530.0550000
2912	529.6141667
2913	529.1880556
2914	528.7619444
2915	528.3473148
2916	527.9662500
2917	527.6331250
2918	527.3000000
2919	526.9850000
2920	526.6750000
2921	526.3959524
2922	526.2150000
2923	525.9516667
2924	525.7674786
2925	525.6320000
2926	525.5250000
2927	525.4721429
2928	525.4435714
2929	525.4494118
2930	525.4577311
2931	525.5683333
2932	525.6250000
2933	525.8125810
2934	525.9483333
2935	526.1823016
2936	526.3879101
2937	526.5825819
2938	526.7542857
2939	526.9850000
2940	527.1550000
2941	527.4566667
2942	527.6809402
2943	527.9052137
2944	528.0950000
2945	528.3300000
2946	528.5295238
2947	528.6666667
2948	528.8400000
2949	528.9762500
2950	529.1121429
2951	529.1400000
2952	529.3116667
2953	529.3850000
2954	529.4600000
2955	529.4650000
2956	529.5166667
2957	529.5335294
2958	529.5300000
2959	529.5300000
2960	529.4771429
2961	529.4416667
2962	529.3854762
2963	529.3550000
2964	529.2495833
2965	529.1425000
2966	529.0094048
2967	528.9950000
2968	528.8259524
2969	528.6611538
2970	528.4989560
2971	528.4100000
2972	528.3800000
2973	528.1171429
2974	527.9283333
2975	527.8500000
2976	527.6150000
2977	527.4398718
2978	527.2850000
2979	527.1150000
2980	526.8964286
2981	526.7094737
2982	526.5950000
2983	526.3564286
2984	526.2066667
2985	526.0300000
2986	525.7800000
2987	525.6550000
2988	525.3916667
2989	525.2081746
2990	525.0600000
2991	524.8650000
2992	524.6750000
2993	524.4800000
2994	524.3190476
2995	524.1580952
2996	524.0200000
2997	523.7750000
2998	523.6250000
2999	523.4183333
3000	523.2950000
3001	523.1000000
3002	522.8883333
3003	522.7023016
3004	522.5383862
3005	522.3744709
3006	522.2038713
3007	522.0766667
3008	521.8770588
3009	521.7100000
3010	521.5230000
3011	521.4000000
3012	521.2050000
3013	521.0650000
3014	520.8940000
3015	520.7341905
3016	520.6033333
3017	520.4687500
3018	520.2900595
3019	520.2000000
3020	520.0800000
3021	519.8528571
3022	519.6875000
3023	519.5720238
3024	519.4565476
3025	519.3175000
3026	519.2082143
3027	519.0989286
3028	518.9718182
3029	518.8001493
3030	518.6936364
3031	518.5550000
3032	518.3954762
3033	518.2742063
3034	518.2000000
3035	518.0409524
3036	517.9125000
3037	517.8050000
3038	517.6892857
3039	517.5950000
3040	517.4900000
3041	517.3383333
3042	517.2550000
3043	517.1700000
3044	517.0423810
3045	516.9413065
3046	516.8712500
3047	516.7833333
3048	516.7150000
3049	516.6266667
3050	516.5383333
3051	516.4400000
3052	516.3225000
3053	516.2350000
3054	516.1666667
3055	516.0869841
3056	516.0650000
3057	515.9785897
3058	515.9500000
3059	515.8650000
3060	515.7837500
3061	515.7019231
3062	515.6544505
3063	515.6364286
3064	515.5616667
3065	515.5124603
3066	515.4975000
3067	515.4433333
3068	515.3850000
3069	515.3560000
3070	515.2835714
3071	515.2645238
3072	515.2585714
3073	515.2175000
3074	515.2120238
3075	515.2065476
3076	515.2050000
3077	515.1392857
3078	515.1350000
3079	515.0854762
3080	515.0375397
3081	515.0186671
3082	515.0137500
3083	515.0054545
3084	514.9925000
3085	514.9679762
3086	514.9640873
3087	514.9666667
3088	514.9669841
3089	514.9653846
3090	514.9653846
3091	514.9589011
3092	514.9566667
3093	514.9465079
3094	514.9480000
3095	514.9428571
3096	514.9422809
3097	514.9421429
3098	514.9428812
3099	514.9300000
3100	514.9080952
3101	514.9123629
3102	514.9188235
3103	514.9221429
3104	514.9273810
3105	514.9262698
3106	514.9281366
3107	514.9288235
3108	514.9300000
3109	514.9171068
3110	514.9184126
3111	514.9232143
3112	514.9221429
3113	514.9226110
3114	514.9285000
3115	514.9260000
3116	514.9073684
3117	514.9100000
3118	514.9100000
3119	514.9100000
3120	514.9190476
3121	514.9082143
3122	514.8970238
3123	514.8858333
3124	514.8783333
3125	514.8758547
3126	514.8733761
3127	514.8644587
3128	514.8642919
3129	514.8550000
3130	514.8492857
3131	514.8435714
3132	514.8341667
3133	514.8104332
3134	514.8050000
3135	514.7716667
3136	514.7553175
3137	514.7400000
3138	514.7076190
3139	514.6805542
3140	514.6783333
3141	514.6370635
3142	514.6405882
3143	514.6405000
3144	514.5809286
3145	514.5716667
3146	514.5341453
3147	514.5312500
3148	514.4924679
3149	514.4650000
3150	514.4362500
3151	514.4037500
3152	514.3940000
3153	514.3412500
3154	514.3350000
3155	514.2957692
3156	514.2567601
3157	514.2352941
3158	514.2021429
3159	514.1783333
3160	514.1435974
3161	514.1078311
3162	514.0526184
3163	514.0332538
3164	514.0138891
3165	513.9400000
3166	513.9105882
3167	513.8700000
3168	513.8241667
3169	513.8113889
3170	513.7986111
3171	513.7875000
3172	513.7850000
3173	513.6900000
3174	513.6660000
3175	513.6072381
3176	513.5484762
3177	513.5300000
3178	513.4700000
3179	513.4450000
3180	513.3716667
3181	513.3067460
3182	513.2815789
3183	513.2627273
3184	513.1741971
3185	513.1300000
3186	513.1042857
3187	513.0966667
3188	513.0255556
3189	513.0016667
3190	512.9916667
3191	512.9500000
3192	512.8816667
3193	512.8450000
3194	512.7801282
3195	512.7347059
3196	512.6934734
3197	512.6562500
3198	512.6011310
3199	512.5850000
3200	512.5500000
3201	512.5114286
3202	512.4550000
3203	512.4350000
3204	512.3459524
3205	512.3134127
3206	512.2808730
3207	512.2600000
3208	512.1700000
3209	512.1000000
3210	512.0950000
3211	512.0164286
3212	512.0133333
3213	511.9616667
3214	511.8715079
3215	511.8490741
3216	511.8266402
3217	511.7493929
3218	511.7390000
3219	511.6445458
3220	511.6077778
3221	511.5966667
3222	511.5350000
3223	511.4950000
3224	511.4321429
3225	511.4016667
3226	511.3816667
3227	511.3450000
3228	511.2583333
3229	511.1989683
3230	511.1450000
3231	511.1400000
3232	511.0650000
3233	511.0325000
3234	510.9951190
3235	510.9800000
3236	510.9056410
3237	510.8312821
3238	510.8041667
3239	510.7547222
3240	510.7375000
3241	510.6766667
3242	510.6316667
3243	510.5867460
3244	510.5458824
3245	510.5004223
3246	510.4549623
3247	510.4050000
3248	510.3569048
3249	510.3088095
3250	510.2486508
3251	510.2258824
3252	510.1941667
3253	510.1510000
3254	510.0984286
3255	510.0712500
3256	510.0347024
3257	510.0050000
3258	509.9500000
3259	509.8947619
3260	509.8512500
3261	509.8194643
3262	509.7900000
3263	509.7437500
3264	509.6731548
3265	509.6145143
3266	509.6100000
3267	509.5262500
3268	509.5240000
3269	509.4874286
3270	509.4396190
3271	509.4250000
3272	509.3600000
3273	509.3214446
3274	509.3127778
3275	509.2122887
3276	509.1935294
3277	509.1660000
3278	509.0950000
3279	509.0697619
3280	509.0445238
3281	508.9796032
3282	508.9555000
3283	508.8960000
3284	508.8355498
3285	508.8207143
3286	508.7762500
3287	508.7258611
3288	508.7150000
3289	508.6633333
3290	508.6600000
3291	508.6157143
3292	508.5735714
3293	508.5444898
3294	508.5378571
3295	508.4207143
3296	508.4083333
3297	508.3445455
3298	508.3190909
3299	508.2933333
3300	508.2287302
3301	508.2200000
3302	508.1900000
3303	508.1438095
3304	508.1241667
3305	508.0933333
3306	508.0783333
3307	508.0250000
3308	508.0250000
3309	508.0216667
3310	507.9550000
3311	507.8940000
3312	507.8750000
3313	507.8560000
3314	507.8420000
3315	507.7633333
3316	507.7134188
3317	507.7060000
3318	507.6686667
3319	507.6640000
3320	507.6067692
3321	507.5855897
3322	507.5644103
3323	507.5014701
3324	507.4787500
3325	507.4636859
3326	507.4541176
3327	507.4400000
3328	507.3857143
3329	507.3700000
3330	507.3093878
3331	507.2800000
3332	507.2600000
3333	507.2200000
3334	507.1966667
3335	507.1757143
3336	507.1536364
3337	507.1380000
3338	507.0985714
3339	507.0861905
3340	507.0738095
3341	507.0600000
3342	506.9825940
3343	506.9580075
3344	506.9334210
3345	506.8910558
3346	506.8898757
3347	506.8886957
3348	506.8837500
3349	506.8687500
3350	506.8120000
3351	506.8016667
3352	506.7300794
3353	506.7300000
3354	506.7250000
3355	506.6934615
3356	506.6862500
3357	506.6850000
3358	506.6750000
3359	506.6387500
3360	506.6150000
3361	506.5788095
3362	506.5735714
3363	506.5700000
3364	506.4857143
3365	506.4750000
3366	506.4600000
3367	506.4320000
3368	506.4316667
3369	506.3929365
3370	506.3800000
3371	506.3660000
3372	506.3400952
3373	506.3150000
3374	506.3033333
3375	506.3000000
3376	506.2733333
3377	506.2670000
3378	506.2499524
3379	506.2350000
3380	506.1925000
3381	506.1475000
3382	506.1550460
3383	506.1413793
3384	506.1278571
3385	506.1105000
3386	506.0900000
3387	506.0804762
3388	506.0785714
3389	506.0557143
3390	506.0496825
3391	506.0436508
3392	505.9660878
3393	505.9650000
3394	505.9364286
3395	505.9200000
3396	505.9114286
3397	505.9100000
3398	505.8609524
3399	505.8512500
3400	505.8308929
3401	505.8329630
3402	505.8130769
3403	505.8127273
3404	505.7944156
3405	505.7576623
3406	505.7571429
3407	505.7516667
3408	505.7369048
3409	505.7360049
3410	505.7020000
3411	505.6355385
3412	505.6441538
3413	505.6361905
3414	505.6231250
3415	505.5777083
3416	505.5592361
3417	505.5575629
3418	505.5576954
3419	505.5565217
3420	505.5507143
3421	505.5250000
3422	505.5016667
3423	505.4810684
3424	505.4799117
3425	505.4787550
3426	505.4762500
3427	505.4300321
3428	505.4262500
3429	505.4157143
3430	505.4165201
3431	505.4160000
3432	505.4075000
3433	505.3812500
3434	505.3647024
3435	505.3481548
3436	505.3250000
3437	505.3162500
3438	505.2787500
3439	505.2862101
3440	505.2889286
3441	505.2871924
3442	505.2846667
3443	505.2766667
3444	505.2469841
3445	505.2305263
3446	505.2182159
3447	505.2180000
3448	505.1663750
3449	505.1520000
3450	505.1452632
3451	505.1353364
3452	505.1373987
3453	505.1275000
3454	505.1228571
3455	505.1200000
3456	505.1106044
3457	505.1042857
3458	505.1040000
3459	505.0765714
3460	505.0711648
3461	505.0657582
3462	505.0671317
3463	505.0666667
3464	505.0650071
3465	505.0646154
3466	505.0600000
3467	505.0153846
3468	505.0100000
3469	505.0091667
3470	505.0051190
3471	504.9698016
3472	504.9680291
3473	504.9662566
3474	504.9662500
3475	504.9658333
3476	504.9404348
3477	504.9273077
3478	504.9285897
3479	504.9256250
3480	504.9250000
3481	504.9150000
3482	504.9062500
3483	504.9056250
3484	504.8829412
3485	504.8774207
3486	504.8811765
3487	504.8766667
3488	504.8751000
3489	504.8532143
3490	504.8543745
3491	504.8548270
3492	504.8573077
3493	504.8540909
3494	504.8544444
3495	504.8475000
3496	504.8468182
3497	504.8225000
3498	504.8250000
3499	504.8214286
3500	504.8100000
3501	504.8027364
3502	504.8029863
3503	504.8066667
3504	504.8420000
3505	504.8401538
3506	504.8034783
3507	504.7923529
3508	504.7984000
3509	504.8006278
3510	504.7903846
3511	504.7937436
3512	504.7903571
3513	504.7840000
3514	504.7906667
3515	504.8161820
3516	504.8120075
3517	504.8073358
3518	504.8026642
3519	504.8025000
3520	504.7944335
3521	504.7900000
3522	504.7816667
3523	504.7850000
3524	504.7935714
3525	504.7950000
3526	504.8157143
3527	504.8112500
3528	504.7799405
3529	504.8014286
3530	504.8419048
3531	504.8334615
3532	504.8140069
3533	504.8136842
3534	504.8050000
3535	504.8078734
3536	504.8086308
3537	504.8136842
3538	504.8187500
3539	504.8166667
3540	504.8185714
3541	504.8337500
3542	504.8352941
3543	504.8336372
3544	504.8400000
3545	504.8334301
3546	504.8400000
3547	504.8333264
3548	504.8345833
3549	504.8356303
3550	504.8337500
3551	504.8361538
3552	504.8531250
3553	504.8586607
3554	504.8512500
3555	504.8500000
3556	504.8323890
3557	504.8364000
3558	504.8654545
3559	504.8700000
3560	504.8703421
3561	504.8782143
3562	504.8612500
3563	504.8612500
3564	504.8413690
3565	504.8416667
3566	504.8614286
3567	504.8603571
3568	504.8717857
3569	504.8752941
3570	504.8818487
3571	504.8950743
3572	504.8918519
3573	504.8924000
3574	504.8911305
3575	504.8925000
3576	504.8878030
3577	504.8831061
3578	504.8806496
3579	504.8760870
3580	504.8753333
3581	504.8717391
3582	504.8687500
3583	504.8500000
3584	504.8500000
3585	504.8510256
3586	504.8520513
3587	504.8554545
3588	504.8579720
3589	504.8604895
3590	504.8600000
3591	504.8620000
3592	504.8672307
3593	504.8824364
3594	504.8883333
3595	504.8880000
3596	504.8870456
3597	504.8895057
3598	504.8842105
3599	504.8868750
3600	504.8880060
3601	504.8880000
3602	504.8878571
3603	504.8778571
3604	504.8741575
3605	504.8958824
3606	504.8942857
3607	504.8823810
3608	504.8842857
3609	504.8825000
3610	504.8850000
3611	504.8850000
3612	504.8866667
3613	504.8976068
3614	504.8754670
3615	504.8594414
3616	504.8620000
3617	504.8537500
3618	504.8657895
3619	504.8834683
3620	504.8862500
3621	504.8887500
3622	504.8811111
3623	504.8768750
3624	504.8700000
3625	504.8710985
3626	504.8805682
3627	504.8957449
3628	504.8968182
3629	504.9194949
3630	504.9152381
3631	504.9100000
3632	504.9050666
3633	504.9060000
3634	504.8910148
3635	504.8914286
3636	504.8890000
3637	504.8853285
3638	504.8803846
3639	504.8785897
3640	504.8767949
3641	504.8794444
3642	504.8790909
3643	504.8762500
3644	504.8683333
3645	504.8712179
3646	504.8800000
3647	504.8935714
3648	504.8943407
3649	504.8955556
3650	504.8920833
3651	504.8871047
3652	504.8940000
3653	504.9041538
3654	504.8757692
3655	504.8866667
3656	504.8899145
3657	504.8888235
3658	504.8703704
3659	504.8685516
3660	504.8705429
3661	504.8725341
3662	504.8737500
3663	504.8738141
3664	504.8738782
3665	504.8880000
3666	504.8852516
3667	504.8864286
3668	504.8916667
3669	504.8944968
3670	504.8826460
3671	504.8957712
3672	504.8931250
3673	504.8925801
3674	504.8966667
3675	504.9117094
3676	504.9000000
3677	504.9075903
3678	504.9065217
3679	504.8988889
3680	504.8910000
3681	504.8925000
3682	504.8935714
3683	504.8821429
3684	504.8796896
3685	504.8823077
3686	504.8813514
3687	504.8755717
3688	504.8740909
3689	504.8744046
3690	504.8738573
3691	504.8620833
3692	504.8683333
3693	504.8730342
3694	504.8777350
3695	504.9075000
3696	504.9050000
3697	504.8985714
3698	504.9000000
3699	504.9100000
3700	504.9162500
3701	504.9225000
3702	504.9410863
3703	504.9366667
3704	504.9342105
3705	504.9316484
3706	504.9303846
3707	504.9297381
3708	504.9288889
3709	504.9544444
3710	504.9540000
3711	504.9450000
3712	504.9471414
3713	504.9559356
3714	504.9543478
3715	504.9445455
3716	504.9445776
3717	504.9422727
3718	504.9452098
3719	504.9678571
3720	504.9664286
3721	504.9679167
3722	504.9707801
3723	504.9690000
3724	504.9700000
3725	504.9700000
3726	504.9654545
3727	504.9659259
3728	504.9885100
3729	504.9900000
3730	504.9891667
3731	504.9851068
3732	504.9842308
3733	504.9826923
3734	504.9773077
3735	504.9696154
3736	504.9834615
3737	504.9867171
3738	504.9977244
3739	504.9978129
3740	504.9937500
3741	504.9860000
3742	504.9575000
3743	504.9608696
3744	504.9575088
3745	504.9594356
3746	504.9667182
3747	504.9714702
3748	504.9562500
3749	504.9596154
3750	504.9528571
3751	504.9588239
3752	504.9602752
3753	504.9579880
3754	504.9578682
3755	504.9570833
3756	504.9579167
3757	504.9639209
3758	504.9699252
3759	504.9785714
3760	504.9785714
3761	504.9784615
3762	504.9760083
3763	504.9450000
3764	504.9412417
3765	504.9425000
3766	504.9442857
3767	504.9709091
3768	504.9688889
3769	504.9675000
3770	504.9636746
3771	504.9721429
3772	504.9710000
3773	504.9529667
3774	504.9677273
3775	504.9660376
3776	504.9662500
3777	504.9779167
3778	504.9740047
3779	504.9759091
3780	504.9842857
3781	504.9912500
3782	505.0087500
3783	505.0100000
3784	505.0284615
3785	505.0400000
3786	505.0538462
3787	505.0600000
3788	505.0620513
3789	505.0641026
3790	505.1300855
3791	505.1352666
3792	505.1375000
3793	505.1750000
3794	505.2065385
3795	505.2235714
3796	505.2564286
3797	505.2650000
3798	505.2650000
3799	505.2962500
3800	505.3400000
3801	505.3805128
3802	505.4210256
3803	505.5131624
3804	505.5300000
3805	505.6609524
3806	505.7445455
3807	505.8700000
3808	506.0530769
3809	506.2300000
3810	506.4000000
3811	506.5950000
3812	506.8300000
3813	507.1742857
3814	507.5700000
3815	507.9460000
3816	508.3600000
3817	508.8717949
3818	509.3725000
3819	509.9282692
3820	510.4840385
3821	511.1370192
3822	511.7050000
3823	512.5300000
3824	513.1900000
3825	514.0592308
3826	514.9013636
3827	515.6906818
3828	516.4800000
3829	517.4200000
3830	518.2450000
3831	519.0700000
3832	519.9300000
3833	520.7900000
3834	521.8400000
3835	522.5650000
3836	523.2900000
3837	524.0850000
3838	524.8800000
3839	525.6050000
3840	526.2975000
3841	526.9750000
3842	527.6525000
3843	528.3300000
3844	528.8930353
3845	529.3400000
3846	529.8350000
3847	530.2525000
3848	530.6662500
3849	531.0800000
3850	531.4200000
3851	531.7082051
3852	531.8950000
3853	532.1050000
3854	532.3212500
3855	532.4665705
3856	532.5592308
3857	532.6100000
3858	532.6700000
3859	532.6685714
3860	532.6350000
3861	532.6050000
3862	532.4885714
3863	532.3100000
3864	532.1200000
3865	531.9130000
3866	531.7200000
3867	531.4950000
3868	531.1725000
3869	530.9050000
3870	530.5950000
3871	530.2600000
3872	529.9200000
3873	529.6130000
3874	529.2622821
3875	528.9450000
3876	528.6591026
3877	528.4025000
3878	528.1000000
3879	527.9200000
3880	527.7400000
3881	527.5900000
3882	527.4742424
3883	527.3882353
3884	527.2870000
3885	527.2582308
3886	527.2718750
3887	527.3125000
3888	527.4075000
3889	527.5630128
3890	527.7185256
3891	527.9950000
3892	528.2167949
3893	528.4025000
3894	528.6676923
3895	528.9669565
3896	529.2650000
3897	529.5450000
3898	529.8692857
3899	530.1512500
3900	530.4470833
3901	530.6650000
3902	531.0169048
3903	531.3384524
3904	531.6000000
3905	531.8860000
3906	532.1100000
3907	532.3250000
3908	532.5469048
3909	532.7418182
3910	532.9294330
3911	533.0947165
3912	533.2300000
3913	533.4163158
3914	533.5567206
3915	533.6471429
3916	533.7800000
3917	533.8742857
3918	533.9550000
3919	534.0071429
3920	534.0628938
3921	534.1137500
3922	534.1558654
3923	534.1800000
3924	534.2250000
3925	534.2425000
3926	534.2586111
3927	534.2480000
3928	534.2480000
3929	534.2260000
3930	534.2153333
3931	534.2100000
3932	534.1500840
3933	534.1450000
3934	534.0726299
3935	534.0625000
3936	534.0140000
3937	533.9550000
3938	533.8559524
3939	533.8250000
3940	533.7595455
3941	533.6950000
3942	533.6050000
3943	533.5300000
3944	533.4040000
3945	533.3302222
3946	533.2771429
3947	533.1318254
3948	533.0548942
3949	532.9804348
3950	532.8890000
3951	532.8057143
3952	532.6628571
3953	532.5845455
3954	532.4925000
3955	532.3300000
3956	532.2350000
3957	532.1350000
3958	532.0003846
3959	531.9075000
3960	531.7850000
3961	531.6072222
3962	531.5150000
3963	531.3554762
3964	531.2309091
3965	531.0857097
3966	531.0212500
3967	530.8618269
3968	530.7500000
3969	530.5797436
3970	530.4450000
3971	530.2892857
3972	530.1640000
3973	529.9787692
3974	529.8650000
3975	529.8100000
3976	529.5766667
3977	529.3950000
3978	529.2900000
3979	529.1550000
3980	528.9696154
3981	528.8500000
3982	528.7006250
3983	528.5013043
3984	528.3960000
3985	528.2263158
3986	528.0700000
3987	527.9258974
3988	527.8228571
3989	527.6269745
3990	527.5000000
3991	527.3174359
3992	527.1608679
3993	527.1160000
3994	526.8780000
3995	526.6926667
3996	526.5650000
3997	526.3821795
3998	526.2246154
3999	526.0441026
4000	525.9500000
4001	525.7520000
4002	525.5927179
4003	525.4334359
4004	525.2640000
4005	525.1012500
4006	524.9525000
4007	524.8950000
4008	524.6325000
4009	524.5050000
4010	524.2760256
4011	524.1016667
4012	524.0100000
4013	523.8625000
4014	523.6141667
4015	523.4258333
4016	523.2857143
4017	523.0788278
4018	523.0137500
4019	522.7985577
4020	522.6115385
4021	522.4125000
4022	522.2300000
4023	522.0782051
4024	521.9264103
4025	521.7313333
4026	521.5300000
4027	521.3852381
4028	521.2200000
4029	521.0656410
4030	520.9142857
4031	520.7047619
4032	520.5184414
4033	520.3600000
4034	520.2020000
4035	520.0400000
4036	519.8628571
4037	519.6900000
4038	519.5700000
4039	519.3700000
4040	519.1860000
4041	519.0300000
4042	518.8561111
4043	518.6900000
4044	518.5312500
4045	518.3822727
4046	518.2300350
4047	518.0640000
4048	517.8949465
4049	517.7625000
4050	517.5523753
4051	517.4337500
4052	517.2650000
4053	517.0857692
4054	516.9195833
4055	516.7730000
4056	516.6200000
4057	516.4850000
4058	516.3175000
4059	516.1650000
4060	515.9832051
4061	515.8660000
4062	515.7168000
4063	515.6300000
4064	515.4400000
4065	515.2922222
4066	515.1302279
4067	514.9682336
4068	514.8203203
4069	514.6750000
4070	514.5337179
4071	514.5250000
4072	514.2911905
4073	514.1190909
4074	513.9753846
4075	513.8328205
4076	513.7550000
4077	513.6250000
4078	513.4471429
4079	513.3008333
4080	513.1814286
4081	513.0314286
4082	512.9176984
4083	512.8557143
4084	512.6750000
4085	512.5088095
4086	512.4354545
4087	512.3112121
4088	512.1470707
4089	512.0312458
4090	511.9850000
4091	511.8180000
4092	511.7550000
4093	511.5475000
4094	511.4250000
4095	511.3022222
4096	511.1811111
4097	511.0450000
4098	510.9283333
4099	510.8116667
4100	510.7140000
4101	510.5944103
4102	510.5600000
4103	510.3927778
4104	510.3485714
4105	510.2025000
4106	510.0500000
4107	509.9900000
4108	509.8750000
4109	509.7500000
4110	509.6950000
4111	509.5610000
4112	509.4425000
4113	509.3630000
4114	509.2671538
4115	509.2350000
4116	509.0850000
4117	509.0025000
4118	508.9112500
4119	508.7926389
4120	508.7450000
4121	508.6500000
4122	508.5550000
4123	508.4737500
4124	508.3900000
4125	508.2813201
4126	508.2075000
4127	508.0768590
4128	507.9966164
4129	507.9325000
4130	507.8775000
4131	507.7758333
4132	507.7009921
4133	507.6261508
4134	507.5846154
4135	507.4598718
4136	507.3925000
4137	507.3225000
4138	507.2692857
4139	507.2045604
4140	507.1525000
4141	507.0575000
4142	507.0250000
4143	506.9750000
4144	506.9050000
4145	506.8750000
4146	506.8200000
4147	506.7087500
4148	506.6450000
4149	506.5650000
4150	506.5000000
4151	506.4957143
4152	506.4900000
4153	506.3664103
4154	506.3050000
4155	506.2900000
4156	506.1766667
4157	506.1500000
4158	506.0640955
4159	506.0371429
4160	505.9615982
4161	505.9415584
4162	505.9215185
4163	505.8600000
4164	505.8029647
4165	505.7860000
4166	505.7358462
4167	505.7193750
4168	505.6600000
4169	505.6102564
4170	505.5900000
4171	505.5750000
4172	505.4921429
4173	505.4750000
4174	505.4362821
4175	505.3975641
4176	505.3650000
4177	505.3293590
4178	505.3257143
4179	505.2696703
4180	505.2475000
4181	505.2362500
4182	505.1736218
4183	505.1727457
4184	505.1718697
4185	505.1250000
4186	505.1200000
4187	505.0562500
4188	505.0300000
4189	505.0007692
4190	504.9715385
4191	504.9640000
4192	504.9197949
4193	504.9120000
4194	504.8807568
4195	504.8790000
4196	504.8310000
4197	504.7947826
4198	504.7920000
4199	504.7838889
4200	504.7786798
4201	504.7733333
4202	504.7670085
4203	504.7606838
4204	504.7100000
4205	504.7000000
4206	504.6307692
4207	504.6246154
4208	504.6184615
4209	504.6174359
4210	504.6176471
4211	504.6000000
4212	504.6000000
4213	504.5777273
4214	504.5460000
4215	504.5512723
4216	504.5477273
4217	504.5378571
4218	504.4951832
4219	504.4963636
4220	504.5141725
4221	504.5050000
4222	504.4672222
4223	504.4805556
4224	504.4806980
4225	504.4808405
4226	504.5000000
4227	504.4846985
4228	504.4818709
4229	504.4780000
4230	504.4516410
4231	504.4500000
4232	504.4450000
4233	504.4391667
4234	504.4450000
4235	504.4544872
4236	504.4537500
4237	504.4500000
4238	504.4505862
4239	504.4527778
4240	504.4550000
4241	504.4823565
4242	504.4981250
4243	504.4969452
4244	504.4937500
4245	504.4912500
4246	504.4795192
4247	504.4804545
4248	504.4965618
4249	504.4800000
4250	504.4768182
4251	504.4765385
4252	504.4830769
4253	504.4825321
4254	504.4861111
4255	504.4900000
4256	504.4909091
4257	504.5200000
4258	504.5525000
4259	504.5531250
4260	504.5346479
4261	504.5470557
4262	504.5570000
4263	504.5566667
4264	504.5590909
4265	504.5580533
4266	504.5600000
4267	504.5656410
4268	504.5683333
4269	504.5727273
4270	504.5750000
4271	504.5942308
4272	504.5833333
4273	504.5985470
4274	504.5988000
4275	504.5941748
4276	504.5900000
4277	504.6016667
4278	504.6233333
4279	504.6272222
4280	504.6384615
4281	504.6340000
4282	504.6323227
4283	504.6393439
4284	504.6377778
4285	504.6202849
4286	504.6136364
4287	504.6127273
4288	504.6133333
4289	504.6205128
4290	504.6225000
4291	504.6191304
4292	504.6214286
4293	504.6337500
4294	504.6325000
4295	504.6318182
4296	504.6287500
4297	504.6112500
4298	504.6073077
4299	504.6073333
4300	504.6205397
4301	504.6283333
4302	504.6450000
4303	504.6677778
4304	504.6616667
4305	504.6639929
4306	504.6695361
4307	504.6737239
4308	504.6771647
4309	504.6782293
4310	504.6884615
4311	504.6936590
4312	504.6903846
4313	504.6840909
4314	504.6839277
4315	504.6837646
4316	504.6748069
4317	504.6750000
4318	504.6900000
4319	504.6892857
4320	504.6901589
4321	504.6912500
4322	504.6921739
4323	504.6928335
4324	504.6900000
4325	504.6913636
4326	504.6909091
4327	504.6892774
4328	504.6876457
4329	504.6835022
4330	504.6819231
4331	504.6965385
4332	504.6950416
4333	504.6927273
4334	504.6913910
4335	504.6912500
4336	504.6957692
4337	504.7044444
4338	504.7048307
4339	504.7042857
4340	504.6670696
4341	504.6638950
4342	504.6800000
4343	504.6750000
4344	504.6782017
4345	504.6886313
4346	504.6886364
4347	504.6900583
4348	504.6786364
4349	504.6814286
4350	504.6800000
4351	504.6767566
4352	504.6778261
4353	504.6787625
4354	504.6796990
4355	504.6809253
4356	504.6821516
4357	504.6813636
4358	504.6814286
4359	504.6825000
4360	504.6911071
4361	504.6927273
4362	504.7118881
4363	504.7126807
4364	504.7134732
4365	504.7148781
4366	504.7152822
4367	504.7007692
4368	504.7021739
4369	504.7300000
4370	504.7300000
4371	504.7339501
4372	504.7325000
4373	504.7225000
4374	504.7229167
4375	504.7288889
4376	504.7445014
4377	504.7415385
4378	504.7465385
4379	504.7511111
4380	504.7530000
4381	504.7610000
4382	504.7581818
4383	504.7640484
4384	504.7800000
4385	504.7873181
4386	504.7859247
4387	504.7875000
4388	504.7779167
4389	504.7834909
4390	504.7727244
4391	504.7740307
4392	504.7703846
4393	504.7674532
4394	504.7650000
4395	504.7642308
4396	504.7687500
4397	504.7550000
4398	504.7470513
4399	504.7469231
4400	504.7443132
4401	504.7500000
4402	504.7853846
4403	504.7816667
4404	504.7792620
4405	504.7747893
4406	504.7761111
4407	504.7760000
4408	504.7810000
4409	504.7869792
4410	504.7808333
4411	504.7800000
4412	504.7605128
4413	504.7618919
4414	504.7650000
4415	504.7724359
4416	504.7705556
4417	504.7589031
4418	504.7593750
4419	504.7704925
4420	504.7533333
4421	504.7441372
4422	504.7425000
4423	504.7427911
4424	504.7425000
4425	504.7470833
4426	504.7506250
4427	504.7557143
4428	504.7608286
4429	504.7594739
4430	504.7637500
4431	504.7694854
4432	504.7723077
4433	504.7666667
4434	504.7639709
4435	504.7606445
4436	504.7643564
4437	504.7588889
4438	504.7511111
4439	504.7430000
4440	504.7437500
4441	504.7441667
4442	504.7470000
4443	504.7510513
4444	504.7505260
4445	504.7577778
4446	504.7455094
4447	504.7531818
4448	504.7750000
4449	504.7751574
4450	504.7778730
4451	504.7775000
4452	504.7826559
4453	504.7790000
4454	504.7885301
4455	504.8140909
4456	504.8140000
4457	504.8098544
4458	504.8096163
4459	504.8112500
4460	504.8254167
4461	504.8266667
4462	504.8330000
4463	504.8550000
4464	504.8660000
4465	504.8875000
4466	504.8950000
4467	504.9147436
4468	504.9275000
4469	504.9600000
4470	505.0225641
4471	505.0400000
4472	505.0630769
4473	505.0912500
4474	505.0962500
4475	505.1900321
4476	505.2439163
4477	505.2825000
4478	505.3823718
4479	505.4542857
4480	505.5820000
4481	505.7196410
4482	505.8100000
4483	506.0350000
4484	506.2985759
4485	506.5428571
4486	506.7950000
4487	507.0950000
4488	507.4900000
4489	507.9023077
4490	508.3146154
4491	508.7800000
4492	509.3100000
4493	509.8905128
4494	510.4710256
4495	511.1555128
4496	511.7827564
4497	512.4100000
4498	513.1900000
4499	513.8900000
4500	514.8000000
4501	515.6500000
4502	516.4500000
4503	517.2250000
4504	518.0000000
4505	518.8750000
4506	519.7500000
4507	520.8400000
4508	521.3300000
4509	522.2200000
4510	522.8900000
4511	523.6300000
4512	524.3600000
4513	525.0650000
4514	525.7275000
4515	526.3837500
4516	526.9328571
4517	527.4564286
4518	527.9732143
4519	528.3650000
4520	528.8175000
4521	529.2487500
4522	529.6443750
4523	529.9750000
4524	530.2375000
4525	530.4867516
4526	530.6725000
4527	530.8800000
4528	531.0841026
4529	531.2300000
4530	531.3100000
4531	531.4455556
4532	531.4925000
4533	531.5405769
4534	531.5875000
4535	531.6025000
4536	531.6175000
4537	531.6337500
4538	531.6389995
4539	531.6300000
4540	531.5833333
4541	531.5500000
4542	531.5135714
4543	531.4525824
4544	531.3713736
4545	531.2901648
4546	531.2350000
4547	531.1198718
4548	531.0850000
4549	530.9202807
4550	530.8212500
4551	530.7200000
4552	530.6107692
4553	530.5275000
4554	530.3919906
4555	530.2900000
4556	530.1900000
4557	530.1100000
4558	529.9535897
4559	529.8173389
4560	529.6862500
4561	529.6150000
4562	529.4118815
4563	529.3750000
4564	529.1942308
4565	529.0700000
4566	528.9550000
4567	528.8050000
4568	528.6365385
4569	528.5650000
4570	528.4325000
4571	528.3550000
4572	528.2175000
4573	528.0607143
4574	527.9700000
4575	527.8050000
4576	527.6500000
4577	527.4981250
4578	527.3214263
4579	527.2076549
4580	527.1750000
4581	526.9531289
4582	526.8700000
4583	526.6376923
4584	526.4946154
4585	526.4087500
4586	526.2331731
4587	526.1200000
4588	525.9548718
4589	525.8000000
4590	525.6153846
4591	525.4745726
4592	525.3378947
4593	525.1345455
4594	525.0150000
4595	524.8257143
4596	524.6500000
4597	524.5125000
4598	524.2800000
4599	524.1200000
4600	523.9151559
4601	523.7277273
4602	523.5630000
4603	523.4580000
4604	523.2162564
4605	522.9878571
4606	522.7950000
4607	522.6019231
4608	522.4050000
4609	522.2025000
4610	522.0500000
4611	521.7850000
4612	521.6100000
4613	521.4700000
4614	521.1950000
4615	520.9831250
4616	520.7353365
4617	520.5500000
4618	520.2639917
4619	520.0475000
4620	519.8337500
4621	519.6031731
4622	519.4050000
4623	519.1069048
4624	518.8500000
4625	518.5950000
4626	518.3850000
4627	518.1512500
4628	517.9425000
4629	517.6957143
4630	517.4350000
4631	517.2450000
4632	516.9814286
4633	516.7312454
4634	516.5146667
4635	516.2228376
4636	515.9592857
4637	515.7600000
4638	515.4688889
4639	515.3225000
4640	515.0045455
4641	514.7630536
4642	514.5215618
4643	514.3225000
4644	514.0550000
4645	513.8700000
4646	513.5400000
4647	513.3050000
4648	513.0700000
4649	512.8600000
4650	512.5913333
4651	512.3438069
4652	512.1063158
4653	511.9450000
4654	511.7300000
4655	511.4889744
4656	511.3400000
4657	511.1350000
4658	510.6700000
4659	510.0200000
4660	509.3700000
4661	508.7550000
4662	508.1825000
4663	507.7100000
4664	507.2617949
4665	506.9050000
4666	506.5366667
4667	506.2400000
4668	505.9650000
4669	505.7100000
4670	505.4595238
4671	505.3050000
4672	505.1145238
4673	504.9987500
4674	504.8950000
4675	504.7764286
4676	504.6840000
4677	504.6069744
4678	504.5450000
4679	504.5137500
4680	504.4745833
4681	504.4670000
4682	504.4362222
4683	504.4366667
4684	504.4550000
4685	504.4727778
4686	504.5055198
4687	504.5048000
4688	504.5286310
4689	504.5300000
4690	504.5442857
4691	504.5518325
