x	y
1	3.5493249
2	3.5493249
3	3.5499965
4	3.5511564
5	3.5521027
6	3.5534153
7	3.5549149
8	3.5562836
9	3.5571271
10	3.5575361
11	3.5578719
12	3.5584511
13	3.5588589
14	3.5588853
15	3.5590700
16	3.5593130
17	3.5593729
18	3.5594328
19	3.5597339
20	3.5598637
21	3.5598876
22	3.5598621
23	3.5598408
24	3.5596440
25	3.5596398
26	3.5596355
27	3.5593066
28	3.5592499
29	3.5590325
30	3.5589555
31	3.5586045
32	3.5583947
33	3.5583679
34	3.5583613
35	3.5584102
36	3.5587683
37	3.5587812
38	3.5587941
39	3.5590528
40	3.5591234
41	3.5593848
42	3.5593981
43	3.5594134
44	3.5597570
45	3.5598026
46	3.5598993
47	3.5598949
48	3.5598866
49	3.5599194
50	3.5600697
51	3.5600413
52	3.5600650
53	3.5601735
54	3.5601079
55	3.5601310
56	3.5600989
57	3.5601262
58	3.5602223
59	3.5602332
60	3.5602267
61	3.5601346
62	3.5601240
63	3.5601155
64	3.5600778
65	3.5600392
66	3.5600495
67	3.5600335
68	3.5600977
69	3.5601569
70	3.5601243
71	3.5601407
72	3.5601422
73	3.5600808
74	3.5598480
75	3.5598748
76	3.5599232
77	3.5600010
78	3.5600468
79	3.5600344
80	3.5599155
81	3.5597966
82	3.5598194
83	3.5598642
84	3.5599089
85	3.5599283
86	3.5599572
87	3.5599505
88	3.5598891
89	3.5598931
90	3.5598408
91	3.5599171
92	3.5598865
93	3.5598798
94	3.5598807
95	3.5599003
96	3.5598893
97	3.5598933
98	3.5597926
99	3.5597671
100	3.5597415
101	3.5597712
102	3.5597400
103	3.5596561
104	3.5597222
105	3.5596964
106	3.5595852
107	3.5595915
108	3.5595813
109	3.5594883
110	3.5594759
111	3.5594592
112	3.5594359
113	3.5594127
114	3.5592741
115	3.5592999
116	3.5594974
117	3.5594169
118	3.5594723
119	3.5594723
120	3.5594592
121	3.5594390
122	3.5594287
123	3.5592397
124	3.5592982
125	3.5593615
126	3.5593371
127	3.5593510
128	3.5592954
129	3.5593062
130	3.5593171
131	3.5593168
132	3.5593694
133	3.5592815
134	3.5590352
135	3.5590263
136	3.5590362
137	3.5592055
138	3.5591930
139	3.5590726
140	3.5590624
141	3.5590624
142	3.5591278
143	3.5591358
144	3.5591439
145	3.5591305
146	3.5591540
147	3.5591599
148	3.5591386
149	3.5590737
150	3.5590776
151	3.5591473
152	3.5591845
153	3.5591845
154	3.5590859
155	3.5590929
156	3.5592244
157	3.5592333
158	3.5592586
159	3.5592991
160	3.5592566
161	3.5591692
162	3.5592056
163	3.5592135
164	3.5591790
165	3.5590977
166	3.5591328
167	3.5591234
168	3.5590929
169	3.5590178
170	3.5589990
171	3.5590074
172	3.5590074
173	3.5590047
174	3.5590013
175	3.5590100
176	3.5589708
177	3.5589708
178	3.5589525
179	3.5588901
180	3.5589165
181	3.5589664
182	3.5588792
183	3.5589403
184	3.5589927
185	3.5589544
186	3.5589215
187	3.5589342
188	3.5589168
189	3.5589199
190	3.5589198
191	3.5588903
192	3.5588853
193	3.5587732
194	3.5586711
195	3.5586786
196	3.5586751
197	3.5586562
198	3.5586373
199	3.5585435
200	3.5584621
201	3.5584975
202	3.5584472
203	3.5584870
204	3.5584777
205	3.5584475
206	3.5584195
207	3.5584630
208	3.5585229
209	3.5585303
210	3.5585378
211	3.5585401
212	3.5585460
213	3.5584214
214	3.5584354
215	3.5584824
216	3.5584824
217	3.5584671
218	3.5584491
219	3.5583654
220	3.5582994
221	3.5582993
222	3.5582675
223	3.5583332
224	3.5584204
225	3.5584152
226	3.5584687
227	3.5584907
228	3.5585304
229	3.5584965
230	3.5586579
231	3.5586699
232	3.5586045
233	3.5585435
234	3.5584401
235	3.5584344
236	3.5584455
237	3.5584257
238	3.5582788
239	3.5583462
240	3.5583368
241	3.5583381
242	3.5585046
243	3.5584030
244	3.5582931
245	3.5583542
246	3.5584046
247	3.5583985
248	3.5583603
249	3.5583501
250	3.5582108
251	3.5581161
252	3.5580093
253	3.5574018
254	3.5573072
255	3.5561625
256	3.5552712
257	3.5540855
258	3.5533420
259	3.5524422
260	3.5518585
261	3.5514006
262	3.5509427
263	3.5509427
264	3.5509380
265	3.5510114
266	3.5521350
267	3.5528048
268	3.5536501
269	3.5544226
270	3.5551755
271	3.5557657
272	3.5567649
273	3.5569562
274	3.5572661
275	3.5573530
276	3.5574140
277	3.5574446
278	3.5574903
279	3.5575345
280	3.5575934
281	3.5577321
282	3.5577498
283	3.5577760
284	3.5578185
285	3.5579192
286	3.5579236
287	3.5579978
288	3.5580220
289	3.5580221
290	3.5580245
291	3.5579978
292	3.5580093
293	3.5580093
294	3.5580027
295	3.5580388
296	3.5581185
297	3.5580856
298	3.5579866
299	3.5580057
300	3.5580386
301	3.5580245
302	3.5579731
303	3.5580016
304	3.5580123
305	3.5579569
306	3.5579689
307	3.5579330
308	3.5579397
309	3.5580279
310	3.5579893
311	3.5578202
312	3.5578427
313	3.5578608
314	3.5579372
315	3.5579142
316	3.5578719
317	3.5578916
318	3.5578367
319	3.5577193
320	3.5576955
321	3.5577787
322	3.5577880
323	3.5577780
324	3.5578430
325	3.5578414
326	3.5577498
327	3.5576506
328	3.5576399
329	3.5576614
330	3.5576582
331	3.5576684
332	3.5577477
333	3.5576856
334	3.5577615
335	3.5577498
336	3.5575972
337	3.5575361
338	3.5574045
339	3.5574106
340	3.5575361
341	3.5574969
342	3.5573712
343	3.5574293
344	3.5575056
345	3.5575972
346	3.5576363
347	3.5576582
348	3.5576465
349	3.5575699
350	3.5575361
351	3.5574406
352	3.5574352
353	3.5574402
354	3.5575090
355	3.5575057
356	3.5574339
357	3.5573835
358	3.5573191
359	3.5573573
360	3.5573212
361	3.5573215
362	3.5573752
363	3.5574501
364	3.5574180
365	3.5573543
366	3.5573530
367	3.5571917
368	3.5572309
369	3.5572788
370	3.5572171
371	3.5572690
372	3.5573131
373	3.5573827
374	3.5573669
375	3.5573654
376	3.5573640
377	3.5572996
378	3.5573102
379	3.5573408
380	3.5573348
381	3.5573428
382	3.5574618
383	3.5575880
384	3.5576216
385	3.5576175
386	3.5575056
387	3.5574806
388	3.5574597
389	3.5574446
390	3.5573506
391	3.5573446
392	3.5574446
393	3.5574315
394	3.5572273
395	3.5571947
396	3.5572428
397	3.5572309
398	3.5572828
399	3.5574185
400	3.5574922
401	3.5574698
402	3.5574474
403	3.5572913
404	3.5573225
405	3.5573191
406	3.5573291
407	3.5573268
408	3.5571611
409	3.5570434
410	3.5568224
411	3.5566898
412	3.5560404
413	3.5550466
414	3.5542585
415	3.5533985
416	3.5521943
417	3.5510343
418	3.5503322
419	3.5492181
420	3.5484315
421	3.5476449
422	3.5465358
423	3.5457230
424	3.5446546
425	3.5437312
426	3.5426922
427	3.5418158
428	3.5406824
429	3.5403048
430	3.5397597
431	3.5397400
432	3.5400071
433	3.5403506
434	3.5435252
435	3.5459366
436	3.5499354
437	3.5549262
438	3.5610465
439	3.5686167
440	3.5758817
441	3.5845202
442	3.5931588
443	3.6013395
444	3.6112296
445	3.6212418
446	3.6311851
447	3.6406518
448	3.6494144
449	3.6577029
450	3.6659915
451	3.6740501
452	3.6818034
453	3.6883357
454	3.6946544
455	3.7009731
456	3.7053687
457	3.7101306
458	3.7148925
459	3.7188608
460	3.7223015
461	3.7251599
462	3.7280182
463	3.7296361
464	3.7320076
465	3.7337760
466	3.7351440
467	3.7361532
468	3.7371480
469	3.7378473
470	3.7386676
471	3.7389767
472	3.7396827
473	3.7398429
474	3.7400031
475	3.7400775
476	3.7400629
477	3.7398513
478	3.7395672
479	3.7392832
480	3.7390378
481	3.7379084
482	3.7366873
483	3.7352661
484	3.7338333
485	3.7317270
486	3.7293842
487	3.7272856
488	3.7244468
489	3.7215462
490	3.7186455
491	3.7156396
492	3.7127019
493	3.7098254
494	3.7070171
495	3.7045358
496	3.7027130
497	3.7009833
498	3.7000592
499	3.6997358
500	3.6995486
501	3.6997765
502	3.7006068
503	3.7025573
504	3.7045077
505	3.7067728
506	3.7085738
507	3.7119834
508	3.7148315
509	3.7174926
510	3.7200687
511	3.7225543
512	3.7251336
513	3.7274383
514	3.7298955
515	3.7316965
516	3.7334517
517	3.7351642
518	3.7367484
519	3.7376336
520	3.7383815
521	3.7394906
522	3.7404394
523	3.7409944
524	3.7411593
525	3.7417719
526	3.7422124
527	3.7423040
528	3.7425920
529	3.7427435
530	3.7430060
531	3.7430540
532	3.7436180
533	3.7439204
534	3.7442270
535	3.7447532
536	3.7448192
537	3.7456589
538	3.7465132
539	3.7468217
540	3.7483174
541	3.7500684
542	3.7508204
543	3.7538577
544	3.7567499
545	3.7596422
546	3.7631220
547	3.7679051
548	3.7729388
549	3.7786322
550	3.7851000
551	3.7921469
552	3.7992026
553	3.8075054
554	3.8159303
555	3.8264919
556	3.8361989
557	3.8477984
558	3.8579937
559	3.8688606
560	3.8800938
561	3.8917544
562	3.9024992
563	3.9143428
564	3.9244161
565	3.9360767
566	3.9436469
567	3.9529265
568	3.9617482
569	3.9701273
570	3.9785064
571	3.9844283
572	3.9905638
573	3.9958293
574	4.0008202
575	4.0055501
576	4.0087567
577	4.0124960
578	4.0156119
579	4.0180603
580	4.0198678
581	4.0213940
582	4.0230220
583	4.0241274
584	4.0247237
585	4.0249323
586	4.0249860
587	4.0249218
588	4.0245686
589	4.0232866
590	4.0216321
591	4.0200815
592	4.0174807
593	4.0148312
594	4.0113513
595	4.0071541
596	4.0029875
597	3.9968336
598	3.9907225
599	3.9846114
600	3.9770134
601	3.9694877
602	3.9619619
603	3.9502402
604	3.9421817
605	3.9316810
606	3.9214247
607	3.9097031
608	3.8985614
609	3.8874198
610	3.8764308
611	3.8661134
612	3.8532318
613	3.8436775
614	3.8341231
615	3.8259425
616	3.8156250
617	3.8078717
618	3.7995688
619	3.7939523
620	3.7876946
621	3.7814370
622	3.7778961
623	3.7735005
624	3.7702954
625	3.7670903
626	3.7623894
627	3.7619454
628	3.7596422
629	3.7577386
630	3.7564763
631	3.7555518
632	3.7543962
633	3.7535323
634	3.7529572
635	3.7525298
636	3.7516141
637	3.7509469
638	3.7507327
639	3.7501321
640	3.7496605
641	3.7493476
642	3.7492484
643	3.7487207
644	3.7487142
645	3.7482991
646	3.7479121
647	3.7477740
648	3.7473833
649	3.7471325
650	3.7470781
651	3.7468914
652	3.7463430
653	3.7460869
654	3.7459792
655	3.7458837
656	3.7458143
657	3.7455091
658	3.7450563
659	3.7448292
660	3.7447765
661	3.7442968
662	3.7441616
663	3.7440797
664	3.7440321
665	3.7434062
666	3.7429144
667	3.7427618
668	3.7421339
669	3.7418400
670	3.7409151
671	3.7397354
672	3.7387678
673	3.7378002
674	3.7362975
675	3.7348559
676	3.7331465
677	3.7310097
678	3.7285575
679	3.7259329
680	3.7238669
681	3.7205443
682	3.7175482
683	3.7143278
684	3.7111440
685	3.7078412
686	3.7045140
687	3.7012783
688	3.6985921
689	3.6966996
690	3.6947460
691	3.6931892
692	3.6923055
693	3.6919988
694	3.6920086
695	3.6921842
696	3.6935446
697	3.6947765
698	3.6969743
699	3.6991874
700	3.7014004
701	3.7047582
702	3.7081010
703	3.7113028
704	3.7138913
705	3.7164798
706	3.7197154
707	3.7226153
708	3.7251336
709	3.7273772
710	3.7296819
711	3.7313150
712	3.7330651
713	3.7348152
714	3.7360894
715	3.7371147
716	3.7379312
717	3.7389576
718	3.7396233
719	3.7399841
720	3.7406004
721	3.7408947
722	3.7409303
723	3.7415658
724	3.7417386
725	3.7419113
726	3.7417751
727	3.7418224
728	3.7419987
729	3.7419881
730	3.7419545
731	3.7419208
732	3.7416171
733	3.7416128
734	3.7416084
735	3.7411928
736	3.7410341
737	3.7407981
738	3.7406098
739	3.7404152
740	3.7400451
741	3.7398678
742	3.7396904
743	3.7393837
744	3.7392253
745	3.7386160
746	3.7386104
747	3.7383594
748	3.7381085
749	3.7377878
750	3.7377863
751	3.7375115
752	3.7372979
753	3.7369754
754	3.7369087
755	3.7367484
756	3.7359548
757	3.7358937
758	3.7357563
759	3.7353519
760	3.7350561
761	3.7347603
762	3.7342629
763	3.7341741
764	3.7341233
765	3.7336654
766	3.7332889
767	3.7330468
768	3.7330320
769	3.7328412
770	3.7326275
771	3.7319372
772	3.7318160
773	3.7316948
774	3.7313150
775	3.7311318
776	3.7307350
777	3.7299719
778	3.7296178
779	3.7288852
780	3.7283542
781	3.7280793
782	3.7278351
783	3.7271025
784	3.7269957
785	3.7262900
786	3.7256831
787	3.7251545
788	3.7249963
789	3.7239146
790	3.7236532
791	3.7225848
792	3.7218319
793	3.7210283
794	3.7203183
795	3.7194672
796	3.7188424
797	3.7182177
798	3.7172282
799	3.7165256
800	3.7157777
801	3.7149056
802	3.7143114
803	3.7137172
804	3.7125044
805	3.7118661
806	3.7113211
807	3.7104053
808	3.7097033
809	3.7086654
810	3.7081465
811	3.7072857
812	3.7063523
813	3.7055152
814	3.7047887
815	3.7041528
816	3.7033785
817	3.7027837
818	3.7023671
819	3.7013908
820	3.7009121
821	3.6999207
822	3.6992693
823	3.6990806
824	3.6985006
825	3.6979511
826	3.6969365
827	3.6965164
828	3.6959168
829	3.6953565
830	3.6949063
831	3.6943343
832	3.6941660
833	3.6932198
834	3.6926500
835	3.6919275
836	3.6915897
837	3.6912906
838	3.6907611
839	3.6901758
840	3.6900207
841	3.6892990
842	3.6888364
843	3.6882090
844	3.6877802
845	3.6872842
846	3.6868269
847	3.6867485
848	3.6863037
849	3.6858815
850	3.6854420
851	3.6849704
852	3.6848803
853	3.6846850
854	3.6839249
855	3.6835128
856	3.6830488
857	3.6827257
858	3.6826581
859	3.6820340
860	3.6818416
861	3.6815638
862	3.6812860
863	3.6810403
864	3.6801917
865	3.6799617
866	3.6798193
867	3.6796056
868	3.6794225
869	3.6794225
870	3.6788265
871	3.6787204
872	3.6783680
873	3.6782320
874	3.6781811
875	3.6780900
876	3.6779989
877	3.6777639
878	3.6776673
879	3.6774856
880	3.6774383
881	3.6774170
882	3.6774383
883	3.6774114
884	3.6772857
885	3.6772508
886	3.6773112
887	3.6773696
888	3.6774634
889	3.6777394
890	3.6777258
891	3.6777537
892	3.6778962
893	3.6781832
894	3.6782194
895	3.6782625
896	3.6786724
897	3.6786975
898	3.6790867
899	3.6797144
900	3.6797643
901	3.6799719
902	3.6803687
903	3.6809557
904	3.6812379
905	3.6816290
906	3.6820447
907	3.6821392
908	3.6827235
909	3.6829634
910	3.6836308
911	3.6841355
912	3.6843675
913	3.6847949
914	3.6853584
915	3.6855580
916	3.6864127
917	3.6864737
918	3.6872048
919	3.6879358
920	3.6885877
921	3.6891672
922	3.6899028
923	3.6899994
924	3.6908817
925	3.6916121
926	3.6917546
927	3.6927036
928	3.6934716
929	3.6941966
930	3.6946544
931	3.6954794
932	3.6962231
933	3.6966691
934	3.6974017
935	3.6978901
936	3.6989342
937	3.6995323
938	3.7003931
939	3.7012722
940	3.7017057
941	3.7027639
942	3.7036023
943	3.7036288
944	3.7046972
945	3.7058949
946	3.7064371
947	3.7074555
948	3.7083435
949	3.7083907
950	3.7097163
951	3.7104053
952	3.7114127
953	3.7124296
954	3.7130228
955	3.7140363
956	3.7149773
957	3.7156098
958	3.7162661
959	3.7172604
960	3.7178534
961	3.7189233
962	3.7197307
963	3.7204481
964	3.7213333
965	3.7217912
966	3.7228174
967	3.7237142
968	3.7246707
969	3.7254923
970	3.7262427
971	3.7268583
972	3.7271941
973	3.7276825
974	3.7289340
975	3.7300392
976	3.7309755
977	3.7316711
978	3.7324749
979	3.7331465
980	3.7339256
981	3.7347047
982	3.7354435
983	3.7362117
984	3.7367118
985	3.7374455
986	3.7384578
987	3.7393939
988	3.7398314
989	3.7403903
990	3.7405946
991	3.7415103
992	3.7426557
993	3.7432655
994	3.7435860
995	3.7440831
996	3.7447765
997	3.7455701
998	3.7461603
999	3.7469743
1000	3.7475848
1001	3.7480573
1002	3.7485600
1003	3.7492026
1004	3.7497588
1005	3.7500329
1006	3.7505201
1007	3.7510074
1008	3.7516444
1009	3.7522815
1010	3.7528657
1011	3.7530411
1012	3.7536287
1013	3.7539950
1014	3.7546840
1015	3.7551640
1016	3.7557129
1017	3.7560677
1018	3.7564226
1019	3.7566965
1020	3.7572307
1021	3.7576013
1022	3.7581006
1023	3.7581770
1024	3.7582075
1025	3.7588540
1026	3.7594224
1027	3.7602085
1028	3.7604589
1029	3.7607093
1030	3.7608847
1031	3.7609852
1032	3.7613210
1033	3.7619010
1034	3.7619010
1035	3.7623545
1036	3.7628080
1037	3.7629897
1038	3.7631322
1039	3.7632441
1040	3.7635799
1041	3.7642572
1042	3.7644627
1043	3.7646681
1044	3.7650328
1045	3.7651977
1046	3.7652282
1047	3.7655945
1048	3.7658311
1049	3.7660949
1050	3.7661278
1051	3.7665408
1052	3.7665767
1053	3.7666793
1054	3.7667240
1055	3.7669529
1056	3.7672022
1057	3.7675972
1058	3.7676519
1059	3.7677007
1060	3.7678228
1061	3.7681775
1062	3.7682574
1063	3.7682807
1064	3.7685860
1065	3.7686394
1066	3.7690030
1067	3.7690758
1068	3.7690977
1069	3.7691160
1070	3.7691398
1071	3.7691427
1072	3.7691456
1073	3.7692575
1074	3.7692575
1075	3.7693593
1076	3.7697711
1077	3.7697226
1078	3.7695608
1079	3.7695675
1080	3.7696798
1081	3.7696872
1082	3.7697000
1083	3.7697429
1084	3.7697478
1085	3.7697513
1086	3.7696930
1087	3.7696157
1088	3.7695933
1089	3.7696020
1090	3.7696329
1091	3.7696147
1092	3.7694870
1093	3.7694890
1094	3.7694865
1095	3.7694808
1096	3.7694610
1097	3.7691826
1098	3.7690866
1099	3.7690716
1100	3.7689319
1101	3.7688961
1102	3.7688602
1103	3.7687691
1104	3.7683708
1105	3.7682502
1106	3.7682458
1107	3.7680627
1108	3.7679697
1109	3.7679013
1110	3.7677400
1111	3.7673955
1112	3.7673650
1113	3.7670859
1114	3.7668766
1115	3.7664870
1116	3.7662661
1117	3.7660655
1118	3.7659405
1119	3.7657602
1120	3.7653358
1121	3.7652292
1122	3.7651226
1123	3.7648314
1124	3.7642645
1125	3.7642514
1126	3.7639927
1127	3.7637340
1128	3.7635417
1129	3.7628612
1130	3.7626947
1131	3.7621554
1132	3.7619131
1133	3.7616709
1134	3.7612399
1135	3.7609039
1136	3.7604174
1137	3.7600233
1138	3.7599779
1139	3.7593122
1140	3.7589357
1141	3.7584357
1142	3.7582177
1143	3.7577496
1144	3.7573077
1145	3.7571900
1146	3.7566507
1147	3.7559244
1148	3.7551980
1149	3.7550024
1150	3.7546666
1151	3.7539485
1152	3.7532304
1153	3.7532014
1154	3.7526010
1155	3.7515835
1156	3.7512478
1157	3.7505966
1158	3.7499352
1159	3.7494163
1160	3.7486379
1161	3.7480427
1162	3.7475848
1163	3.7466516
1164	3.7458418
1165	3.7451607
1166	3.7447154
1167	3.7436699
1168	3.7428145
1169	3.7426702
1170	3.7420598
1171	3.7407603
1172	3.7399001
1173	3.7388775
1174	3.7385799
1175	3.7371176
1176	3.7364940
1177	3.7353748
1178	3.7342698
1179	3.7331770
1180	3.7318891
1181	3.7311318
1182	3.7298468
1183	3.7290561
1184	3.7276985
1185	3.7263724
1186	3.7253009
1187	3.7243476
1188	3.7228770
1189	3.7216678
1190	3.7205091
1191	3.7192474
1192	3.7175845
1193	3.7162876
1194	3.7149907
1195	3.7136944
1196	3.7118360
1197	3.7102851
1198	3.7089172
1199	3.7071003
1200	3.7052424
1201	3.7039035
1202	3.7022857
1203	3.7005457
1204	3.6990500
1205	3.6970063
1206	3.6949626
1207	3.6929552
1208	3.6908873
1209	3.6895262
1210	3.6874418
1211	3.6854315
1212	3.6837875
1213	3.6816202
1214	3.6792597
1215	3.6769448
1216	3.6748539
1217	3.6726688
1218	3.6704863
1219	3.6682230
1220	3.6661237
1221	3.6637072
1222	3.6615714
1223	3.6591722
1224	3.6569255
1225	3.6553993
1226	3.6526825
1227	3.6498277
1228	3.6473886
1229	3.6451516
1230	3.6429146
1231	3.6400452
1232	3.6374429
1233	3.6349857
1234	3.6326683
1235	3.6302932
1236	3.6276215
1237	3.6253016
1238	3.6227528
1239	3.6203810
1240	3.6179948
1241	3.6150662
1242	3.6124506
1243	3.6100646
1244	3.6076763
1245	3.6054461
1246	3.6035678
1247	3.6004695
1248	3.5981344
1249	3.5953719
1250	3.5927278
1251	3.5905324
1252	3.5887937
1253	3.5862602
1254	3.5838487
1255	3.5813151
1256	3.5791682
1257	3.5768347
1258	3.5745233
1259	3.5724247
1260	3.5703261
1261	3.5682199
1262	3.5658564
1263	3.5636346
1264	3.5615451
1265	3.5595265
1266	3.5579737
1267	3.5557148
1268	3.5540258
1269	3.5517669
1270	3.5499049
1271	3.5478629
1272	3.5464250
1273	3.5446241
1274	3.5427838
1275	3.5409436
1276	3.5392720
1277	3.5378475
1278	3.5360422
1279	3.5343677
1280	3.5328451
1281	3.5313686
1282	3.5296862
1283	3.5285374
1284	3.5273571
1285	3.5263396
1286	3.5246389
1287	3.5231650
1288	3.5220152
1289	3.5208262
1290	3.5193799
1291	3.5183188
1292	3.5173754
1293	3.5167852
1294	3.5154480
1295	3.5146281
1296	3.5133800
1297	3.5124507
1298	3.5112468
1299	3.5107108
1300	3.5097223
1301	3.5090190
1302	3.5087063
1303	3.5074349
1304	3.5068221
1305	3.5062094
1306	3.5053409
1307	3.5047737
1308	3.5044531
1309	3.5037018
1310	3.5029167
1311	3.5025504
1312	3.5019078
1313	3.5017161
1314	3.5012785
1315	3.5005536
1316	3.5004849
1317	3.4996476
1318	3.4991563
1319	3.4989587
1320	3.4989180
1321	3.4984131
1322	3.4981955
1323	3.4976156
1324	3.4972870
1325	3.4972493
1326	3.4967915
1327	3.4965777
1328	3.4961940
1329	3.4960405
1330	3.4958288
1331	3.4957012
1332	3.4955093
1333	3.4954177
1334	3.4952317
1335	3.4950456
1336	3.4950209
1337	3.4947313
1338	3.4945418
1339	3.4944715
1340	3.4941662
1341	3.4940848
1342	3.4940518
1343	3.4939461
1344	3.4938203
1345	3.4937282
1346	3.4937227
1347	3.4935201
1348	3.4935023
1349	3.4934642
1350	3.4934642
1351	3.4934688
1352	3.4934947
1353	3.4934886
1354	3.4935130
1355	3.4935374
1356	3.4935132
1357	3.4935527
1358	3.4935259
1359	3.4935316
1360	3.4937738
1361	3.4939453
1362	3.4940597
1363	3.4941246
1364	3.4943259
1365	3.4944724
1366	3.4945631
1367	3.4945936
1368	3.4953000
1369	3.4955994
1370	3.4958989
1371	3.4961504
1372	3.4962419
1373	3.4964861
1374	3.4973103
1375	3.4979935
1376	3.4983075
1377	3.4991137
1378	3.4994471
1379	3.5002074
1380	3.5008546
1381	3.5014628
1382	3.5020711
1383	3.5029371
1384	3.5034051
1385	3.5049353
1386	3.5061401
1387	3.5068341
1388	3.5080551
1389	3.5093295
1390	3.5102529
1391	3.5117268
1392	3.5125423
1393	3.5141296
1394	3.5156747
1395	3.5168570
1396	3.5176094
1397	3.5190695
1398	3.5200820
1399	3.5214309
1400	3.5220661
1401	3.5229847
1402	3.5238177
1403	3.5242944
1404	3.5250575
1405	3.5258512
1406	3.5265430
1407	3.5269501
1408	3.5277757
1409	3.5278048
1410	3.5278658
1411	3.5283542
1412	3.5288426
1413	3.5291537
1414	3.5291784
1415	3.5298042
1416	3.5298374
1417	3.5298706
1418	3.5299110
1419	3.5304692
1420	3.5307201
1421	3.5309296
1422	3.5309489
1423	3.5310622
1424	3.5316026
1425	3.5316713
1426	3.5318341
1427	3.5319829
1428	3.5323988
1429	3.5324144
1430	3.5324300
1431	3.5325728
1432	3.5327612
1433	3.5327753
1434	3.5329330
1435	3.5330817
1436	3.5332304
1437	3.5332535
1438	3.5336416
1439	3.5336830
1440	3.5337637
1441	3.5338095
1442	3.5339320
1443	3.5339372
1444	3.5341314
1445	3.5342400
1446	3.5343002
1447	3.5343808
1448	3.5345193
1449	3.5345577
1450	3.5345962
1451	3.5346220
1452	3.5346269
1453	3.5346231
1454	3.5346142
1455	3.5347034
1456	3.5348749
1457	3.5349247
1458	3.5349747
1459	3.5350003
1460	3.5349942
1461	3.5350007
1462	3.5350087
1463	3.5350614
1464	3.5351891
1465	3.5351918
1466	3.5352153
1467	3.5352834
1468	3.5353139
1469	3.5354507
1470	3.5354394
1471	3.5354427
1472	3.5354931
1473	3.5355598
1474	3.5355617
1475	3.5356679
1476	3.5358248
1477	3.5357378
1478	3.5357270
1479	3.5357304
1480	3.5357783
1481	3.5358225
1482	3.5358786
1483	3.5358768
1484	3.5358997
1485	3.5360877
1486	3.5361184
1487	3.5361340
1488	3.5361116
1489	3.5360771
1490	3.5360872
1491	3.5361607
1492	3.5363800
1493	3.5363664
1494	3.5363945
1495	3.5364128
1496	3.5364433
1497	3.5364581
1498	3.5364657
1499	3.5364733
1500	3.5364755
1501	3.5364989
1502	3.5365147
1503	3.5365731
1504	3.5366744
1505	3.5366167
1506	3.5366091
1507	3.5366168
1508	3.5367353
1509	3.5367592
1510	3.5367674
1511	3.5368578
1512	3.5369969
1513	3.5369748
1514	3.5369623
1515	3.5369706
1516	3.5369948
1517	3.5369955
1518	3.5369822
1519	3.5369418
1520	3.5369478
1521	3.5371149
1522	3.5371316
1523	3.5371851
1524	3.5370481
1525	3.5371480
1526	3.5371585
1527	3.5371505
1528	3.5371669
1529	3.5372401
1530	3.5373279
1531	3.5374094
1532	3.5371975
1533	3.5371975
1534	3.5375582
1535	3.5375471
1536	3.5374981
1537	3.5374645
1538	3.5374710
1539	3.5374695
1540	3.5374718
1541	3.5374577
1542	3.5373954
1543	3.5374118
1544	3.5377365
1545	3.5377352
1546	3.5375904
1547	3.5376255
1548	3.5377547
1549	3.5377987
1550	3.5377865
1551	3.5377725
1552	3.5377712
1553	3.5377407
1554	3.5377483
1555	3.5377610
1556	3.5377412
1557	3.5377523
1558	3.5377864
1559	3.5378054
1560	3.5378244
1561	3.5378514
1562	3.5378547
1563	3.5380878
1564	3.5381718
1565	3.5382360
1566	3.5383578
1567	3.5382850
1568	3.5382031
1569	3.5382138
1570	3.5382138
1571	3.5382138
1572	3.5382025
1573	3.5382138
1574	3.5382836
1575	3.5382836
1576	3.5383134
1577	3.5383067
1578	3.5383110
1579	3.5384144
1580	3.5384270
1581	3.5384300
1582	3.5385190
1583	3.5385826
1584	3.5385258
1585	3.5385081
1586	3.5385447
1587	3.5385912
1588	3.5386312
1589	3.5386476
1590	3.5386499
1591	3.5386646
1592	3.5387073
1593	3.5388141
1594	3.5388374
1595	3.5388461
1596	3.5388548
1597	3.5388199
1598	3.5387938
1599	3.5388638
1600	3.5388782
1601	3.5388746
1602	3.5388854
1603	3.5388870
1604	3.5388884
1605	3.5389009
1606	3.5389134
1607	3.5390052
1608	3.5390075
1609	3.5390031
1610	3.5390492
1611	3.5390536
1612	3.5390253
1613	3.5390380
1614	3.5390470
1615	3.5390497
1616	3.5391056
1617	3.5391719
1618	3.5391684
1619	3.5391819
1620	3.5392560
1621	3.5391992
1622	3.5392008
1623	3.5392466
1624	3.5393483
1625	3.5392588
1626	3.5392440
1627	3.5392745
1628	3.5394602
1629	3.5394450
1630	3.5392735
1631	3.5392696
1632	3.5392712
1633	3.5393396
1634	3.5393493
1635	3.5393503
1636	3.5393776
1637	3.5394048
1638	3.5395847
1639	3.5395810
1640	3.5396119
1641	3.5395787
1642	3.5395787
1643	3.5395787
1644	3.5396805
1645	3.5396624
1646	3.5396302
1647	3.5396485
1648	3.5396135
1649	3.5396114
1650	3.5396393
1651	3.5396688
1652	3.5396703
1653	3.5396637
1654	3.5396790
1655	3.5398226
1656	3.5398185
1657	3.5396935
1658	3.5397377
1659	3.5397019
1660	3.5397218
1661	3.5397844
1662	3.5397400
1663	3.5397472
1664	3.5397553
1665	3.5397655
1666	3.5397706
1667	3.5397573
1668	3.5397619
1669	3.5398927
1670	3.5398765
1671	3.5398055
1672	3.5397619
1673	3.5397511
1674	3.5397029
1675	3.5397126
1676	3.5397195
1677	3.5397095
1678	3.5396835
1679	3.5396654
1680	3.5397241
1681	3.5397583
1682	3.5397330
1683	3.5397298
1684	3.5397613
1685	3.5397706
1686	3.5398142
1687	3.5397299
1688	3.5397730
1689	3.5397799
1690	3.5397844
1691	3.5399031
1692	3.5399688
1693	3.5399672
1694	3.5399232
1695	3.5399396
1696	3.5400148
1697	3.5401134
1698	3.5400987
1699	3.5400782
1700	3.5401125
1701	3.5401325
1702	3.5401674
1703	3.5402132
1704	3.5402613
1705	3.5402751
1706	3.5402859
1707	3.5403124
1708	3.5403205
1709	3.5403789
1710	3.5403872
1711	3.5403811
1712	3.5403187
1713	3.5402509
1714	3.5402040
1715	3.5402194
1716	3.5402285
1717	3.5403404
1718	3.5404299
1719	3.5404167
1720	3.5403740
1721	3.5401839
1722	3.5401949
1723	3.5403306
1724	3.5403462
1725	3.5403797
1726	3.5403179
1727	3.5403178
1728	3.5403251
1729	3.5403324
1730	3.5404317
1731	3.5403270
1732	3.5402815
1733	3.5402589
1734	3.5402538
1735	3.5402712
1736	3.5402778
1737	3.5402997
1738	3.5403277
1739	3.5403228
1740	3.5403346
1741	3.5403811
1742	3.5404014
1743	3.5404014
1744	3.5404103
1745	3.5403200
1746	3.5403652
1747	3.5403827
1748	3.5404020
1749	3.5404055
1750	3.5404090
1751	3.5405119
1752	3.5405108
1753	3.5404345
1754	3.5404334
1755	3.5404299
1756	3.5404341
1757	3.5404726
1758	3.5404821
1759	3.5404870
1760	3.5404655
1761	3.5404499
1762	3.5405991
1763	3.5405608
1764	3.5405353
1765	3.5406310
1766	3.5406185
1767	3.5406059
1768	3.5406163
1769	3.5405817
1770	3.5405235
1771	3.5405108
1772	3.5405032
1773	3.5405272
1774	3.5405402
1775	3.5405533
1776	3.5405459
1777	3.5405439
1778	3.5405660
1779	3.5405859
1780	3.5405869
1781	3.5405726
1782	3.5405642
1783	3.5405004
1784	3.5403831
1785	3.5404152
1786	3.5404122
1787	3.5404180
1788	3.5404188
1789	3.5404421
1790	3.5404727
1791	3.5404502
1792	3.5405876
1793	3.5406711
1794	3.5406881
1795	3.5406802
1796	3.5406441
1797	3.5406456
1798	3.5406631
1799	3.5406719
1800	3.5406484
1801	3.5405846
1802	3.5406209
1803	3.5405861
1804	3.5405896
1805	3.5405398
1806	3.5405361
1807	3.5405398
1808	3.5405337
1809	3.5404948
1810	3.5405032
1811	3.5405032
1812	3.5404955
1813	3.5403746
1814	3.5403200
1815	3.5404465
1816	3.5404319
1817	3.5404319
1818	3.5404727
1819	3.5404727
1820	3.5404349
1821	3.5404383
1822	3.5405206
1823	3.5405173
1824	3.5405235
1825	3.5404203
1826	3.5403248
1827	3.5403399
1828	3.5403106
1829	3.5403302
1830	3.5403506
1831	3.5403339
1832	3.5402538
1833	3.5402590
1834	3.5403823
1835	3.5403693
1836	3.5403734
1837	3.5403827
1838	3.5403887
1839	3.5404116
1840	3.5404483
1841	3.5404639
1842	3.5404865
1843	3.5404955
1844	3.5404218
1845	3.5404078
1846	3.5404116
1847	3.5405415
1848	3.5405473
1849	3.5405554
1850	3.5405574
1851	3.5405703
1852	3.5405227
1853	3.5405337
1854	3.5405192
1855	3.5403939
1856	3.5404844
1857	3.5405901
1858	3.5405901
1859	3.5405901
1860	3.5405948
1861	3.5405570
1862	3.5405473
1863	3.5405376
1864	3.5404727
1865	3.5403200
1866	3.5403414
1867	3.5403300
1868	3.5403750
1869	3.5404421
1870	3.5404841
1871	3.5405313
1872	3.5405054
1873	3.5405060
1874	3.5404727
1875	3.5404726
1876	3.5404750
1877	3.5405215
1878	3.5405817
1879	3.5405613
1880	3.5405429
1881	3.5405337
1882	3.5405427
1883	3.5405369
1884	3.5405501
1885	3.5407256
1886	3.5407215
1887	3.5405157
1888	3.5404465
1889	3.5403811
1890	3.5403925
1891	3.5405273
1892	3.5405054
1893	3.5405032
1894	3.5403717
1895	3.5403822
1896	3.5403873
1897	3.5403923
1898	3.5404596
1899	3.5404625
1900	3.5404691
1901	3.5404421
1902	3.5404374
1903	3.5404328
1904	3.5404334
1905	3.5404421
1906	3.5404778
1907	3.5403629
1908	3.5404116
1909	3.5405570
1910	3.5406981
1911	3.5406722
1912	3.5406732
1913	3.5406762
1914	3.5406762
1915	3.5406558
1916	3.5405657
1917	3.5405280
1918	3.5404421
1919	3.5404574
1920	3.5404508
1921	3.5404887
1922	3.5404444
1923	3.5404523
1924	3.5404727
1925	3.5404727
1926	3.5405583
1927	3.5404043
1928	3.5403898
1929	3.5403890
1930	3.5403198
1931	3.5403833
1932	3.5404052
1933	3.5403880
1934	3.5403987
1935	3.5405676
1936	3.5405833
1937	3.5405795
1938	3.5404443
1939	3.5404705
1940	3.5405032
1941	3.5405206
1942	3.5405032
1943	3.5403709
1944	3.5402827
1945	3.5402785
1946	3.5402852
1947	3.5403783
1948	3.5403800
1949	3.5404879
1950	3.5404554
1951	3.5404781
1952	3.5404609
1953	3.5404421
1954	3.5402701
1955	3.5402978
1956	3.5402946
1957	3.5402675
1958	3.5402920
1959	3.5403684
1960	3.5404222
1961	3.5404116
1962	3.5404617
1963	3.5404586
1964	3.5404610
1965	3.5404523
1966	3.5404541
1967	3.5406042
1968	3.5405032
1969	3.5402895
1970	3.5402704
1971	3.5402590
1972	3.5402590
1973	3.5403169
1974	3.5403539
1975	3.5405269
1976	3.5405346
1977	3.5405340
1978	3.5405334
1979	3.5405307
1980	3.5405280
1981	3.5403952
1982	3.5403994
1983	3.5404050
1984	3.5405451
1985	3.5404893
1986	3.5404523
1987	3.5404160
1988	3.5404184
1989	3.5404084
1990	3.5404116
1991	3.5404177
1992	3.5404065
1993	3.5403052
1994	3.5402092
1995	3.5402324
1996	3.5402590
1997	3.5402616
1998	3.5401952
1999	3.5401979
2000	3.5402488
2001	3.5402857
2002	3.5402982
2003	3.5403130
2004	3.5404317
2005	3.5404051
2006	3.5403963
2007	3.5402815
2008	3.5402844
2009	3.5404162
2010	3.5405479
2011	3.5404661
2012	3.5402590
2013	3.5402056
2014	3.5401952
2015	3.5402007
2016	3.5402483
2017	3.5402249
2018	3.5401674
2019	3.5401325
2020	3.5401391
2021	3.5401028
2022	3.5401768
2023	3.5401761
2024	3.5401369
2025	3.5401572
2026	3.5403006
2027	3.5401471
2028	3.5401936
2029	3.5402401
2030	3.5402691
2031	3.5403496
2032	3.5403505
2033	3.5403231
2034	3.5403267
2035	3.5403124
2036	3.5403009
2037	3.5403073
2038	3.5403200
2039	3.5403200
2040	3.5403200
2041	3.5403404
2042	3.5403527
2043	3.5403381
2044	3.5403826
2045	3.5403839
2046	3.5403670
2047	3.5403764
2048	3.5403732
2049	3.5403434
2050	3.5402691
2051	3.5402641
2052	3.5402287
2053	3.5402381
2054	3.5403505
2055	3.5404055
2056	3.5403478
2057	3.5404804
2058	3.5404678
2059	3.5404865
2060	3.5404465
2061	3.5404107
2062	3.5403749
2063	3.5403811
2064	3.5403950
2065	3.5403933
2066	3.5403506
2067	3.5403652
2068	3.5406200
2069	3.5406114
2070	3.5404727
2071	3.5404921
2072	3.5404849
2073	3.5404576
2074	3.5404587
2075	3.5404192
2076	3.5403963
2077	3.5404050
2078	3.5403268
2079	3.5403546
2080	3.5404604
2081	3.5403665
2082	3.5403444
2083	3.5403597
2084	3.5404924
2085	3.5404916
2086	3.5403417
2087	3.5402162
2088	3.5401931
2089	3.5402355
2090	3.5401412
2091	3.5401097
2092	3.5401216
2093	3.5402241
2094	3.5402407
2095	3.5402895
2096	3.5402895
2097	3.5402364
2098	3.5402166
2099	3.5402173
2100	3.5402895
2101	3.5403200
2102	3.5403188
2103	3.5403228
2104	3.5403680
2105	3.5403535
2106	3.5401939
2107	3.5402799
2108	3.5403017
2109	3.5403069
2110	3.5404140
2111	3.5402895
2112	3.5402942
2113	3.5403200
2114	3.5403429
2115	3.5403378
2116	3.5404824
2117	3.5404610
2118	3.5404647
2119	3.5405337
2120	3.5405250
2121	3.5405198
2122	3.5405134
2123	3.5405102
2124	3.5402885
2125	3.5402691
2126	3.5402742
2127	3.5402810
2128	3.5402878
2129	3.5404867
2130	3.5406558
2131	3.5406715
2132	3.5406871
2133	3.5406780
2134	3.5406395
2135	3.5406172
2136	3.5406209
2137	3.5406482
2138	3.5406445
2139	3.5406050
2140	3.5406340
2141	3.5406222
2142	3.5406202
2143	3.5406133
2144	3.5406072
2145	3.5406011
2146	3.5405086
2147	3.5405359
2148	3.5405591
2149	3.5406330
2150	3.5406192
2151	3.5406000
2152	3.5405808
2153	3.5405581
2154	3.5405431
2155	3.5406861
2156	3.5406324
2157	3.5406192
2158	3.5405337
2159	3.5404170
2160	3.5403084
2161	3.5403160
2162	3.5402971
2163	3.5401572
2164	3.5398744
2165	3.5395135
2166	3.5394806
2167	3.5388279
2168	3.5387327
2169	3.5376629
2170	3.5370233
2171	3.5357064
2172	3.5345864
2173	3.5336961
2174	3.5318341
2175	3.5304360
2176	3.5287993
2177	3.5275300
2178	3.5261870
2179	3.5252886
2180	3.5247792
2181	3.5247804
2182	3.5252649
2183	3.5264922
2184	3.5290639
2185	3.5328599
2186	3.5363518
2187	3.5426216
2188	3.5491875
2189	3.5568402
2190	3.5650453
2191	3.5735465
2192	3.5820477
2193	3.5927681
2194	3.6026399
2195	3.6122461
2196	3.6216301
2197	3.6311734
2198	3.6400354
2199	3.6488010
2200	3.6575666
2201	3.6648010
2202	3.6719896
2203	3.6786364
2204	3.6842492
2205	3.6893755
2206	3.6939533
2207	3.6983451
2208	3.7029267
2209	3.7047582
2210	3.7076940
2211	3.7099502
2212	3.7115042
2213	3.7131373
2214	3.7143553
2215	3.7153991
2216	3.7162783
2217	3.7166477
2218	3.7169302
2219	3.7169743
2220	3.7169818
2221	3.7163984
2222	3.7156862
2223	3.7145873
2224	3.7130444
2225	3.7115348
2226	3.7099475
2227	3.7077191
2228	3.7051245
2229	3.7017668
2230	3.6982869
2231	3.6946850
2232	3.6902893
2233	3.6855885
2234	3.6813150
2235	3.6765531
2236	3.6720049
2237	3.6674567
2238	3.6634579
2239	3.6592302
2240	3.6557122
2241	3.6526101
2242	3.6498772
2243	3.6482176
2244	3.6475031
2245	3.6471025
2246	3.6472536
2247	3.6480335
2248	3.6491722
2249	3.6514921
2250	3.6543309
2251	3.6570934
2252	3.6600609
2253	3.6636585
2254	3.6669057
2255	3.6700689
2256	3.6730690
2257	3.6758816
2258	3.6784457
2259	3.6808689
2260	3.6829540
2261	3.6846422
2262	3.6863516
2263	3.6876489
2264	3.6888547
2265	3.6894041
2266	3.6903088
2267	3.6903504
2268	3.6908693
2269	3.6909536
2270	3.6909580
2271	3.6908824
2272	3.6903301
2273	3.6898925
2274	3.6893900
2275	3.6888547
2276	3.6877354
2277	3.6867467
2278	3.6857717
2279	3.6842149
2280	3.6829197
2281	3.6816813
2282	3.6802568
2283	3.6777179
2284	3.6755779
2285	3.6736685
2286	3.6722186
2287	3.6698056
2288	3.6676932
2289	3.6664676
2290	3.6641704
2291	3.6626337
2292	3.6614098
2293	3.6604975
2294	3.6604359
2295	3.6603138
2296	3.6603413
2297	3.6614044
2298	3.6624676
2299	3.6643126
2300	3.6663011
2301	3.6693100
2302	3.6723188
2303	3.6756780
2304	3.6795058
2305	3.6828829
2306	3.6862601
2307	3.6902283
2308	3.6941864
2309	3.6974017
2310	3.7009121
2311	3.7042088
2312	3.7067118
2313	3.7092149
2314	3.7116569
2315	3.7138547
2316	3.7159594
2317	3.7172327
2318	3.7189111
2319	3.7201218
2320	3.7211868
2321	3.7218571
2322	3.7221880
2323	3.7224627
2324	3.7229206
2325	3.7232716
2326	3.7232502
2327	3.7232106
2328	3.7229267
2329	3.7225098
2330	3.7224017
2331	3.7214597
2332	3.7209364
2333	3.7195689
2334	3.7182741
2335	3.7170511
2336	3.7157574
2337	3.7131831
2338	3.7082380
2339	3.7013394
2340	3.6935250
2341	3.6898009
2342	3.6831465
2343	3.6782014
2344	3.6732564
2345	3.6671209
2346	3.6609853
2347	3.6562235
2348	3.6508816
2349	3.6455397
2350	3.6411441
2351	3.6363102
2352	3.6325611
2353	3.6291603
2354	3.6262479
2355	3.6242478
2356	3.6230316
2357	3.6225739
2358	3.6228291
2359	3.6240135
2360	3.6259671
2361	3.6282945
2362	3.6314372
2363	3.6352097
2364	3.6389823
2365	3.6430367
2366	3.6474933
2367	3.6514005
2368	3.6555824
2369	3.6597644
2370	3.6636716
2371	3.6673878
2372	3.6706490
2373	3.6731343
2374	3.6758968
2375	3.6780565
2376	3.6798702
2377	3.6823223
2378	3.6842607
2379	3.6855275
2380	3.6869269
2381	3.6873590
2382	3.6875574
2383	3.6883725
2384	3.6884344
2385	3.6884070
2386	3.6883968
2387	3.6881352
2388	3.6877601
2389	3.6872674
2390	3.6867179
2391	3.6863821
2392	3.6850768
2393	3.6844286
2394	3.6832686
2395	3.6830549
2396	3.6815592
2397	3.6802235
2398	3.6791647
2399	3.6781404
2400	3.6771026
2401	3.6756251
2402	3.6748742
2403	3.6733480
2404	3.6720659
2405	3.6708507
2406	3.6697543
2407	3.6683308
2408	3.6676398
2409	3.6668321
2410	3.6660442
2411	3.6656557
2412	3.6653635
2413	3.6653666
2414	3.6654725
2415	3.6665816
2416	3.6677924
2417	3.6695934
2418	3.6720812
2419	3.6744774
2420	3.6789341
2421	3.6839402
2422	3.6897094
2423	3.6957610
2424	3.7028046
2425	3.7107411
2426	3.7186166
2427	3.7297887
2428	3.7405946
2429	3.7511562
2430	3.7626947
2431	3.7762478
2432	3.7885799
2433	3.8014003
2434	3.8150755
2435	3.8282013
2436	3.8418765
2437	3.8550633
2438	3.8678228
2439	3.8797275
2440	3.8926091
2441	3.9026823
2442	3.9129387
2443	3.9223404
2444	3.9285675
2445	3.9347946
2446	3.9426003
2447	3.9524381
2448	3.9626334
2449	3.9695321
2450	3.9753929
2451	3.9803990
2452	3.9854050
2453	3.9875113
2454	3.9898820
2455	3.9919476
2456	3.9936773
2457	3.9947704
2458	3.9957225
2459	3.9960583
2460	3.9963112
2461	3.9964551
2462	3.9964500
2463	3.9964246
2464	3.9957007
2465	3.9949899
2466	3.9938299
2467	3.9921424
2468	3.9904010
2469	3.9880302
2470	3.9863208
2471	3.9832276
2472	3.9802544
2473	3.9773617
2474	3.9740574
2475	3.9705699
2476	3.9659912
2477	3.9608324
2478	3.9556737
2479	3.9502402
2480	3.9434026
2481	3.9375419
2482	3.9297108
2483	3.9216689
2484	3.9122672
2485	3.9021939
2486	3.8940132
2487	3.8855273
2488	3.8745383
2489	3.8635493
2490	3.8547581
2491	3.8435249
2492	3.8325359
2493	3.8226457
2494	3.8142208
2495	3.8049413
2496	3.7962722
2497	3.7892819
2498	3.7833753
2499	3.7779201
2500	3.7744893
2501	3.7717360
2502	3.7701166
2503	3.7698898
2504	3.7704175
2505	3.7721269
2506	3.7755940
2507	3.7794223
2508	3.7835737
2509	3.7902893
2510	3.7957838
2511	3.8026214
2512	3.8094284
2513	3.8162355
2514	3.8232440
2515	3.8300571
2516	3.8366078
2517	3.8423862
2518	3.8481647
2519	3.8546970
2520	3.8584211
2521	3.8628777
2522	3.8661134
2523	3.8697458
2524	3.8729967
2525	3.8755456
2526	3.8773313
2527	3.8787065
2528	3.8794528
2529	3.8797705
2530	3.8800844
2531	3.8800511
2532	3.8792280
2533	3.8784049
2534	3.8772245
2535	3.8760645
2536	3.8739387
2537	3.8728594
2538	3.8699454
2539	3.8673578
2540	3.8649076
2541	3.8618700
2542	3.8595810
2543	3.8564827
2544	3.8533692
2545	3.8500854
2546	3.8464388
2547	3.8429977
2548	3.8397453
2549	3.8362294
2550	3.8322917
2551	3.8279266
2552	3.8235768
2553	3.8192880
2554	3.8147005
2555	3.8100040
2556	3.8055518
2557	3.8004236
2558	3.7943491
2559	3.7885951
2560	3.7828411
2561	3.7768583
2562	3.7707838
2563	3.7650603
2564	3.7593369
2565	3.7525603
2566	3.7459670
2567	3.7393125
2568	3.7340012
2569	3.7265530
2570	3.7227069
2571	3.7171513
2572	3.7127558
2573	3.7084212
2574	3.7046361
2575	3.7015531
2576	3.6992179
2577	3.6976088
2578	3.6962373
2579	3.6955905
2580	3.6955854
2581	3.6956109
2582	3.6963486
2583	3.6974119
2584	3.6991620
2585	3.7009121
2586	3.7031796
2587	3.7050177
2588	3.7070018
2589	3.7091284
2590	3.7115815
2591	3.7137060
2592	3.7157472
2593	3.7175075
2594	3.7189218
2595	3.7205585
2596	3.7219276
2597	3.7232030
2598	3.7244046
2599	3.7254007
2600	3.7256984
2601	3.7266664
2602	3.7272682
2603	3.7275604
2604	3.7282695
2605	3.7282350
2606	3.7282591
2607	3.7284238
2608	3.7284238
2609	3.7284238
2610	3.7281505
2611	3.7281302
2612	3.7276922
2613	3.7273060
2614	3.7265836
2615	3.7264310
2616	3.7261868
2617	3.7253549
2618	3.7250268
2619	3.7238424
2620	3.7231098
2621	3.7222255
2622	3.7213638
2623	3.7202823
2624	3.7189523
2625	3.7171830
2626	3.7158235
2627	3.7142210
2628	3.7118691
2629	3.7095811
2630	3.7068856
2631	3.7041843
2632	3.7010423
2633	3.6972491
2634	3.6932198
2635	3.6889899
2636	3.6846117
2637	3.6797888
2638	3.6750472
2639	3.6696700
2640	3.6644194
2641	3.6593167
2642	3.6545344
2643	3.6497522
2644	3.6441356
2645	3.6404726
2646	3.6364738
2647	3.6333450
2648	3.6303764
2649	3.6281099
2650	3.6265866
2651	3.6260250
2652	3.6259854
2653	3.6260878
2654	3.6279573
2655	3.6297033
2656	3.6325116
2657	3.6351917
2658	3.6387021
2659	3.6422396
2660	3.6460281
2661	3.6499109
2662	3.6539032
2663	3.6576274
2664	3.6608388
2665	3.6637631
2666	3.6669225
2667	3.6696850
2668	3.6730427
2669	3.6764463
2670	3.6794530
2671	3.6822155
2672	3.6846015
2673	3.6864127
2674	3.6880000
2675	3.6891599
2676	3.6900452
2677	3.6908341
2678	3.6912530
2679	3.6914615
2680	3.6916874
2681	3.6916300
2682	3.6915753
2683	3.6915206
2684	3.6911789
2685	3.6907472
2686	3.6896565
2687	3.6890902
2688	3.6883357
2689	3.6873851
2690	3.6862949
2691	3.6855763
2692	3.6842006
2693	3.6830651
2694	3.6819255
2695	3.6804908
2696	3.6791561
2697	3.6782014
2698	3.6764157
2699	3.6748055
2700	3.6730928
2701	3.6715958
2702	3.6695781
2703	3.6677619
2704	3.6658795
2705	3.6642821
2706	3.6617179
2707	3.6594947
2708	3.6575360
2709	3.6549312
2710	3.6530489
2711	3.6504237
2712	3.6479207
2713	3.6455397
2714	3.6437802
2715	3.6427925
2716	3.6413999
2717	3.6402560
2718	3.6399032
2719	3.6399234
2720	3.6399577
2721	3.6412051
2722	3.6434117
2723	3.6457763
2724	3.6489138
2725	3.6527307
2726	3.6563150
2727	3.6604228
2728	3.6639890
2729	3.6688059
2730	3.6736227
2731	3.6785678
2732	3.6834823
2733	3.6877252
2734	3.6918767
2735	3.6959060
2736	3.6998691
2737	3.7033210
2738	3.7065732
2739	3.7094739
2740	3.7119961
2741	3.7141396
2742	3.7160525
2743	3.7178840
2744	3.7191538
2745	3.7205196
2746	3.7215533
2747	3.7221676
2748	3.7227374
2749	3.7234729
2750	3.7238389
2751	3.7241042
2752	3.7241001
2753	3.7240424
2754	3.7239355
2755	3.7239323
2756	3.7235921
2757	3.7232920
2758	3.7226280
2759	3.7221464
2760	3.7217606
2761	3.7209075
2762	3.7204481
2763	3.7189523
2764	3.7180366
2765	3.7162225
2766	3.7153198
2767	3.7132136
2768	3.7112264
2769	3.7091569
2770	3.7068034
2771	3.7033541
2772	3.7001550
2773	3.6965126
2774	3.6927466
2775	3.6887097
2776	3.6837570
2777	3.6786288
2778	3.6735006
2779	3.6683724
2780	3.6630634
2781	3.6579340
2782	3.6529273
2783	3.6481649
2784	3.6436442
2785	3.6396774
2786	3.6366257
2787	3.6341814
2788	3.6323331
2789	3.6313899
2790	3.6311427
2791	3.6312041
2792	3.6318340
2793	3.6341367
2794	3.6364356
2795	3.6397580
2796	3.6430855
2797	3.6462418
2798	3.6503169
2799	3.6541111
2800	3.6581587
2801	3.6618278
2802	3.6652283
2803	3.6685678
2804	3.6719438
2805	3.6747369
2806	3.6774129
2807	3.6799109
2808	3.6819011
2809	3.6833296
2810	3.6851883
2811	3.6863322
2812	3.6873667
2813	3.6879084
2814	3.6885352
2815	3.6888547
2816	3.6890351
2817	3.6890010
2818	3.6887345
2819	3.6884890
2820	3.6883459
2821	3.6874435
2822	3.6867027
2823	3.6863516
2824	3.6854766
2825	3.6842454
2826	3.6835616
2827	3.6823267
2828	3.6811929
2829	3.6804603
2830	3.6789777
2831	3.6777334
2832	3.6764490
2833	3.6752382
2834	3.6741264
2835	3.6726040
2836	3.6711545
2837	3.6701734
2838	3.6684843
2839	3.6674067
2840	3.6659381
2841	3.6641641
2842	3.6626583
2843	3.6617993
2844	3.6600677
2845	3.6590623
2846	3.6570570
2847	3.6554775
2848	3.6539932
2849	3.6529878
2850	3.6518991
2851	3.6501771
2852	3.6486227
2853	3.6471499
2854	3.6458678
2855	3.6444042
2856	3.6430367
2857	3.6416630
2858	3.6406328
2859	3.6395568
2860	3.6380916
2861	3.6364142
2862	3.6350498
2863	3.6340318
2864	3.6325483
2865	3.6315898
2866	3.6302848
2867	3.6287408
2868	3.6273450
2869	3.6264363
2870	3.6255275
2871	3.6240850
2872	3.6230733
2873	3.6216081
2874	3.6209671
2875	3.6193478
2876	3.6184335
2877	3.6173041
2878	3.6163883
2879	3.6149871
2880	3.6136371
2881	3.6127211
2882	3.6122064
2883	3.6106254
2884	3.6097568
2885	3.6086410
2886	3.6075253
2887	3.6066814
2888	3.6052976
2889	3.6048804
2890	3.6033978
2891	3.6026826
2892	3.6014819
2893	3.6003322
2894	3.5993249
2895	3.5985617
2896	3.5973611
2897	3.5964962
2898	3.5956149
2899	3.5946082
2900	3.5941356
2901	3.5930367
2902	3.5923652
2903	3.5914189
2904	3.5906863
2905	3.5898774
2906	3.5890288
2907	3.5884213
2908	3.5874942
2909	3.5867209
2910	3.5865349
2911	3.5855479
2912	3.5850697
2913	3.5839795
2914	3.5838792
2915	3.5829111
2916	3.5823041
2917	3.5819867
2918	3.5812006
2919	3.5806680
2920	3.5801197
2921	3.5798194
2922	3.5793659
2923	3.5789850
2924	3.5783531
2925	3.5778639
2926	3.5775370
2927	3.5773376
2928	3.5773265
2929	3.5772553
2930	3.5766012
2931	3.5762988
2932	3.5758511
2933	3.5757407
2934	3.5756710
2935	3.5755079
2936	3.5752813
2937	3.5750982
2938	3.5748221
2939	3.5747217
2940	3.5744135
2941	3.5744681
2942	3.5745057
2943	3.5744290
2944	3.5742893
2945	3.5742665
2946	3.5742595
2947	3.5741461
2948	3.5741722
2949	3.5740065
2950	3.5740318
2951	3.5740257
2952	3.5740371
2953	3.5740349
2954	3.5740257
2955	3.5740253
2956	3.5740273
2957	3.5741248
2958	3.5741202
2959	3.5741112
2960	3.5741582
2961	3.5741635
2962	3.5741679
2963	3.5742517
2964	3.5742943
2965	3.5743452
2966	3.5744063
2967	3.5744105
2968	3.5744094
2969	3.5744186
2970	3.5745015
2971	3.5745019
2972	3.5745342
2973	3.5745589
2974	3.5745569
2975	3.5745721
2976	3.5746301
2977	3.5746974
2978	3.5747647
2979	3.5748174
2980	3.5747522
2981	3.5747319
2982	3.5747583
2983	3.5747410
2984	3.5746454
2985	3.5746301
2986	3.5744121
2987	3.5743859
2988	3.5743598
2989	3.5743249
2990	3.5742871
2991	3.5742493
2992	3.5739331
2993	3.5738542
2994	3.5737752
2995	3.5736096
2996	3.5735984
2997	3.5735439
2998	3.5731197
2999	3.5730734
3000	3.5729356
3001	3.5727978
3002	3.5725993
3003	3.5725112
3004	3.5724232
3005	3.5724018
3006	3.5718393
3007	3.5717379
3008	3.5715471
3009	3.5715253
3010	3.5712724
3011	3.5709497
3012	3.5708552
3013	3.5708145
3014	3.5701796
3015	3.5699216
3016	3.5697156
3017	3.5693028
3018	3.5691865
3019	3.5688754
3020	3.5687999
3021	3.5685644
3022	3.5679324
3023	3.5677838
3024	3.5677437
3025	3.5674838
3026	3.5673652
3027	3.5670396
3028	3.5666853
3029	3.5664946
3030	3.5662968
3031	3.5657096
3032	3.5653404
3033	3.5651063
3034	3.5651063
3035	3.5648011
3036	3.5643127
3037	3.5639929
3038	3.5639235
3039	3.5632879
3040	3.5628518
3041	3.5625548
3042	3.5623952
3043	3.5622357
3044	3.5616871
3045	3.5616003
3046	3.5613212
3047	3.5607046
3048	3.5604055
3049	3.5601715
3050	3.5596908
3051	3.5596675
3052	3.5593294
3053	3.5592455
3054	3.5585740
3055	3.5581612
3056	3.5579558
3057	3.5576150
3058	3.5575911
3059	3.5570477
3060	3.5566940
3061	3.5562612
3062	3.5559794
3063	3.5558318
3064	3.5554604
3065	3.5549662
3066	3.5547584
3067	3.5541478
3068	3.5540984
3069	3.5536497
3070	3.5534874
3071	3.5530204
3072	3.5529574
3073	3.5522282
3074	3.5518279
3075	3.5518279
3076	3.5511855
3077	3.5509946
3078	3.5508037
3079	3.5501958
3080	3.5498438
3081	3.5494958
3082	3.5492246
3083	3.5489586
3084	3.5486533
3085	3.5482565
3086	3.5478088
3087	3.5473611
3088	3.5470203
3089	3.5466658
3090	3.5465064
3091	3.5463436
3092	3.5457903
3093	3.5453160
3094	3.5451430
3095	3.5451125
3096	3.5444961
3097	3.5439245
3098	3.5437490
3099	3.5432126
3100	3.5431970
3101	3.5426396
3102	3.5425891
3103	3.5419379
3104	3.5417954
3105	3.5413273
3106	3.5411442
3107	3.5406863
3108	3.5402436
3109	3.5399639
3110	3.5392885
3111	3.5389769
3112	3.5386106
3113	3.5383490
3114	3.5379798
3115	3.5375960
3116	3.5373744
3117	3.5367893
3118	3.5363232
3119	3.5361025
3120	3.5359321
3121	3.5354211
3122	3.5352895
3123	3.5351552
3124	3.5345400
3125	3.5340319
3126	3.5336171
3127	3.5333501
3128	3.5330304
3129	3.5328210
3130	3.5326277
3131	3.5319794
3132	3.5316306
3133	3.5311325
3134	3.5310404
3135	3.5306247
3136	3.5304605
3137	3.5300087
3138	3.5298389
3139	3.5296691
3140	3.5292903
3141	3.5286372
3142	3.5283294
3143	3.5281406
3144	3.5276783
3145	3.5275300
3146	3.5272470
3147	3.5266876
3148	3.5262568
3149	3.5260526
3150	3.5259428
3151	3.5254238
3152	3.5253567
3153	3.5249888
3154	3.5248896
3155	3.5240938
3156	3.5238671
3157	3.5235996
3158	3.5234168
3159	3.5232260
3160	3.5231955
3161	3.5223495
3162	3.5220210
3163	3.5218310
3164	3.5215472
3165	3.5212768
3166	3.5210064
3167	3.5207433
3168	3.5206009
3169	3.5201212
3170	3.5200820
3171	3.5193377
3172	3.5192680
3173	3.5190042
3174	3.5188976
3175	3.5184022
3176	3.5180386
3177	3.5180063
3178	3.5177926
3179	3.5173739
3180	3.5173042
3181	3.5169408
3182	3.5166876
3183	3.5166326
3184	3.5165522
3185	3.5162724
3186	3.5158933
3187	3.5155948
3188	3.5150209
3189	3.5148046
3190	3.5146837
3191	3.5145523
3192	3.5143781
3193	3.5142212
3194	3.5141219
3195	3.5133688
3196	3.5131696
3197	3.5130689
3198	3.5129910
3199	3.5128780
3200	3.5125789
3201	3.5125728
3202	3.5122754
3203	3.5121311
3204	3.5118616
3205	3.5115921
3206	3.5115307
3207	3.5115146
3208	3.5110604
3209	3.5109855
3210	3.5106599
3211	3.5103818
3212	3.5103699
3213	3.5102936
3214	3.5100368
3215	3.5100291
3216	3.5098149
3217	3.5098133
3218	3.5094287
3219	3.5091540
3220	3.5090174
3221	3.5089480
3222	3.5087306
3223	3.5087609
3224	3.5085639
3225	3.5084926
3226	3.5079752
3227	3.5078872
3228	3.5078567
3229	3.5078414
3230	3.5077455
3231	3.5073908
3232	3.5073734
3233	3.5073174
3234	3.5072278
3235	3.5071381
3236	3.5068494
3237	3.5067869
3238	3.5067244
3239	3.5066387
3240	3.5065289
3241	3.5062469
3242	3.5062092
3243	3.5061345
3244	3.5061338
3245	3.5059471
3246	3.5058878
3247	3.5057832
3248	3.5057744
3249	3.5057715
3250	3.5057686
3251	3.5054527
3252	3.5054401
3253	3.5054096
3254	3.5053258
3255	3.5052206
3256	3.5052288
3257	3.5051247
3258	3.5049212
3259	3.5048761
3260	3.5048697
3261	3.5048101
3262	3.5048020
3263	3.5045956
3264	3.5045622
3265	3.5045600
3266	3.5044867
3267	3.5045006
3268	3.5044849
3269	3.5043342
3270	3.5042664
3271	3.5042802
3272	3.5042700
3273	3.5042262
3274	3.5042028
3275	3.5042341
3276	3.5042551
3277	3.5041821
3278	3.5042057
3279	3.5043616
3280	3.5042883
3281	3.5042005
3282	3.5042273
3283	3.5042013
3284	3.5041377
3285	3.5041479
3286	3.5042822
3287	3.5042013
3288	3.5041377
3289	3.5041723
3290	3.5041938
3291	3.5042043
3292	3.5042161
3293	3.5043364
3294	3.5042678
3295	3.5042765
3296	3.5042569
3297	3.5042571
3298	3.5043311
3299	3.5043921
3300	3.5044531
3301	3.5046755
3302	3.5049139
3303	3.5049314
3304	3.5049380
3305	3.5051177
3306	3.5051196
3307	3.5052904
3308	3.5053108
3309	3.5053311
3310	3.5054223
3311	3.5054757
3312	3.5054834
3313	3.5055068
3314	3.5056436
3315	3.5056436
3316	3.5058550
3317	3.5058878
3318	3.5064780
3319	3.5064868
3320	3.5064957
3321	3.5068646
3322	3.5069194
3323	3.5069742
3324	3.5070681
3325	3.5073817
3326	3.5076953
3327	3.5077804
3328	3.5083359
3329	3.5083987
3330	3.5084615
3331	3.5085028
3332	3.5088596
3333	3.5089653
3334	3.5092336
3335	3.5094287
3336	3.5096776
3337	3.5098790
3338	3.5102242
3339	3.5105694
3340	3.5110050
3341	3.5110504
3342	3.5111112
3343	3.5113747
3344	3.5116265
3345	3.5116927
3346	3.5121971
3347	3.5122790
3348	3.5123608
3349	3.5124812
3350	3.5130113
3351	3.5131324
3352	3.5135152
3353	3.5136753
3354	3.5138671
3355	3.5139159
3356	3.5143898
3357	3.5144079
3358	3.5144450
3359	3.5151318
3360	3.5151979
3361	3.5154974
3362	3.5157932
3363	3.5159611
3364	3.5162896
3365	3.5163687
3366	3.5166188
3367	3.5168234
3368	3.5168463
3369	3.5170556
3370	3.5172126
3371	3.5176552
3372	3.5179859
3373	3.5180338
3374	3.5180673
3375	3.5184336
3376	3.5186066
3377	3.5187592
3378	3.5189322
3379	3.5192069
3380	3.5192730
3381	3.5194104
3382	3.5194715
3383	3.5196699
3384	3.5198690
3385	3.5200107
3386	3.5200863
3387	3.5202549
3388	3.5205049
3389	3.5205703
3390	3.5207840
3391	3.5209977
3392	3.5211198
3393	3.5211372
3394	3.5211547
3395	3.5213814
3396	3.5216956
3397	3.5216845
3398	3.5216867
3399	3.5218001
3400	3.5219135
3401	3.5219363
3402	3.5221723
3403	3.5222579
3404	3.5226330
3405	3.5226065
3406	3.5226186
3407	3.5226496
3408	3.5227199
3409	3.5227902
3410	3.5228902
3411	3.5229497
3412	3.5229585
3413	3.5232473
3414	3.5233176
3415	3.5233190
3416	3.5234372
3417	3.5236534
3418	3.5238104
3419	3.5238419
3420	3.5238734
3421	3.5239408
3422	3.5239586
3423	3.5239781
3424	3.5239990
3425	3.5240107
3426	3.5241113
3427	3.5243648
3428	3.5243483
3429	3.5243182
3430	3.5244255
3431	3.5244886
3432	3.5246313
3433	3.5246738
3434	3.5247218
3435	3.5247879
3436	3.5246935
3437	3.5248697
3438	3.5248732
3439	3.5249489
3440	3.5250342
3441	3.5250728
3442	3.5251947
3443	3.5252305
3444	3.5252132
3445	3.5252254
3446	3.5254216
3447	3.5254215
3448	3.5255235
3449	3.5255944
3450	3.5256169
3451	3.5255952
3452	3.5257036
3453	3.5257596
3454	3.5257541
3455	3.5257620
3456	3.5257596
3457	3.5257218
3458	3.5258653
3459	3.5259631
3460	3.5260028
3461	3.5260146
3462	3.5261004
3463	3.5261863
3464	3.5261873
3465	3.5261893
3466	3.5261866
3467	3.5261370
3468	3.5261870
3469	3.5263701
3470	3.5263854
3471	3.5263897
3472	3.5263941
3473	3.5264190
3474	3.5264724
3475	3.5265295
3476	3.5265516
3477	3.5265737
3478	3.5266876
3479	3.5267975
3480	3.5268294
3481	3.5268466
3482	3.5268260
3483	3.5268348
3484	3.5268540
3485	3.5269259
3486	3.5269562
3487	3.5269959
3488	3.5271638
3489	3.5271546
3490	3.5271356
3491	3.5272370
3492	3.5272248
3493	3.5272757
3494	3.5272859
3495	3.5275229
3496	3.5275316
3497	3.5275277
3498	3.5275339
3499	3.5274598
3500	3.5274619
3501	3.5274760
3502	3.5274690
3503	3.5274910
3504	3.5275072
3505	3.5275110
3506	3.5275573
3507	3.5277699
3508	3.5276888
3509	3.5277076
3510	3.5277024
3511	3.5277132
3512	3.5277965
3513	3.5277907
3514	3.5277865
3515	3.5277649
3516	3.5278113
3517	3.5278658
3518	3.5278887
3519	3.5279179
3520	3.5279266
3521	3.5279412
3522	3.5279447
3523	3.5279151
3524	3.5279192
3525	3.5279854
3526	3.5279879
3527	3.5280871
3528	3.5281381
3529	3.5281449
3530	3.5281406
3531	3.5280795
3532	3.5280795
3533	3.5280795
3534	3.5281482
3535	3.5282326
3536	3.5282771
3537	3.5281330
3538	3.5281482
3539	3.5281772
3540	3.5282398
3541	3.5283306
3542	3.5283192
3543	3.5282870
3544	3.5282779
3545	3.5282581
3546	3.5282749
3547	3.5284344
3548	3.5284563
3549	3.5283275
3550	3.5283293
3551	3.5285284
3552	3.5285860
3553	3.5286167
3554	3.5285795
3555	3.5286028
3556	3.5286137
3557	3.5285679
3558	3.5286092
3559	3.5285862
3560	3.5285453
3561	3.5285679
3562	3.5286705
3563	3.5286518
3564	3.5287027
3565	3.5286573
3566	3.5285483
3567	3.5285119
3568	3.5285022
3569	3.5284740
3570	3.5285069
3571	3.5284625
3572	3.5285578
3573	3.5286813
3574	3.5287060
3575	3.5286231
3576	3.5285505
3577	3.5285632
3578	3.5286257
3579	3.5286496
3580	3.5286425
3581	3.5284910
3582	3.5285069
3583	3.5285340
3584	3.5285611
3585	3.5285755
3586	3.5286832
3587	3.5287115
3588	3.5287397
3589	3.5287309
3590	3.5287434
3591	3.5287733
3592	3.5288121
3593	3.5287794
3594	3.5287989
3595	3.5288208
3596	3.5288012
3597	3.5287608
3598	3.5287852
3599	3.5287759
3600	3.5287786
3601	3.5288513
3602	3.5289983
3603	3.5290441
3604	3.5290773
3605	3.5290988
3606	3.5292191
3607	3.5292191
3608	3.5289332
3609	3.5289577
3610	3.5290029
3611	3.5290647
3612	3.5290727
3613	3.5291494
3614	3.5291828
3615	3.5292089
3616	3.5292176
3617	3.5292293
3618	3.5292251
3619	3.5292354
3620	3.5292191
3621	3.5292370
3622	3.5292700
3623	3.5292883
3624	3.5293520
3625	3.5293161
3626	3.5293493
3627	3.5293643
3628	3.5293463
3629	3.5293371
3630	3.5292831
3631	3.5292191
3632	3.5293616
3633	3.5293751
3634	3.5293751
3635	3.5295331
3636	3.5295586
3637	3.5294836
3638	3.5292989
3639	3.5293066
3640	3.5293310
3641	3.5293952
3642	3.5294053
3643	3.5294124
3644	3.5294562
3645	3.5294304
3646	3.5294559
3647	3.5295142
3648	3.5294455
3649	3.5294240
3650	3.5294989
3651	3.5295294
3652	3.5295251
3653	3.5295224
3654	3.5295523
3655	3.5295595
3656	3.5295863
3657	3.5295877
3658	3.5296103
3659	3.5296007
3660	3.5295752
3661	3.5295705
3662	3.5295658
3663	3.5297366
3664	3.5297996
3665	3.5294343
3666	3.5294112
3667	3.5292700
3668	3.5292242
3669	3.5290868
3670	3.5285606
3671	3.5284580
3672	3.5276304
3673	3.5269162
3674	3.5261022
3675	3.5252956
3676	3.5237754
3677	3.5226554
3678	3.5213750
3679	3.5202498
3680	3.5198988
3681	3.5188304
3682	3.5183573
3683	3.5183017
3684	3.5183649
3685	3.5193799
3686	3.5220356
3687	3.5248532
3688	3.5291784
3689	3.5348561
3690	3.5402284
3691	3.5477987
3692	3.5559183
3693	3.5645874
3694	3.5733786
3695	3.5833603
3696	3.5933420
3697	3.6028658
3698	3.6123896
3699	3.6236228
3700	3.6321698
3701	3.6409610
3702	3.6485312
3703	3.6575666
3704	3.6639768
3705	3.6718523
3706	3.6774689
3707	3.6828107
3708	3.6876795
3709	3.6923727
3710	3.6963371
3711	3.6995079
3712	3.7027420
3713	3.7054420
3714	3.7077725
3715	3.7095449
3716	3.7109090
3717	3.7125039
3718	3.7135647
3719	3.7143810
3720	3.7151974
3721	3.7158332
3722	3.7163414
3723	3.7165531
3724	3.7165510
3725	3.7165256
3726	3.7163333
3727	3.7156007
3728	3.7150451
3729	3.7136034
3730	3.7120842
3731	3.7097033
3732	3.7073223
3733	3.7049414
3734	3.7014004
3735	3.6978596
3736	3.6937692
3737	3.6891904
3738	3.6840685
3739	3.6793951
3740	3.6747216
3741	3.6674567
3742	3.6636716
3743	3.6592149
3744	3.6547582
3745	3.6496911
3746	3.6466699
3747	3.6443038
3748	3.6426704
3749	3.6418751
3750	3.6418671
3751	3.6420272
3752	3.6437998
3753	3.6458602
3754	3.6493553
3755	3.6530489
3756	3.6570629
3757	3.6613745
3758	3.6656862
3759	3.6701123
3760	3.6745036
3761	3.6790082
3762	3.6830615
3763	3.6870690
3764	3.6905030
3765	3.6941202
3766	3.6973330
3767	3.6997025
3768	3.7020718
3769	3.7041635
3770	3.7059574
3771	3.7077659
3772	3.7093145
3773	3.7098254
3774	3.7110557
3775	3.7119433
3776	3.7126645
3777	3.7129389
3778	3.7138895
3779	3.7139157
3780	3.7139768
3781	3.7145215
3782	3.7146968
3783	3.7147055
3784	3.7148991
3785	3.7149078
3786	3.7148866
3787	3.7147704
3788	3.7147017
3789	3.7146640
3790	3.7146139
3791	3.7142647
3792	3.7140101
3793	3.7137631
3794	3.7132982
3795	3.7131709
3796	3.7127252
3797	3.7121319
3798	3.7120384
3799	3.7118095
3800	3.7108869
3801	3.7102857
3802	3.7101764
3803	3.7094320
3804	3.7090622
3805	3.7083846
3806	3.7078718
3807	3.7073070
3808	3.7064371
3809	3.7055858
3810	3.7049352
3811	3.7041757
3812	3.7034012
3813	3.7025933
3814	3.7017893
3815	3.7010586
3816	3.7001306
3817	3.6994149
3818	3.6986992
3819	3.6974413
3820	3.6971270
3821	3.6962723
3822	3.6948071
3823	3.6937020
3824	3.6932961
3825	3.6920367
3826	3.6910438
3827	3.6900888
3828	3.6890159
3829	3.6885189
3830	3.6871453
3831	3.6858785
3832	3.6849009
3833	3.6841844
3834	3.6830244
3835	3.6818339
3836	3.6806549
3837	3.6795620
3838	3.6787270
3839	3.6781099
3840	3.6765961
3841	3.6754804
3842	3.6750269
3843	3.6733237
3844	3.6721111
3845	3.6715287
3846	3.6704101
3847	3.6691355
3848	3.6679192
3849	3.6673956
3850	3.6659769
3851	3.6648533
3852	3.6639615
3853	3.6628626
3854	3.6614127
3855	3.6602222
3856	3.6587876
3857	3.6578107
3858	3.6567776
3859	3.6554755
3860	3.6543431
3861	3.6530336
3862	3.6519194
3863	3.6504390
3864	3.6494622
3865	3.6483633
3866	3.6468828
3867	3.6453706
3868	3.6443187
3869	3.6430541
3870	3.6415522
3871	3.6403688
3872	3.6391905
3873	3.6378932
3874	3.6366417
3875	3.6350883
3876	3.6337876
3877	3.6320268
3878	3.6309487
3879	3.6294469
3880	3.6283846
3881	3.6269500
3882	3.6255153
3883	3.6240196
3884	3.6223254
3885	3.6209456
3886	3.6197156
3887	3.6187387
3888	3.6167413
3889	3.6152650
3890	3.6135379
3891	3.6122557
3892	3.6109736
3893	3.6094349
3894	3.6081893
3895	3.6068340
3896	3.6050870
3897	3.6034616
3898	3.6024262
3899	3.6010648
3900	3.5994196
3901	3.5987144
3902	3.5966997
3903	3.5955092
3904	3.5939708
3905	3.5924151
3906	3.5910137
3907	3.5896185
3908	3.5881990
3909	3.5865871
3910	3.5853754
3911	3.5845965
3912	3.5828719
3913	3.5814372
3914	3.5803383
3915	3.5787408
3916	3.5774995
3917	3.5764049
3918	3.5748787
3919	3.5734356
3920	3.5726460
3921	3.5711198
3922	3.5695935
3923	3.5680673
3924	3.5669887
3925	3.5655795
3926	3.5642262
3927	3.5635648
3928	3.5621740
3929	3.5607831
3930	3.5597034
3931	3.5583298
3932	3.5569413
3933	3.5559946
3934	3.5545787
3935	3.5535984
3936	3.5521128
3937	3.5506960
3938	3.5494854
3939	3.5485487
3940	3.5474934
3941	3.5461315
3942	3.5448606
3943	3.5438304
3944	3.5427620
3945	3.5415885
3946	3.5404282
3947	3.5392436
3948	3.5384580
3949	3.5372108
3950	3.5359916
3951	3.5351918
3952	3.5341235
3953	3.5332840
3954	3.5321885
3955	3.5311625
3956	3.5299212
3957	3.5289255
3958	3.5278285
3959	3.5270942
3960	3.5267059
3961	3.5254781
3962	3.5244114
3963	3.5237144
3964	3.5223447
3965	3.5213640
3966	3.5206925
3967	3.5200819
3968	3.5189525
3969	3.5180931
3970	3.5172337
3971	3.5161614
3972	3.5154644
3973	3.5148469
3974	3.5137660
3975	3.5134885
3976	3.5123164
3977	3.5115011
3978	3.5106859
3979	3.5102031
3980	3.5099171
3981	3.5087979
3982	3.5082993
3983	3.5079941
3984	3.5067264
3985	3.5059372
3986	3.5055368
3987	3.5050593
3988	3.5045142
3989	3.5036740
3990	3.5030108
3991	3.5027499
3992	3.5022472
3993	3.5017446
3994	3.5010913
3995	3.5006925
3996	3.5001220
3997	3.4998317
3998	3.4995539
3999	3.4994471
4000	3.4986458
4001	3.4981625
4002	3.4980734
4003	3.4977987
4004	3.4974568
4005	3.4969709
4006	3.4965807
4007	3.4962877
4008	3.4962053
4009	3.4957116
4010	3.4955399
4011	3.4952111
4012	3.4951736
4013	3.4950209
4014	3.4949904
4015	3.4945190
4016	3.4940932
4017	3.4940870
4018	3.4940882
4019	3.4939512
4020	3.4938427
4021	3.4935293
4022	3.4935322
4023	3.4935252
4024	3.4934099
4025	3.4933963
4026	3.4934209
4027	3.4934672
4028	3.4934323
4029	3.4934374
4030	3.4934219
4031	3.4934194
4032	3.4934782
4033	3.4937084
4034	3.4937541
4035	3.4938610
4036	3.4941900
4037	3.4942989
4038	3.4943454
4039	3.4943962
4040	3.4948896
4041	3.4951312
4042	3.4953323
4043	3.4955896
4044	3.4958349
4045	3.4959519
4046	3.4961351
4047	3.4964534
4048	3.4966998
4049	3.4970661
4050	3.4974629
4051	3.4986149
4052	3.4990197
4053	3.4995645
4054	3.4998057
4055	3.5002906
4056	3.5009492
4057	3.5015380
4058	3.5021282
4059	3.5026827
4060	3.5032234
4061	3.5039037
4062	3.5040014
4063	3.5047333
4064	3.5054652
4065	3.5060404
4066	3.5065899
4067	3.5071317
4068	3.5078805
4069	3.5082688
4070	3.5088182
4071	3.5092456
4072	3.5100160
4073	3.5105276
4074	3.5110588
4075	3.5112908
4076	3.5118543
4077	3.5122075
4078	3.5124507
4079	3.5128713
4080	3.5132918
4081	3.5136717
4082	3.5140075
4083	3.5142334
4084	3.5144043
4085	3.5151420
4086	3.5154995
4087	3.5157125
4088	3.5157866
4089	3.5160386
4090	3.5162358
4091	3.5164411
4092	3.5169461
4093	3.5169858
4094	3.5169928
4095	3.5177184
4096	3.5178915
4097	3.5180548
4098	3.5180673
4099	3.5185841
4100	3.5187633
4101	3.5187694
4102	3.5191870
4103	3.5192425
4104	3.5194460
4105	3.5195325
4106	3.5197579
4107	3.5200514
4108	3.5202502
4109	3.5202138
4110	3.5202583
4111	3.5203355
4112	3.5205704
4113	3.5206079
4114	3.5206455
4115	3.5209923
4116	3.5211808
4117	3.5211783
4118	3.5210723
4119	3.5210954
4120	3.5211808
4121	3.5213937
4122	3.5214553
4123	3.5215079
4124	3.5215578
4125	3.5216077
4126	3.5220025
4127	3.5219911
4128	3.5220161
4129	3.5221762
4130	3.5221805
4131	3.5222645
4132	3.5224247
4133	3.5224344
4134	3.5224080
4135	3.5224181
4136	3.5224934
4137	3.5225697
4138	3.5226472
4139	3.5226809
4140	3.5227926
4141	3.5230179
4142	3.5230346
4143	3.5230512
4144	3.5230840
4145	3.5231178
4146	3.5232134
4147	3.5233091
4148	3.5233060
4149	3.5232832
4150	3.5233227
4151	3.5233308
4152	3.5233480
4153	3.5233287
4154	3.5233276
4155	3.5233264
4156	3.5233143
4157	3.5233021
4158	3.5231622
4159	3.5230531
4160	3.5228984
4161	3.5229374
4162	3.5229498
4163	3.5228775
4164	3.5228902
4165	3.5229164
4166	3.5228254
4167	3.5228154
4168	3.5228574
4169	3.5227910
4170	3.5228122
4171	3.5228799
4172	3.5227755
4173	3.5227604
4174	3.5227676
4175	3.5227529
4176	3.5227376
4177	3.5227705
4178	3.5228225
4179	3.5228259
4180	3.5228794
4181	3.5228785
4182	3.5228719
4183	3.5226268
4184	3.5226273
4185	3.5228026
4186	3.5228292
4187	3.5228414
4188	3.5230180
4189	3.5230124
4190	3.5229452
4191	3.5228728
4192	3.5228550
4193	3.5229182
4194	3.5229127
4195	3.5228866
4196	3.5229055
4197	3.5229949
4198	3.5230409
4199	3.5231247
4200	3.5231737
4201	3.5231251
4202	3.5231291
4203	3.5232129
4204	3.5232217
4205	3.5232091
4206	3.5231932
4207	3.5231791
4208	3.5232843
4209	3.5232794
4210	3.5232642
4211	3.5232677
4212	3.5233354
4213	3.5233812
4214	3.5233825
4215	3.5235477
4216	3.5235582
4217	3.5235740
4218	3.5235923
4219	3.5236381
4220	3.5237813
4221	3.5238199
4222	3.5238452
4223	3.5239944
4224	3.5239968
4225	3.5240197
4226	3.5240349
4227	3.5241046
4228	3.5241743
4229	3.5243005
4230	3.5242841
4231	3.5243326
4232	3.5243554
4233	3.5244012
4234	3.5244775
4235	3.5245768
4236	3.5245796
4237	3.5246278
4238	3.5248345
4239	3.5248308
4240	3.5248133
4241	3.5246869
4242	3.5246869
4243	3.5248600
4244	3.5248896
4245	3.5248805
4246	3.5247370
4247	3.5245997
4248	3.5246302
4249	3.5246607
4250	3.5246607
4251	3.5246582
4252	3.5246546
4253	3.5246258
4254	3.5245778
4255	3.5246385
4256	3.5246721
4257	3.5246781
4258	3.5246694
4259	3.5246607
4260	3.5246591
4261	3.5246531
4262	3.5246531
4263	3.5246533
4264	3.5246790
4265	3.5248265
4266	3.5246024
4267	3.5245844
4268	3.5245881
4269	3.5245953
4270	3.5246979
4271	3.5246811
4272	3.5246577
4273	3.5246396
4274	3.5245212
4275	3.5245142
4276	3.5245241
4277	3.5245431
4278	3.5245415
4279	3.5245691
4280	3.5245589
4281	3.5245386
4282	3.5244729
4283	3.5244338
4284	3.5244387
4285	3.5244623
4286	3.5245946
4287	3.5246630
4288	3.5246632
4289	3.5246427
4290	3.5245970
4291	3.5245715
4292	3.5245587
4293	3.5245630
4294	3.5245409
4295	3.5245300
4296	3.5245292
4297	3.5244078
4298	3.5243499
4299	3.5244043
4300	3.5244339
4301	3.5244376
4302	3.5244672
4303	3.5244967
4304	3.5245488
4305	3.5246390
4306	3.5246316
4307	3.5246560
4308	3.5246623
4309	3.5246685
4310	3.5246607
4311	3.5244735
4312	3.5244531
4313	3.5244699
4314	3.5245094
4315	3.5245212
4316	3.5244685
4317	3.5244775
4318	3.5245517
4319	3.5247433
4320	3.5247358
4321	3.5246912
4322	3.5246437
4323	3.5245963
4324	3.5246636
4325	3.5246790
4326	3.5246734
4327	3.5246404
4328	3.5245935
4329	3.5245878
4330	3.5245569
4331	3.5244012
4332	3.5243419
4333	3.5241265
4334	3.5241132
4335	3.5240999
4336	3.5240502
4337	3.5237559
4338	3.5234616
4339	3.5232217
4340	3.5227224
4341	3.5220661
4342	3.5215471
4343	3.5204177
4344	3.5197950
4345	3.5188661
4346	3.5181589
4347	3.5172431
4348	3.5167242
4349	3.5161794
4350	3.5159039
4351	3.5160167
4352	3.5163884
4353	3.5178754
4354	3.5200820
4355	3.5232566
4356	3.5277437
4357	3.5322309
4358	3.5383359
4359	3.5458450
4360	3.5533542
4361	3.5616570
4362	3.5716081
4363	3.5823529
4364	3.5904726
4365	3.6015837
4366	3.6102528
4367	3.6191051
4368	3.6284762
4369	3.6378474
4370	3.6456007
4371	3.6549414
4372	3.6614738
4373	3.6676398
4374	3.6731343
4375	3.6786288
4376	3.6846728
4377	3.6877440
4378	3.6913538
4379	3.6941793
4380	3.6965689
4381	3.6978596
4382	3.7001795
4383	3.7020391
4384	3.7029752
4385	3.7032930
4386	3.7043037
4387	3.7048192
4388	3.7049820
4389	3.7050254
4390	3.7049176
4391	3.7047048
4392	3.7044641
4393	3.7040867
4394	3.7039951
4395	3.7027893
4396	3.7018227
4397	3.7011868
4398	3.7003049
4399	3.6993896
4400	3.6981719
4401	3.6971880
4402	3.6961022
4403	3.6953870
4404	3.6942271
4405	3.6924598
4406	3.6912570
4407	3.6902607
4408	3.6895415
4409	3.6882213
4410	3.6866819
4411	3.6854664
4412	3.6845209
4413	3.6835754
4414	3.6823834
4415	3.6808759
4416	3.6797155
4417	3.6789341
4418	3.6775002
4419	3.6760663
4420	3.6756374
4421	3.6743248
4422	3.6731513
4423	3.6719629
4424	3.6712723
4425	3.6697899
4426	3.6684869
4427	3.6674567
4428	3.6663578
4429	3.6650147
4430	3.6637860
4431	3.6625257
4432	3.6617332
4433	3.6608938
4434	3.6589323
4435	3.6575898
4436	3.6570781
4437	3.6561319
4438	3.6543156
4439	3.6525517
4440	3.6511825
4441	3.6500421
4442	3.6485006
4443	3.6469133
4444	3.6454787
4445	3.6436014
4446	3.6422430
4447	3.6406130
4448	3.6388944
4449	3.6371759
4450	3.6349467
4451	3.6333602
4452	3.6315679
4453	3.6298324
4454	3.6274816
4455	3.6257048
4456	3.6240654
4457	3.6220965
4458	3.6195019
4459	3.6173499
4460	3.6152894
4461	3.6129085
4462	3.6105428
4463	3.6082916
4464	3.6057198
4465	3.6039036
4466	3.6007799
4467	3.5979818
4468	3.5954828
4469	3.5929451
4470	3.5906581
4471	3.5882748
4472	3.5854665
4473	3.5830856
4474	3.5807351
4475	3.5776685
4476	3.5755153
4477	3.5726155
4478	3.5697156
4479	3.5670468
4480	3.5644740
4481	3.5619012
4482	3.5593066
4483	3.5568035
4484	3.5541936
4485	3.5515838
4486	3.5493707
4487	3.5464784
4488	3.5442577
4489	3.5418627
4490	3.5392861
4491	3.5371342
4492	3.5349823
4493	3.5330551
4494	3.5307810
4495	3.5285069
4496	3.5261431
4497	3.5242333
4498	3.5221545
4499	3.5203262
4500	3.5184195
4501	3.5165410
4502	3.5151979
4503	3.5133359
4504	3.5119318
4505	3.5105582
4506	3.5086351
4507	3.5070630
4508	3.5062541
4509	3.5043463
4510	3.5036290
4511	3.5018283
4512	3.5004414
4513	3.4994852
4514	3.4986839
4515	3.4977377
4516	3.4966998
4517	3.4959672
4518	3.4958146
4519	3.4947920
4520	3.4943799
4521	3.4933843
4522	3.4926273
4523	3.4922737
4524	3.4918158
4525	3.4914495
4526	3.4909486
4527	3.4909000
4528	3.4907474
4529	3.4907169
4530	3.4905337
4531	3.4904488
4532	3.4903933
4533	3.4902514
4534	3.4901266
4535	3.4901980
4536	3.4903780
4537	3.4905490
4538	3.4908331
4539	3.4909306
4540	3.4912664
4541	3.4917172
4542	3.4919074
4543	3.4922126
4544	3.4930125
4545	3.4934413
4546	3.4941357
4547	3.4950405
4548	3.4956721
4549	3.4963030
4550	3.4969307
4551	3.4975584
4552	3.4987022
4553	3.4996214
4554	3.4998744
4555	3.5005765
4556	3.5020417
4557	3.5026064
4558	3.5035370
4559	3.5039342
4560	3.5050785
4561	3.5057840
4562	3.5064465
4563	3.5071017
4564	3.5071699
4565	3.5073836
4566	3.5085952
4567	3.5092589
4568	3.5097340
4569	3.5101919
4570	3.5103979
4571	3.5104055
4572	3.5114586
4573	3.5115807
4574	3.5120488
4575	3.5121607
4576	3.5124605
4577	3.5125423
4578	3.5131070
4579	3.5133665
4580	3.5137502
4581	3.5137715
4582	3.5137894
4583	3.5139865
4584	3.5141835
4585	3.5145999
4586	3.5146058
4587	3.5148011
4588	3.5151940
4589	3.5153070
4590	3.5155643
4591	3.5156151
4592	3.5156660
4593	3.5157983
4594	3.5158695
4595	3.5159000
4596	3.5162929
4597	3.5162969
4598	3.5163846
4599	3.5166631
4600	3.5166631
4601	3.5168327
4602	3.5168774
4603	3.5168849
4604	3.5169217
4605	3.5170576
4606	3.5170752
4607	3.5173042
4608	3.5173397
4609	3.5173414
4610	3.5173181
4611	3.5172991
4612	3.5173652
4613	3.5175942
4614	3.5176705
4615	3.5176301
4616	3.5176366
4617	3.5176400
4618	3.5179655
4619	3.5179927
4620	3.5180198
4621	3.5180546
4622	3.5180707
4623	3.5181004
4624	3.5181301
4625	3.5182352
4626	3.5184395
4627	3.5184391
4628	3.5184938
4629	3.5185835
4630	3.5186032
4631	3.5185946
4632	3.5185923
4633	3.5184364
4634	3.5184867
4635	3.5184947
4636	3.5186575
4637	3.5186486
4638	3.5186545
4639	3.5187671
4640	3.5187708
4641	3.5187767
4642	3.5187912
4643	3.5188371
4644	3.5188571
4645	3.5190976
4646	3.5189831
4647	3.5188720
4648	3.5188987
4649	3.5189418
4650	3.5189455
4651	3.5189918
4652	3.5189898
4653	3.5189525
4654	3.5189764
4655	3.5189711
4656	3.5189455
4657	3.5189680
4658	3.5189905
4659	3.5192530
4660	3.5193204
4661	3.5196105
4662	3.5199874
4663	3.5202041
4664	3.5202231
4665	3.5203033
4666	3.5205006
4667	3.5208451
4668	3.5211566
4669	3.5212190
4670	3.5215860
4671	3.5219531
4672	3.5220356
4673	3.5221577
4674	3.5221712
4675	3.5221848
4676	3.5222230
4677	3.5222227
4678	3.5222241
4679	3.5222706
4680	3.5222981
4681	3.5224801
4682	3.5224710
4683	3.5224909
4684	3.5225832
4685	3.5225750
4686	3.5225850
4687	3.5228597
4688	3.5228641
4689	3.5228780
4690	3.5228902
4691	3.5230124
