x	y
1	3.0947560
2	3.0947560
3	3.0947534
4	3.0947914
5	3.0948022
6	3.0948131
7	3.0948215
8	3.0948132
9	3.0947176
10	3.0947695
11	3.0949065
12	3.0949577
13	3.0949630
14	3.0949565
15	3.0949500
16	3.0949532
17	3.0949616
18	3.0949450
19	3.0949167
20	3.0949110
21	3.0949137
22	3.0949162
23	3.0949145
24	3.0949151
25	3.0948741
26	3.0948992
27	3.0949885
28	3.0950777
29	3.0950567
30	3.0950737
31	3.0950442
32	3.0949992
33	3.0949984
34	3.0949114
35	3.0949472
36	3.0949110
37	3.0948765
38	3.0948421
39	3.0948382
40	3.0947333
41	3.0947161
42	3.0947145
43	3.0947221
44	3.0947321
45	3.0947466
46	3.0947728
47	3.0947337
48	3.0947045
49	3.0947344
50	3.0947568
51	3.0949088
52	3.0948719
53	3.0947289
54	3.0947339
55	3.0947344
56	3.0948076
57	3.0947805
58	3.0946188
59	3.0946245
60	3.0946245
61	3.0946245
62	3.0946634
63	3.0946762
64	3.0946386
65	3.0945765
66	3.0945787
67	3.0945690
68	3.0944985
69	3.0945130
70	3.0945879
71	3.0945987
72	3.0946096
73	3.0946978
74	3.0947298
75	3.0947390
76	3.0947161
77	3.0946276
78	3.0946169
79	3.0945863
80	3.0945869
81	3.0946433
82	3.0945818
83	3.0945814
84	3.0945100
85	3.0945188
86	3.0945474
87	3.0946280
88	3.0946122
89	3.0945787
90	3.0946128
91	3.0946081
92	3.0946034
93	3.0945071
94	3.0945058
95	3.0944239
96	3.0944223
97	3.0944146
98	3.0944185
99	3.0944228
100	3.0944297
101	3.0944278
102	3.0943939
103	3.0943291
104	3.0943125
105	3.0942887
106	3.0944155
107	3.0943167
108	3.0943094
109	3.0942935
110	3.0942582
111	3.0942457
112	3.0942474
113	3.0942377
114	3.0942279
115	3.0941667
116	3.0942124
117	3.0942582
118	3.0942676
119	3.0942770
120	3.0943021
121	3.0942887
122	3.0942887
123	3.0942679
124	3.0942607
125	3.0942911
126	3.0942881
127	3.0942719
128	3.0943361
129	3.0943193
130	3.0942065
131	3.0942097
132	3.0942036
133	3.0941813
134	3.0941805
135	3.0942062
136	3.0941407
137	3.0941535
138	3.0941666
139	3.0941463
140	3.0941332
141	3.0941483
142	3.0941441
143	3.0941043
144	3.0941178
145	3.0941293
146	3.0940941
147	3.0940402
148	3.0940208
149	3.0940288
150	3.0940408
151	3.0939741
152	3.0941333
153	3.0941571
154	3.0941500
155	3.0941188
156	3.0941056
157	3.0941056
158	3.0941044
159	3.0940883
160	3.0940927
161	3.0940725
162	3.0938801
163	3.0938678
164	3.0938919
165	3.0939670
166	3.0939795
167	3.0939779
168	3.0939607
169	3.0939442
170	3.0939293
171	3.0939413
172	3.0939052
173	3.0938243
174	3.0938041
175	3.0938003
176	3.0937611
177	3.0936855
178	3.0936560
179	3.0936648
180	3.0936659
181	3.0936670
182	3.0936982
183	3.0937158
184	3.0937134
185	3.0936054
186	3.0936297
187	3.0935756
188	3.0934883
189	3.0935169
190	3.0935258
191	3.0935139
192	3.0935395
193	3.0935678
194	3.0935732
195	3.0935233
196	3.0935309
197	3.0935293
198	3.0935312
199	3.0935300
200	3.0935256
201	3.0935358
202	3.0935509
203	3.0935332
204	3.0934531
205	3.0935154
206	3.0935410
207	3.0935180
208	3.0934176
209	3.0934299
210	3.0934616
211	3.0935256
212	3.0935200
213	3.0935423
214	3.0934885
215	3.0935027
216	3.0934962
217	3.0935655
218	3.0935779
219	3.0936324
220	3.0936293
221	3.0935867
222	3.0935765
223	3.0935663
224	3.0934537
225	3.0934523
226	3.0934523
227	3.0934722
228	3.0934285
229	3.0934272
230	3.0934253
231	3.0934209
232	3.0933882
233	3.0934035
234	3.0933974
235	3.0933933
236	3.0933864
237	3.0933882
238	3.0933882
239	3.0934082
240	3.0934285
241	3.0933964
242	3.0934146
243	3.0934103
244	3.0934152
245	3.0934079
246	3.0933882
247	3.0933782
248	3.0934684
249	3.0935790
250	3.0936134
251	3.0935755
252	3.0934671
253	3.0933587
254	3.0933425
255	3.0932204
256	3.0932579
257	3.0932838
258	3.0932560
259	3.0932626
260	3.0932659
261	3.0932585
262	3.0932271
263	3.0931572
264	3.0931523
265	3.0931593
266	3.0931627
267	3.0932204
268	3.0932329
269	3.0932454
270	3.0930728
271	3.0930677
272	3.0931331
273	3.0931308
274	3.0929275
275	3.0929304
276	3.0930525
277	3.0931334
278	3.0931471
279	3.0931340
280	3.0931336
281	3.0931351
282	3.0930555
283	3.0928914
284	3.0929029
285	3.0930701
286	3.0930889
287	3.0930881
288	3.0930799
289	3.0930830
290	3.0931015
291	3.0930433
292	3.0930448
293	3.0930898
294	3.0930430
295	3.0928968
296	3.0929020
297	3.0929660
298	3.0928574
299	3.0928540
300	3.0928507
301	3.0928564
302	3.0929587
303	3.0929829
304	3.0929304
305	3.0929420
306	3.0929456
307	3.0929503
308	3.0929049
309	3.0930231
310	3.0930194
311	3.0930236
312	3.0929762
313	3.0927768
314	3.0927854
315	3.0928092
316	3.0928141
317	3.0928189
318	3.0927896
319	3.0927905
320	3.0928078
321	3.0928124
322	3.0927991
323	3.0927731
324	3.0927766
325	3.0927388
326	3.0927676
327	3.0927668
328	3.0927569
329	3.0927930
330	3.0927852
331	3.0927633
332	3.0927971
333	3.0927686
334	3.0927167
335	3.0926480
336	3.0926598
337	3.0926828
338	3.0926404
339	3.0926286
340	3.0926404
341	3.0926265
342	3.0926370
343	3.0926672
344	3.0927104
345	3.0927108
346	3.0926686
347	3.0924791
348	3.0925183
349	3.0924993
350	3.0924891
351	3.0926465
352	3.0927097
353	3.0926681
354	3.0925573
355	3.0925343
356	3.0925252
357	3.0925161
358	3.0925183
359	3.0925046
360	3.0925183
361	3.0925145
362	3.0924560
363	3.0924511
364	3.0924711
365	3.0924023
366	3.0924049
367	3.0924265
368	3.0924979
369	3.0924878
370	3.0924667
371	3.0925122
372	3.0925183
373	3.0924084
374	3.0922258
375	3.0922571
376	3.0922715
377	3.0922715
378	3.0922817
379	3.0925067
380	3.0924725
381	3.0924485
382	3.0924433
383	3.0923881
384	3.0923453
385	3.0923606
386	3.0923351
387	3.0922647
388	3.0922715
389	3.0923250
390	3.0923199
391	3.0923072
392	3.0924220
393	3.0922843
394	3.0922436
395	3.0922828
396	3.0922779
397	3.0922613
398	3.0922446
399	3.0922397
400	3.0922286
401	3.0922741
402	3.0922741
403	3.0922620
404	3.0922630
405	3.0921735
406	3.0920731
407	3.0920787
408	3.0922199
409	3.0922221
410	3.0920778
411	3.0920568
412	3.0920529
413	3.0920674
414	3.0920787
415	3.0922069
416	3.0923190
417	3.0923046
418	3.0919790
419	3.0919855
420	3.0921135
421	3.0921050
422	3.0920757
423	3.0920543
424	3.0921253
425	3.0922793
426	3.0921825
427	3.0919633
428	3.0919612
429	3.0919601
430	3.0918883
431	3.0919254
432	3.0919809
433	3.0919950
434	3.0919174
435	3.0918406
436	3.0918685
437	3.0918813
438	3.0918467
439	3.0918528
440	3.0919076
441	3.0918773
442	3.0916788
443	3.0916980
444	3.0918548
445	3.0919180
446	3.0919284
447	3.0919388
448	3.0919536
449	3.0920168
450	3.0920206
451	3.0920055
452	3.0920077
453	3.0920231
454	3.0920793
455	3.0920350
456	3.0920573
457	3.0921087
458	3.0921092
459	3.0921350
460	3.0921614
461	3.0920721
462	3.0920745
463	3.0922130
464	3.0921486
465	3.0921520
466	3.0921302
467	3.0921319
468	3.0922049
469	3.0922608
470	3.0921651
471	3.0921581
472	3.0921689
473	3.0922055
474	3.0921389
475	3.0921179
476	3.0921159
477	3.0921017
478	3.0921215
479	3.0923437
480	3.0923453
481	3.0923187
482	3.0921785
483	3.0921520
484	3.0922673
485	3.0922588
486	3.0922588
487	3.0922491
488	3.0922266
489	3.0922181
490	3.0921778
491	3.0921559
492	3.0921825
493	3.0921367
494	3.0920514
495	3.0921825
496	3.0921367
497	3.0921258
498	3.0921077
499	3.0921141
500	3.0920808
501	3.0919945
502	3.0920409
503	3.0920369
504	3.0920440
505	3.0920487
506	3.0920299
507	3.0920322
508	3.0921586
509	3.0921405
510	3.0920680
511	3.0920882
512	3.0920902
513	3.0920322
514	3.0919947
515	3.0920021
516	3.0920909
517	3.0920996
518	3.0921298
519	3.0922436
520	3.0923250
521	3.0921113
522	3.0920492
523	3.0920662
524	3.0920833
525	3.0920630
526	3.0920300
527	3.0920421
528	3.0921153
529	3.0921507
530	3.0921861
531	3.0922007
532	3.0922152
533	3.0923468
534	3.0923424
535	3.0923380
536	3.0924114
537	3.0924916
538	3.0925793
539	3.0925821
540	3.0927191
541	3.0927320
542	3.0930474
543	3.0930677
544	3.0930721
545	3.0934625
546	3.0936142
547	3.0937114
548	3.0938308
549	3.0939224
550	3.0939835
551	3.0941274
552	3.0941972
553	3.0946417
554	3.0947710
555	3.0950365
556	3.0952524
557	3.0959951
558	3.0960287
559	3.0967307
560	3.0978525
561	3.0980738
562	3.0995543
563	3.1010103
564	3.1029151
565	3.1045451
566	3.1063308
567	3.1089407
568	3.1116201
569	3.1143436
570	3.1171214
571	3.1203266
572	3.1243559
573	3.1283852
574	3.1323839
575	3.1374358
576	3.1423427
577	3.1472496
578	3.1527441
579	3.1576892
580	3.1627563
581	3.1688308
582	3.1743100
583	3.1797893
584	3.1859553
585	3.1917245
586	3.1968069
587	3.2018894
588	3.2069870
589	3.2125273
590	3.2174953
591	3.2222991
592	3.2266852
593	3.2310455
594	3.2354058
595	3.2388246
596	3.2425487
597	3.2470053
598	3.2492031
599	3.2518893
600	3.2543924
601	3.2565291
602	3.2586658
603	3.2606500
604	3.2625050
605	3.2638516
606	3.2648624
607	3.2660156
608	3.2668160
609	3.2676504
610	3.2680574
611	3.2681286
612	3.2684705
613	3.2684339
614	3.2684339
615	3.2678844
616	3.2677013
617	3.2668904
618	3.2663206
619	3.2653368
620	3.2643531
621	3.2634242
622	3.2625853
623	3.2619625
624	3.2606093
625	3.2595608
626	3.2586222
627	3.2577736
628	3.2568509
629	3.2563139
630	3.2557769
631	3.2553861
632	3.2549953
633	3.2547129
634	3.2546557
635	3.2546511
636	3.2546532
637	3.2550389
638	3.2551860
639	3.2561323
640	3.2570699
641	3.2575441
642	3.2585285
643	3.2598178
644	3.2608526
645	3.2616878
646	3.2631072
647	3.2637330
648	3.2654424
649	3.2669103
650	3.2681730
651	3.2695127
652	3.2708523
653	3.2717306
654	3.2731895
655	3.2743391
656	3.2751249
657	3.2766634
658	3.2778613
659	3.2786902
660	3.2803233
661	3.2815367
662	3.2826916
663	3.2838464
664	3.2849479
665	3.2871515
666	3.2886719
667	3.2905300
668	3.2922870
669	3.2938551
670	3.2959289
671	3.2988596
672	3.3013703
673	3.3040687
674	3.3073227
675	3.3101615
676	3.3130003
677	3.3172433
678	3.3215997
679	3.3258165
680	3.3299799
681	3.3347036
682	3.3394961
683	3.3443801
684	3.3506377
685	3.3568342
686	3.3630825
687	3.3695763
688	3.3759040
689	3.3825321
690	3.3891601
691	3.3960283
692	3.4036596
693	3.4120845
694	3.4170906
695	3.4253324
696	3.4321089
697	3.4388854
698	3.4463335
699	3.4536290
700	3.4608431
701	3.4677214
702	3.4745943
703	3.4807047
704	3.4865655
705	3.4924263
706	3.4993250
707	3.5042090
708	3.5092456
709	3.5140227
710	3.5180291
711	3.5217913
712	3.5255459
713	3.5282321
714	3.5309031
715	3.5333680
716	3.5351275
717	3.5364462
718	3.5370462
719	3.5375667
720	3.5377562
721	3.5376011
722	3.5370648
723	3.5357718
724	3.5336743
725	3.5311066
726	3.5284153
727	3.5252508
728	3.5213640
729	3.5171516
730	3.5131426
731	3.5080551
732	3.5028048
733	3.4974324
734	3.4911443
735	3.4847062
736	3.4782017
737	3.4715032
738	3.4643213
739	3.4574947
740	3.4507597
741	3.4428537
742	3.4353140
743	3.4282475
744	3.4211810
745	3.4140381
746	3.4068953
747	3.3981651
748	3.3928843
749	3.3863367
750	3.3801630
751	3.3741457
752	3.3685803
753	3.3629726
754	3.3575835
755	3.3523471
756	3.3473468
757	3.3430551
758	3.3389862
759	3.3349173
760	3.3307601
761	3.3275273
762	3.3243847
763	3.3212421
764	3.3187391
765	3.3162360
766	3.3137300
767	3.3116450
768	3.3093373
769	3.3074390
770	3.3055406
771	3.3040248
772	3.3026829
773	3.3010491
774	3.3001799
775	3.2987368
776	3.2981347
777	3.2966390
778	3.2957581
779	3.2953874
780	3.2943191
781	3.2933568
782	3.2930981
783	3.2921275
784	3.2915483
785	3.2907476
786	3.2901524
787	3.2894612
788	3.2887707
789	3.2886414
790	3.2879088
791	3.2875120
792	3.2868608
793	3.2862696
794	3.2858109
795	3.2851797
796	3.2844757
797	3.2837717
798	3.2828383
799	3.2820236
800	3.2812090
801	3.2808881
802	3.2792702
803	3.2778661
804	3.2769198
805	3.2760041
806	3.2745144
807	3.2729393
808	3.2714609
809	3.2699703
810	3.2683769
811	3.2670907
812	3.2655645
813	3.2643435
814	3.2623056
815	3.2610671
816	3.2598258
817	3.2580728
818	3.2567006
819	3.2560102
820	3.2546847
821	3.2535450
822	3.2529045
823	3.2523948
824	3.2519198
825	3.2516197
826	3.2514535
827	3.2514660
828	3.2515535
829	3.2520725
830	3.2526597
831	3.2536292
832	3.2547052
833	3.2555370
834	3.2564571
835	3.2579180
836	3.2592255
837	3.2605737
838	3.2615047
839	3.2629241
840	3.2643435
841	3.2656408
842	3.2668954
843	3.2683728
844	3.2693293
845	3.2705706
846	3.2717634
847	3.2727351
848	3.2738969
849	3.2744473
850	3.2757446
851	3.2764738
852	3.2770175
853	3.2775837
854	3.2782934
855	3.2786414
856	3.2790443
857	3.2793374
858	3.2796304
859	3.2800028
860	3.2801828
861	3.2803629
862	3.2804302
863	3.2807072
864	3.2807965
865	3.2809949
866	3.2810341
867	3.2810734
868	3.2810886
869	3.2811628
870	3.2811344
871	3.2809905
872	3.2808466
873	3.2806504
874	3.2805361
875	3.2805218
876	3.2804912
877	3.2804200
878	3.2803157
879	3.2801411
880	3.2797985
881	3.2796314
882	3.2796060
883	3.2793923
884	3.2789994
885	3.2788276
886	3.2783850
887	3.2782306
888	3.2778591
889	3.2777440
890	3.2777178
891	3.2773594
892	3.2773472
893	3.2769983
894	3.2767482
895	3.2766145
896	3.2763093
897	3.2760346
898	3.2758056
899	3.2757293
900	3.2755767
901	3.2749924
902	3.2745999
903	3.2743328
904	3.2740499
905	3.2735153
906	3.2734501
907	3.2729956
908	3.2728091
909	3.2723716
910	3.2723105
911	3.2716695
912	3.2710895
913	3.2705781
914	3.2704180
915	3.2700212
916	3.2699906
917	3.2689004
918	3.2684235
919	3.2679742
920	3.2671803
921	3.2667779
922	3.2663581
923	3.2662666
924	3.2655645
925	3.2650914
926	3.2645724
927	3.2638856
928	3.2630370
929	3.2624771
930	3.2621075
931	3.2612908
932	3.2606805
933	3.2604363
934	3.2594908
935	3.2590566
936	3.2579946
937	3.2574116
938	3.2567061
939	3.2559186
940	3.2553203
941	3.2550944
942	3.2544229
943	3.2536475
944	3.2528417
945	3.2523574
946	3.2519809
947	3.2510041
948	3.2505157
949	3.2497511
950	3.2493557
951	3.2488063
952	3.2480126
953	3.2474196
954	3.2470541
955	3.2464253
956	3.2460896
957	3.2450157
958	3.2445309
959	3.2442042
960	3.2435889
961	3.2431693
962	3.2424440
963	3.2421010
964	3.2416234
965	3.2412666
966	3.2408392
967	3.2404119
968	3.2397709
969	3.2393130
970	3.2386520
971	3.2386033
972	3.2383697
973	3.2377310
974	3.2373085
975	3.2368579
976	3.2366268
977	3.2364131
978	3.2361079
979	3.2356500
980	3.2349552
981	3.2344159
982	3.2341178
983	3.2340627
984	3.2335962
985	3.2332472
986	3.2329714
987	3.2325855
988	3.2325059
989	3.2320917
990	3.2317123
991	3.2315291
992	3.2311933
993	3.2309263
994	3.2306072
995	3.2304967
996	3.2304608
997	3.2301555
998	3.2296875
999	3.2296671
1000	3.2293241
1001	3.2292528
1002	3.2291656
1003	3.2289040
1004	3.2287819
1005	3.2286903
1006	3.2284232
1007	3.2283850
1008	3.2281496
1009	3.2280645
1010	3.2278828
1011	3.2278748
1012	3.2276597
1013	3.2276504
1014	3.2276524
1015	3.2276769
1016	3.2276830
1017	3.2276626
1018	3.2277074
1019	3.2278145
1020	3.2279048
1021	3.2280493
1022	3.2281075
1023	3.2281408
1024	3.2283967
1025	3.2285875
1026	3.2287208
1027	3.2287615
1028	3.2291094
1029	3.2293237
1030	3.2296061
1031	3.2299215
1032	3.2300181
1033	3.2302929
1034	3.2306286
1035	3.2309844
1036	3.2313154
1037	3.2313867
1038	3.2319830
1039	3.2319870
1040	3.2325746
1041	3.2331044
1042	3.2334904
1043	3.2335133
1044	3.2342079
1045	3.2345969
1046	3.2349784
1047	3.2354618
1048	3.2359858
1049	3.2364858
1050	3.2369858
1051	3.2375120
1052	3.2380920
1053	3.2381327
1054	3.2389864
1055	3.2396182
1056	3.2400151
1057	3.2406678
1058	3.2412216
1059	3.2418526
1060	3.2423350
1061	3.2428467
1062	3.2435405
1063	3.2442343
1064	3.2450212
1065	3.2456113
1066	3.2461506
1067	3.2467141
1068	3.2474479
1069	3.2481958
1070	3.2487758
1071	3.2495084
1072	3.2504067
1073	3.2506988
1074	3.2517600
1075	3.2522327
1076	3.2529272
1077	3.2538371
1078	3.2545348
1079	3.2551555
1080	3.2558270
1081	3.2563765
1082	3.2575669
1083	3.2581164
1084	3.2591601
1085	3.2601819
1086	3.2609388
1087	3.2616370
1088	3.2623899
1089	3.2632882
1090	3.2639510
1091	3.2648116
1092	3.2654119
1093	3.2663800
1094	3.2670297
1095	3.2678931
1096	3.2687565
1097	3.2695816
1098	3.2699601
1099	3.2710619
1100	3.2716390
1101	3.2724850
1102	3.2733309
1103	3.2740810
1104	3.2751043
1105	3.2758209
1106	3.2768268
1107	3.2772657
1108	3.2781800
1109	3.2790900
1110	3.2797892
1111	3.2804694
1112	3.2809491
1113	3.2819885
1114	3.2825517
1115	3.2834522
1116	3.2843010
1117	3.2845511
1118	3.2853447
1119	3.2863738
1120	3.2867183
1121	3.2877998
1122	3.2881835
1123	3.2893046
1124	3.2900107
1125	3.2905187
1126	3.2909918
1127	3.2920203
1128	3.2926080
1129	3.2930814
1130	3.2941357
1131	3.2944411
1132	3.2951893
1133	3.2956622
1134	3.2963235
1135	3.2970371
1136	3.2976539
1137	3.2981194
1138	3.2987452
1139	3.2988368
1140	3.2998630
1141	3.3002791
1142	3.3010269
1143	3.3011261
1144	3.3021059
1145	3.3022556
1146	3.3030259
1147	3.3036615
1148	3.3036902
1149	3.3041786
1150	3.3046670
1151	3.3053386
1152	3.3059142
1153	3.3059185
1154	3.3068837
1155	3.3074004
1156	3.3077876
1157	3.3079332
1158	3.3085001
1159	3.3088388
1160	3.3094561
1161	3.3097596
1162	3.3103192
1163	3.3107548
1164	3.3108025
1165	3.3110468
1166	3.3116267
1167	3.3116267
1168	3.3121762
1169	3.3127169
1170	3.3127867
1171	3.3129698
1172	3.3136675
1173	3.3138856
1174	3.3140814
1175	3.3144625
1176	3.3148319
1177	3.3152325
1178	3.3153508
1179	3.3157142
1180	3.3159002
1181	3.3162622
1182	3.3165870
1183	3.3167631
1184	3.3167688
1185	3.3169155
1186	3.3169198
1187	3.3174494
1188	3.3175359
1189	3.3176223
1190	3.3180499
1191	3.3181285
1192	3.3183117
1193	3.3183361
1194	3.3188402
1195	3.3188917
1196	3.3189680
1197	3.3192572
1198	3.3193190
1199	3.3195480
1200	3.3197318
1201	3.3198113
1202	3.3198329
1203	3.3200175
1204	3.3201471
1205	3.3201476
1206	3.3201999
1207	3.3202522
1208	3.3205575
1209	3.3205518
1210	3.3205471
1211	3.3203569
1212	3.3204250
1213	3.3205706
1214	3.3205553
1215	3.3204942
1216	3.3205858
1217	3.3206163
1218	3.3206905
1219	3.3206930
1220	3.3206316
1221	3.3205473
1222	3.3205999
1223	3.3205705
1224	3.3203599
1225	3.3202826
1226	3.3202740
1227	3.3202976
1228	3.3202958
1229	3.3202391
1230	3.3201141
1231	3.3201127
1232	3.3199452
1233	3.3198026
1234	3.3195070
1235	3.3194717
1236	3.3192020
1237	3.3188917
1238	3.3187365
1239	3.3186793
1240	3.3186719
1241	3.3186277
1242	3.3183727
1243	3.3181057
1244	3.3178538
1245	3.3178248
1246	3.3177957
1247	3.3172128
1248	3.3170093
1249	3.3169860
1250	3.3167680
1251	3.3164133
1252	3.3160689
1253	3.3159002
1254	3.3157781
1255	3.3152781
1256	3.3148919
1257	3.3146334
1258	3.3145062
1259	3.3141603
1260	3.3137126
1261	3.3136719
1262	3.3131943
1263	3.3130614
1264	3.3124814
1265	3.3121151
1266	3.3116878
1267	3.3112706
1268	3.3111994
1269	3.3105310
1270	3.3101626
1271	3.3101005
1272	3.3099682
1273	3.3090418
1274	3.3087574
1275	3.3084521
1276	3.3074957
1277	3.3073838
1278	3.3068343
1279	3.3066511
1280	3.3062238
1281	3.3054825
1282	3.3048851
1283	3.3043374
1284	3.3038734
1285	3.3030914
1286	3.3026371
1287	3.3019990
1288	3.3016756
1289	3.3009277
1290	3.3002983
1291	3.2998572
1292	3.2996406
1293	3.2987518
1294	3.2985111
1295	3.2975929
1296	3.2970358
1297	3.2960615
1298	3.2956113
1299	3.2948496
1300	3.2939552
1301	3.2932812
1302	3.2926168
1303	3.2917789
1304	3.2913073
1305	3.2905068
1306	3.2897064
1307	3.2892214
1308	3.2882023
1309	3.2874967
1310	3.2863498
1311	3.2853919
1312	3.2845714
1313	3.2837778
1314	3.2830248
1315	3.2822006
1316	3.2812151
1317	3.2802296
1318	3.2793836
1319	3.2785376
1320	3.2774540
1321	3.2764416
1322	3.2753010
1323	3.2745083
1324	3.2733484
1325	3.2722495
1326	3.2709623
1327	3.2701433
1328	3.2688583
1329	3.2680553
1330	3.2665867
1331	3.2655747
1332	3.2644656
1333	3.2631748
1334	3.2619090
1335	3.2608942
1336	3.2594406
1337	3.2584217
1338	3.2568649
1339	3.2555741
1340	3.2544534
1341	3.2529591
1342	3.2517977
1343	3.2501871
1344	3.2487147
1345	3.2472190
1346	3.2460285
1347	3.2444107
1348	3.2431592
1349	3.2422434
1350	3.2405340
1351	3.2386589
1352	3.2370687
1353	3.2356398
1354	3.2339915
1355	3.2325670
1356	3.2309622
1357	3.2294229
1358	3.2276916
1359	3.2262178
1360	3.2244443
1361	3.2228561
1362	3.2215551
1363	3.2197809
1364	3.2180067
1365	3.2168466
1366	3.2146750
1367	3.2131531
1368	3.2114931
1369	3.2099887
1370	3.2084293
1371	3.2064109
1372	3.2045775
1373	3.2033240
1374	3.2013399
1375	3.1996916
1376	3.1987453
1377	3.1964283
1378	3.1945987
1379	3.1930371
1380	3.1913582
1381	3.1895921
1382	3.1878042
1383	3.1862693
1384	3.1850701
1385	3.1831572
1386	3.1817734
1387	3.1796570
1388	3.1777857
1389	3.1763771
1390	3.1749684
1391	3.1733790
1392	3.1718222
1393	3.1700735
1394	3.1683247
1395	3.1665719
1396	3.1650689
1397	3.1637636
1398	3.1620512
1399	3.1602769
1400	3.1589636
1401	3.1576008
1402	3.1559649
1403	3.1550945
1404	3.1531206
1405	3.1515892
1406	3.1501800
1407	3.1494474
1408	3.1474938
1409	3.1459370
1410	3.1444566
1411	3.1434645
1412	3.1419993
1413	3.1405591
1414	3.1393059
1415	3.1380616
1416	3.1366140
1417	3.1354597
1418	3.1343055
1419	3.1330402
1420	3.1317505
1421	3.1309798
1422	3.1295698
1423	3.1285578
1424	3.1275457
1425	3.1262560
1426	3.1252106
1427	3.1239590
1428	3.1229364
1429	3.1219139
1430	3.1211446
1431	3.1202045
1432	3.1190838
1433	3.1180532
1434	3.1170349
1435	3.1163888
1436	3.1152986
1437	3.1147863
1438	3.1143131
1439	3.1127258
1440	3.1123901
1441	3.1111720
1442	3.1104110
1443	3.1095858
1444	3.1089331
1445	3.1079375
1446	3.1073911
1447	3.1073229
1448	3.1060829
1449	3.1051100
1450	3.1044230
1451	3.1041483
1452	3.1034063
1453	3.1030189
1454	3.1021413
1455	3.1015231
1456	3.1009941
1457	3.1004853
1458	3.1000136
1459	3.0996611
1460	3.0989457
1461	3.0988370
1462	3.0980950
1463	3.0973966
1464	3.0972039
1465	3.0970665
1466	3.0965048
1467	3.0960164
1468	3.0954490
1469	3.0950111
1470	3.0945329
1471	3.0944047
1472	3.0939245
1473	3.0934442
1474	3.0931671
1475	3.0929151
1476	3.0925144
1477	3.0923046
1478	3.0918220
1479	3.0918162
1480	3.0912668
1481	3.0908638
1482	3.0908089
1483	3.0905952
1484	3.0902900
1485	3.0901984
1486	3.0898437
1487	3.0895574
1488	3.0892126
1489	3.0891147
1490	3.0890282
1491	3.0885833
1492	3.0885806
1493	3.0883391
1494	3.0883030
1495	3.0881081
1496	3.0878843
1497	3.0875002
1498	3.0874511
1499	3.0872374
1500	3.0868492
1501	3.0867780
1502	3.0866679
1503	3.0865982
1504	3.0865171
1505	3.0859761
1506	3.0859590
1507	3.0859482
1508	3.0857845
1509	3.0855945
1510	3.0856076
1511	3.0855989
1512	3.0852566
1513	3.0852259
1514	3.0851952
1515	3.0849481
1516	3.0847430
1517	3.0847021
1518	3.0846422
1519	3.0846601
1520	3.0846455
1521	3.0845818
1522	3.0845457
1523	3.0844677
1524	3.0844238
1525	3.0843299
1526	3.0838612
1527	3.0839009
1528	3.0838797
1529	3.0838492
1530	3.0838263
1531	3.0838012
1532	3.0836965
1533	3.0836965
1534	3.0835512
1535	3.0835058
1536	3.0832166
1537	3.0831547
1538	3.0830174
1539	3.0829716
1540	3.0829151
1541	3.0828113
1542	3.0826078
1543	3.0827472
1544	3.0827469
1545	3.0827350
1546	3.0826994
1547	3.0825977
1548	3.0825889
1549	3.0824465
1550	3.0824537
1551	3.0824427
1552	3.0824094
1553	3.0824069
1554	3.0824527
1555	3.0824650
1556	3.0824603
1557	3.0824668
1558	3.0825366
1559	3.0825366
1560	3.0826365
1561	3.0826316
1562	3.0826451
1563	3.0826402
1564	3.0826892
1565	3.0827808
1566	3.0828215
1567	3.0828622
1568	3.0828619
1569	3.0828677
1570	3.0828912
1571	3.0831635
1572	3.0832718
1573	3.0833404
1574	3.0834015
1575	3.0835643
1576	3.0836355
1577	3.0838551
1578	3.0839088
1579	3.0839045
1580	3.0839084
1581	3.0839713
1582	3.0844410
1583	3.0844597
1584	3.0844728
1585	3.0845425
1586	3.0846611
1587	3.0847408
1588	3.0847751
1589	3.0848183
1590	3.0848957
1591	3.0849328
1592	3.0849278
1593	3.0849422
1594	3.0850101
1595	3.0850209
1596	3.0851264
1597	3.0852320
1598	3.0852520
1599	3.0852506
1600	3.0852479
1601	3.0852486
1602	3.0852493
1603	3.0854533
1604	3.0854343
1605	3.0854317
1606	3.0854578
1607	3.0854568
1608	3.0854626
1609	3.0855382
1610	3.0855535
1611	3.0856441
1612	3.0856502
1613	3.0855978
1614	3.0855989
1615	3.0857366
1616	3.0857004
1617	3.0857020
1618	3.0858089
1619	3.0858173
1620	3.0857951
1621	3.0857341
1622	3.0856909
1623	3.0857363
1624	3.0858330
1625	3.0858282
1626	3.0857938
1627	3.0857944
1628	3.0857981
1629	3.0857919
1630	3.0858965
1631	3.0859271
1632	3.0859215
1633	3.0859339
1634	3.0859516
1635	3.0859694
1636	3.0859758
1637	3.0859783
1638	3.0860619
1639	3.0860747
1640	3.0860824
1641	3.0860897
1642	3.0860653
1643	3.0860502
1644	3.0860351
1645	3.0859569
1646	3.0860478
1647	3.0860826
1648	3.0860775
1649	3.0860470
1650	3.0860092
1651	3.0860493
1652	3.0860775
1653	3.0860979
1654	3.0860775
1655	3.0860906
1656	3.0860775
1657	3.0860836
1658	3.0861580
1659	3.0861386
1660	3.0859176
1661	3.0859277
1662	3.0858615
1663	3.0858908
1664	3.0859340
1665	3.0860355
1666	3.0860622
1667	3.0860495
1668	3.0860100
1669	3.0860258
1670	3.0860103
1671	3.0860146
1672	3.0860426
1673	3.0860266
1674	3.0860111
1675	3.0860258
1676	3.0860470
1677	3.0860296
1678	3.0860888
1679	3.0861220
1680	3.0861505
1681	3.0861255
1682	3.0861138
1683	3.0861080
1684	3.0861227
1685	3.0861959
1686	3.0861757
1687	3.0861080
1688	3.0861131
1689	3.0861004
1690	3.0859811
1691	3.0860317
1692	3.0860949
1693	3.0860470
1694	3.0859729
1695	3.0860840
1696	3.0860399
1697	3.0860442
1698	3.0860725
1699	3.0860728
1700	3.0860673
1701	3.0860622
1702	3.0860740
1703	3.0860916
1704	3.0860517
1705	3.0860436
1706	3.0860521
1707	3.0860470
1708	3.0860063
1709	3.0859968
1710	3.0860186
1711	3.0860165
1712	3.0859601
1713	3.0859554
1714	3.0858842
1715	3.0858944
1716	3.0860775
1717	3.0860847
1718	3.0860688
1719	3.0861006
1720	3.0860961
1721	3.0860906
1722	3.0860546
1723	3.0860236
1724	3.0860165
1725	3.0859554
1726	3.0859747
1727	3.0860546
1728	3.0860877
1729	3.0860470
1730	3.0860572
1731	3.0860339
1732	3.0859205
1733	3.0859423
1734	3.0859423
1735	3.0859728
1736	3.0860775
1737	3.0860851
1738	3.0860688
1739	3.0859816
1740	3.0859825
1741	3.0860051
1742	3.0859986
1743	3.0859960
1744	3.0860287
1745	3.0860276
1746	3.0859446
1747	3.0860877
1748	3.0860826
1749	3.0859048
1750	3.0859279
1751	3.0859306
1752	3.0859246
1753	3.0859423
1754	3.0859888
1755	3.0859554
1756	3.0859478
1757	3.0859732
1758	3.0859314
1759	3.0859576
1760	3.0859725
1761	3.0859350
1762	3.0859876
1763	3.0859880
1764	3.0859474
1765	3.0858813
1766	3.0858757
1767	3.0858842
1768	3.0859020
1769	3.0859216
1770	3.0859656
1771	3.0859413
1772	3.0859432
1773	3.0858897
1774	3.0858897
1775	3.0858855
1776	3.0858944
1777	3.0859157
1778	3.0858595
1779	3.0858806
1780	3.0859054
1781	3.0859205
1782	3.0859314
1783	3.0858436
1784	3.0858141
1785	3.0858130
1786	3.0858715
1787	3.0858675
1788	3.0858767
1789	3.0858859
1790	3.0858987
1791	3.0859058
1792	3.0858466
1793	3.0858513
1794	3.0858377
1795	3.0857967
1796	3.0857804
1797	3.0857641
1798	3.0858547
1799	3.0858547
1800	3.0858425
1801	3.0858669
1802	3.0859928
1803	3.0859681
1804	3.0859147
1805	3.0855738
1806	3.0857341
1807	3.0858729
1808	3.0858682
1809	3.0858028
1810	3.0858010
1811	3.0857621
1812	3.0857563
1813	3.0857771
1814	3.0857824
1815	3.0857845
1816	3.0857902
1817	3.0857254
1818	3.0857677
1819	3.0858021
1820	3.0858167
1821	3.0858257
1822	3.0858308
1823	3.0857997
1824	3.0857435
1825	3.0857394
1826	3.0857563
1827	3.0857938
1828	3.0857468
1829	3.0857478
1830	3.0857417
1831	3.0857234
1832	3.0856724
1833	3.0856705
1834	3.0856763
1835	3.0856763
1836	3.0856902
1837	3.0857040
1838	3.0857176
1839	3.0857332
1840	3.0857724
1841	3.0857271
1842	3.0855246
1843	3.0855868
1844	3.0855965
1845	3.0855834
1846	3.0855978
1847	3.0856667
1848	3.0857071
1849	3.0856809
1850	3.0856228
1851	3.0855665
1852	3.0855281
1853	3.0855916
1854	3.0856461
1855	3.0856557
1856	3.0856566
1857	3.0856875
1858	3.0856807
1859	3.0856080
1860	3.0856470
1861	3.0855891
1862	3.0855028
1863	3.0855372
1864	3.0855473
1865	3.0855572
1866	3.0855515
1867	3.0853992
1868	3.0855158
1869	3.0854837
1870	3.0854824
1871	3.0855455
1872	3.0855360
1873	3.0855688
1874	3.0855225
1875	3.0855378
1876	3.0854670
1877	3.0853981
1878	3.0853983
1879	3.0854060
1880	3.0856087
1881	3.0855633
1882	3.0855304
1883	3.0855280
1884	3.0855368
1885	3.0855279
1886	3.0854888
1887	3.0855204
1888	3.0858249
1889	3.0857504
1890	3.0856717
1891	3.0857112
1892	3.0856059
1893	3.0856113
1894	3.0855741
1895	3.0854670
1896	3.0854670
1897	3.0854874
1898	3.0854910
1899	3.0854823
1900	3.0854663
1901	3.0854574
1902	3.0854811
1903	3.0854693
1904	3.0854726
1905	3.0854614
1906	3.0854670
1907	3.0854465
1908	3.0854670
1909	3.0855920
1910	3.0855808
1911	3.0855567
1912	3.0855469
1913	3.0854814
1914	3.0854757
1915	3.0855029
1916	3.0855586
1917	3.0856196
1918	3.0855840
1919	3.0854517
1920	3.0854060
1921	3.0853992
1922	3.0854147
1923	3.0855281
1924	3.0855281
1925	3.0855813
1926	3.0855513
1927	3.0855564
1928	3.0855458
1929	3.0855411
1930	3.0855098
1931	3.0853981
1932	3.0853564
1933	3.0854278
1934	3.0854349
1935	3.0854576
1936	3.0854636
1937	3.0854714
1938	3.0854770
1939	3.0853907
1940	3.0853388
1941	3.0853571
1942	3.0854523
1943	3.0854365
1944	3.0854325
1945	3.0854428
1946	3.0854365
1947	3.0853924
1948	3.0853754
1949	3.0853691
1950	3.0853837
1951	3.0853890
1952	3.0853711
1953	3.0853067
1954	3.0853039
1955	3.0853859
1956	3.0854298
1957	3.0854190
1958	3.0854060
1959	3.0853653
1960	3.0853817
1961	3.0853754
1962	3.0853723
1963	3.0853634
1964	3.0853640
1965	3.0854019
1966	3.0853867
1967	3.0852978
1968	3.0853711
1969	3.0854077
1970	3.0854198
1971	3.0853831
1972	3.0853107
1973	3.0853258
1974	3.0853129
1975	3.0853430
1976	3.0853050
1977	3.0851981
1978	3.0851929
1979	3.0851836
1980	3.0852762
1981	3.0852703
1982	3.0852753
1983	3.0853116
1984	3.0853192
1985	3.0853393
1986	3.0853362
1987	3.0852969
1988	3.0852838
1989	3.0852728
1990	3.0853144
1991	3.0853139
1992	3.0852508
1993	3.0851760
1994	3.0852345
1995	3.0852406
1996	3.0852904
1997	3.0852935
1998	3.0852577
1999	3.0852508
2000	3.0852991
2001	3.0852974
2002	3.0853028
2003	3.0852878
2004	3.0852304
2005	3.0852195
2006	3.0852086
2007	3.0852206
2008	3.0851923
2009	3.0851923
2010	3.0851923
2011	3.0851792
2012	3.0851526
2013	3.0852027
2014	3.0852571
2015	3.0852808
2016	3.0852737
2017	3.0851700
2018	3.0851369
2019	3.0851312
2020	3.0851312
2021	3.0851618
2022	3.0852359
2023	3.0852228
2024	3.0852424
2025	3.0852839
2026	3.0853144
2027	3.0852431
2028	3.0851918
2029	3.0852210
2030	3.0852142
2031	3.0851791
2032	3.0851653
2033	3.0851748
2034	3.0851691
2035	3.0851642
2036	3.0851593
2037	3.0851911
2038	3.0851406
2039	3.0850702
2040	3.0850804
2041	3.0851521
2042	3.0851007
2043	3.0851966
2044	3.0851810
2045	3.0851536
2046	3.0851516
2047	3.0851195
2048	3.0852127
2049	3.0852194
2050	3.0852217
2051	3.0852121
2052	3.0851812
2053	3.0851160
2054	3.0851007
2055	3.0850318
2056	3.0850488
2057	3.0850600
2058	3.0850854
2059	3.0850905
2060	3.0850905
2061	3.0851160
2062	3.0851369
2063	3.0851190
2064	3.0849725
2065	3.0849847
2066	3.0850350
2067	3.0850442
2068	3.0850278
2069	3.0851007
2070	3.0850612
2071	3.0850645
2072	3.0850886
2073	3.0850634
2074	3.0849849
2075	3.0849873
2076	3.0851506
2077	3.0852126
2078	3.0852170
2079	3.0852177
2080	3.0852091
2081	3.0852043
2082	3.0851075
2083	3.0849657
2084	3.0849583
2085	3.0849939
2086	3.0850702
2087	3.0850937
2088	3.0850549
2089	3.0849821
2090	3.0849786
2091	3.0849888
2092	3.0849895
2093	3.0850420
2094	3.0850424
2095	3.0850397
2096	3.0849908
2097	3.0849913
2098	3.0850148
2099	3.0850168
2100	3.0850135
2101	3.0850498
2102	3.0850966
2103	3.0850625
2104	3.0850575
2105	3.0850524
2106	3.0850513
2107	3.0850091
2108	3.0849437
2109	3.0849363
2110	3.0849420
2111	3.0849277
2112	3.0849176
2113	3.0849176
2114	3.0849207
2115	3.0849238
2116	3.0850006
2117	3.0849880
2118	3.0849629
2119	3.0849664
2120	3.0850966
2121	3.0850702
2122	3.0849997
2123	3.0849633
2124	3.0849481
2125	3.0849243
2126	3.0849266
2127	3.0849289
2128	3.0849359
2129	3.0849997
2130	3.0849865
2131	3.0849687
2132	3.0849509
2133	3.0849482
2134	3.0849504
2135	3.0850068
2136	3.0850725
2137	3.0849642
2138	3.0849542
2139	3.0849903
2140	3.0849903
2141	3.0849990
2142	3.0849434
2143	3.0849443
2144	3.0849544
2145	3.0849298
2146	3.0849118
2147	3.0849669
2148	3.0850702
2149	3.0850674
2150	3.0850397
2151	3.0849379
2152	3.0849181
2153	3.0848982
2154	3.0849131
2155	3.0848898
2156	3.0848866
2157	3.0848981
2158	3.0849065
2159	3.0848996
2160	3.0848949
2161	3.0848947
2162	3.0848956
2163	3.0849500
2164	3.0849443
2165	3.0849540
2166	3.0849841
2167	3.0849416
2168	3.0849379
2169	3.0849524
2170	3.0849434
2171	3.0848942
2172	3.0848450
2173	3.0848679
2174	3.0848712
2175	3.0848025
2176	3.0848072
2177	3.0849302
2178	3.0849509
2179	3.0848979
2180	3.0848794
2181	3.0848914
2182	3.0848457
2183	3.0848298
2184	3.0848767
2185	3.0848169
2186	3.0848087
2187	3.0848107
2188	3.0848336
2189	3.0848166
2190	3.0848121
2191	3.0848314
2192	3.0848274
2193	3.0848481
2194	3.0849298
2195	3.0849176
2196	3.0849009
2197	3.0849149
2198	3.0849198
2199	3.0849247
2200	3.0849354
2201	3.0849404
2202	3.0849455
2203	3.0848414
2204	3.0848706
2205	3.0848836
2206	3.0849176
2207	3.0849786
2208	3.0850261
2209	3.0850274
2210	3.0850276
2211	3.0850963
2212	3.0851292
2213	3.0851657
2214	3.0851664
2215	3.0851312
2216	3.0850780
2217	3.0851312
2218	3.0852892
2219	3.0852906
2220	3.0853934
2221	3.0853687
2222	3.0852165
2223	3.0852533
2224	3.0853551
2225	3.0853232
2226	3.0853338
2227	3.0853480
2228	3.0853312
2229	3.0852835
2230	3.0853029
2231	3.0853841
2232	3.0852788
2233	3.0853076
2234	3.0853643
2235	3.0853635
2236	3.0853205
2237	3.0852160
2238	3.0852238
2239	3.0852872
2240	3.0852924
2241	3.0852975
2242	3.0852882
2243	3.0854110
2244	3.0853949
2245	3.0853412
2246	3.0852876
2247	3.0853226
2248	3.0854147
2249	3.0852974
2250	3.0851256
2251	3.0851278
2252	3.0852238
2253	3.0852211
2254	3.0852041
2255	3.0851999
2256	3.0851454
2257	3.0851356
2258	3.0851289
2259	3.0851352
2260	3.0851414
2261	3.0851438
2262	3.0851778
2263	3.0852381
2264	3.0854032
2265	3.0853602
2266	3.0852664
2267	3.0853047
2268	3.0852974
2269	3.0853144
2270	3.0852966
2271	3.0852228
2272	3.0852330
2273	3.0852170
2274	3.0851740
2275	3.0851855
2276	3.0851916
2277	3.0851977
2278	3.0854049
2279	3.0853984
2280	3.0854034
2281	3.0853610
2282	3.0854314
2283	3.0855162
2284	3.0856010
2285	3.0858012
2286	3.0858486
2287	3.0859802
2288	3.0860057
2289	3.0860796
2290	3.0861080
2291	3.0862301
2292	3.0864051
2293	3.0864085
2294	3.0867663
2295	3.0867897
2296	3.0868203
2297	3.0868304
2298	3.0873351
2299	3.0874206
2300	3.0877084
2301	3.0879141
2302	3.0881415
2303	3.0883917
2304	3.0889433
2305	3.0892537
2306	3.0895370
2307	3.0903413
2308	3.0910378
2309	3.0922741
2310	3.0927930
2311	3.0949065
2312	3.0967191
2313	3.0984401
2314	3.1002411
2315	3.1025305
2316	3.1048199
2317	3.1081064
2318	3.1111334
2319	3.1141605
2320	3.1182508
2321	3.1220359
2322	3.1267673
2323	3.1313664
2324	3.1359655
2325	3.1408394
2326	3.1461652
2327	3.1514693
2328	3.1565634
2329	3.1615353
2330	3.1672129
2331	3.1726464
2332	3.1777624
2333	3.1832935
2334	3.1884278
2335	3.1936476
2336	3.1987885
2337	3.2033914
2338	3.2079944
2339	3.2126342
2340	3.2166940
2341	3.2207538
2342	3.2244779
2343	3.2281990
2344	3.2310102
2345	3.2337880
2346	3.2366065
2347	3.2390891
2348	3.2412056
2349	3.2428505
2350	3.2443242
2351	3.2454792
2352	3.2462727
2353	3.2470577
2354	3.2476081
2355	3.2477948
2356	3.2477633
2357	3.2476252
2358	3.2469442
2359	3.2460092
2360	3.2451142
2361	3.2442191
2362	3.2426513
2363	3.2418313
2364	3.2397927
2365	3.2379699
2366	3.2360773
2367	3.2341848
2368	3.2325899
2369	3.2306481
2370	3.2289650
2371	3.2271488
2372	3.2253744
2373	3.2240505
2374	3.2222258
2375	3.2209522
2376	3.2202044
2377	3.2192886
2378	3.2182660
2379	3.2175182
2380	3.2172434
2381	3.2169992
2382	3.2169632
2383	3.2171654
2384	3.2171671
2385	3.2174876
2386	3.2184950
2387	3.2193684
2388	3.2201433
2389	3.2209980
2390	3.2220771
2391	3.2227030
2392	3.2239604
2393	3.2250884
2394	3.2255462
2395	3.2271069
2396	3.2282935
2397	3.2291898
2398	3.2298604
2399	3.2306082
2400	3.2313559
2401	3.2316905
2402	3.2322419
2403	3.2325040
2404	3.2326738
2405	3.2332001
2406	3.2332291
2407	3.2332127
2408	3.2330162
2409	3.2328198
2410	3.2327807
2411	3.2318547
2412	3.2312747
2413	3.2307224
2414	3.2301352
2415	3.2292786
2416	3.2286598
2417	3.2280754
2418	3.2274831
2419	3.2266129
2420	3.2259954
2421	3.2253822
2422	3.2249327
2423	3.2246152
2424	3.2243558
2425	3.2238732
2426	3.2238521
2427	3.2238541
2428	3.2239501
2429	3.2240462
2430	3.2244168
2431	3.2250884
2432	3.2261349
2433	3.2266146
2434	3.2281525
2435	3.2293924
2436	3.2309273
2437	3.2323228
2438	3.2337531
2439	3.2346122
2440	3.2367184
2441	3.2384583
2442	3.2403857
2443	3.2421824
2444	3.2439782
2445	3.2459585
2446	3.2474937
2447	3.2486842
2448	3.2506610
2449	3.2522968
2450	3.2537310
2451	3.2546671
2452	3.2560712
2453	3.2572922
2454	3.2584217
2455	3.2591237
2456	3.2599174
2457	3.2604973
2458	3.2605584
2459	3.2611834
2460	3.2613743
2461	3.2613521
2462	3.2612350
2463	3.2606270
2464	3.2603142
2465	3.2593628
2466	3.2583003
2467	3.2573533
2468	3.2558445
2469	3.2544839
2470	3.2526205
2471	3.2507650
2472	3.2488612
2473	3.2465291
2474	3.2443679
2475	3.2419320
2476	3.2394961
2477	3.2364742
2478	3.2339101
2479	3.2310872
2480	3.2288612
2481	3.2255552
2482	3.2226219
2483	3.2201128
2484	3.2174724
2485	3.2148320
2486	3.2126036
2487	3.2108942
2488	3.2087880
2489	3.2064681
2490	3.2060361
2491	3.2043548
2492	3.2034156
2493	3.2024312
2494	3.2020887
2495	3.2020786
2496	3.2019582
2497	3.2019962
2498	3.2021924
2499	3.2031809
2500	3.2032935
2501	3.2040871
2502	3.2059155
2503	3.2073304
2504	3.2084827
2505	3.2100395
2506	3.2115963
2507	3.2133558
2508	3.2147139
2509	3.2160896
2510	3.2180900
2511	3.2187697
2512	3.2206470
2513	3.2222539
2514	3.2237553
2515	3.2250107
2516	3.2264340
2517	3.2274404
2518	3.2277746
2519	3.2290871
2520	3.2300718
2521	3.2305065
2522	3.2309879
2523	3.2314070
2524	3.2318344
2525	3.2318954
2526	3.2322852
2527	3.2323609
2528	3.2323609
2529	3.2322562
2530	3.2322294
2531	3.2322025
2532	3.2318226
2533	3.2317123
2534	3.2314131
2535	3.2311872
2536	3.2309690
2537	3.2309339
2538	3.2306759
2539	3.2306003
2540	3.2305247
2541	3.2304226
2542	3.2304791
2543	3.2305829
2544	3.2309568
2545	3.2316741
2546	3.2322617
2547	3.2330554
2548	3.2339284
2549	3.2347953
2550	3.2371340
2551	3.2389772
2552	3.2411750
2553	3.2438070
2554	3.2464005
2555	3.2492975
2556	3.2521946
2557	3.2561018
2558	3.2606320
2559	3.2648755
2560	3.2694106
2561	3.2738063
2562	3.2800944
2563	3.2855278
2564	3.2915108
2565	3.2979821
2566	3.3044534
2567	3.3117183
2568	3.3182506
2569	3.3259124
2570	3.3335742
2571	3.3422433
2572	3.3493861
2573	3.3578111
2574	3.3660528
2575	3.3736230
2576	3.3811932
2577	3.3891908
2578	3.3977683
2579	3.4060253
2580	3.4142518
2581	3.4216083
2582	3.4294227
2583	3.4364435
2584	3.4430979
2585	3.4518891
2586	3.4578389
2587	3.4636857
2588	3.4695326
2589	3.4754544
2590	3.4800332
2591	3.4854971
2592	3.4905730
2593	3.4948785
2594	3.4986229
2595	3.5020875
2596	3.5054910
2597	3.5084214
2598	3.5111998
2599	3.5133741
2600	3.5152628
2601	3.5165716
2602	3.5178842
2603	3.5186923
2604	3.5187083
2605	3.5188576
2606	3.5188493
2607	3.5184794
2608	3.5174924
2609	3.5159916
2610	3.5145467
2611	3.5122777
2612	3.5102682
2613	3.5074217
2614	3.5048093
2615	3.5014312
2616	3.4978728
2617	3.4944715
2618	3.4904015
2619	3.4865045
2620	3.4820478
2621	3.4775912
2622	3.4725850
2623	3.4676705
2624	3.4627560
2625	3.4575423
2626	3.4518464
2627	3.4466155
2628	3.4412664
2629	3.4360466
2630	3.4308269
2631	3.4256987
2632	3.4204624
2633	3.4154188
2634	3.4104667
2635	3.4058421
2636	3.4014236
2637	3.3974401
2638	3.3938649
2639	3.3907933
2640	3.3878248
2641	3.3854667
2642	3.3831468
2643	3.3812543
2644	3.3796826
2645	3.3784541
2646	3.3780797
2647	3.3776756
2648	3.3775108
2649	3.3775302
2650	3.3778049
2651	3.3790041
2652	3.3802958
2653	3.3818124
2654	3.3833823
2655	3.3850655
2656	3.3867182
2657	3.3890839
2658	3.3913394
2659	3.3932506
2660	3.3952347
2661	3.3973837
2662	3.3996608
2663	3.4015534
2664	3.4038748
2665	3.4055827
2666	3.4074171
2667	3.4086352
2668	3.4106498
2669	3.4119522
2670	3.4126217
2671	3.4138712
2672	3.4147576
2673	3.4154752
2674	3.4160426
2675	3.4161686
2676	3.4161658
2677	3.4160894
2678	3.4159535
2679	3.4153690
2680	3.4144166
2681	3.4133360
2682	3.4120709
2683	3.4108025
2684	3.4089616
2685	3.4070174
2686	3.4050332
2687	3.4024233
2688	3.3998058
2689	3.3971883
2690	3.3938611
2691	3.3905339
2692	3.3872982
2693	3.3833387
2694	3.3799417
2695	3.3755286
2696	3.3715438
2697	3.3674722
2698	3.3630079
2699	3.3587001
2700	3.3543923
2701	3.3500882
2702	3.3450974
2703	3.3401305
2704	3.3352378
2705	3.3304988
2706	3.3261452
2707	3.3217916
2708	3.3167854
2709	3.3122067
2710	3.3082995
2711	3.3040260
2712	3.3000577
2713	3.2963337
2714	3.2930370
2715	3.2897403
2716	3.2866573
2717	3.2839863
2718	3.2815596
2719	3.2794229
2720	3.2775303
2721	3.2758209
2722	3.2744308
2723	3.2732202
2724	3.2724021
2725	3.2717384
2726	3.2717000
2727	3.2710997
2728	3.2708453
2729	3.2704907
2730	3.2705014
2731	3.2705970
2732	3.2706925
2733	3.2708301
2734	3.2713032
2735	3.2718543
2736	3.2720256
2737	3.2721884
2738	3.2727598
2739	3.2730626
2740	3.2733725
2741	3.2738429
2742	3.2739360
2743	3.2739589
2744	3.2741848
2745	3.2743220
2746	3.2743202
2747	3.2741660
2748	3.2740301
2749	3.2739041
2750	3.2737986
2751	3.2735926
2752	3.2727786
2753	3.2722698
2754	3.2712649
2755	3.2707385
2756	3.2701760
2757	3.2689528
2758	3.2675822
2759	3.2662907
2760	3.2649235
2761	3.2635764
2762	3.2625731
2763	3.2606417
2764	3.2587269
2765	3.2566817
2766	3.2548563
2767	3.2522068
2768	3.2501189
2769	3.2474719
2770	3.2447072
2771	3.2418161
2772	3.2391427
2773	3.2364284
2774	3.2339406
2775	3.2311857
2776	3.2280249
2777	3.2253662
2778	3.2229272
2779	3.2201006
2780	3.2175399
2781	3.2154280
2782	3.2135005
2783	3.2115537
2784	3.2100558
2785	3.2088796
2786	3.2078480
2787	3.2071397
2788	3.2067201
2789	3.2063536
2790	3.2063865
2791	3.2065873
2792	3.2066207
2793	3.2077257
2794	3.2088657
2795	3.2096919
2796	3.2105180
2797	3.2122951
2798	3.2139162
2799	3.2154119
2800	3.2170545
2801	3.2186813
2802	3.2204090
2803	3.2220380
2804	3.2235316
2805	3.2252562
2806	3.2263399
2807	3.2277793
2808	3.2289925
2809	3.2302184
2810	3.2313867
2811	3.2322471
2812	3.2330493
2813	3.2339239
2814	3.2343069
2815	3.2345206
2816	3.2351454
2817	3.2352939
2818	3.2355908
2819	3.2355900
2820	3.2352914
2821	3.2351525
2822	3.2350137
2823	3.2343247
2824	3.2341441
2825	3.2333759
2826	3.2324784
2827	3.2318344
2828	3.2309247
2829	3.2299322
2830	3.2293924
2831	3.2282063
2832	3.2270216
2833	3.2259431
2834	3.2250680
2835	3.2237697
2836	3.2224327
2837	3.2213948
2838	3.2199703
2839	3.2189223
2840	3.2175466
2841	3.2163368
2842	3.2153160
2843	3.2141938
2844	3.2131744
2845	3.2125090
2846	3.2118436
2847	3.2108882
2848	3.2107171
2849	3.2106195
2850	3.2105324
2851	3.2104999
2852	3.2105928
2853	3.2112004
2854	3.2116268
2855	3.2126647
2856	3.2138780
2857	3.2150533
2858	3.2163989
2859	3.2177624
2860	3.2196549
2861	3.2214864
2862	3.2235010
2863	3.2255768
2864	3.2276525
2865	3.2296729
2866	3.2321498
2867	3.2348279
2868	3.2372200
2869	3.2393435
2870	3.2417187
2871	3.2438651
2872	3.2457493
2873	3.2475242
2874	3.2494473
2875	3.2514925
2876	3.2535095
2877	3.2549418
2878	3.2552776
2879	3.2574906
2880	3.2590693
2881	3.2600395
2882	3.2612198
2883	3.2624732
2884	3.2630485
2885	3.2632141
2886	3.2640455
2887	3.2642825
2888	3.2647142
2889	3.2648392
2890	3.2649642
2891	3.2649280
2892	3.2648786
2893	3.2647067
2894	3.2638856
2895	3.2632955
2896	3.2627867
2897	3.2614374
2898	3.2608560
2899	3.2595053
2900	3.2580859
2901	3.2565306
2902	3.2550283
2903	3.2534033
2904	3.2513398
2905	3.2492336
2906	3.2472698
2907	3.2450558
2908	3.2427338
2909	3.2404699
2910	3.2381749
2911	3.2359858
2912	3.2332945
2913	3.2306931
2914	3.2280917
2915	3.2255604
2916	3.2232340
2917	3.2212002
2918	3.2191665
2919	3.2172434
2920	3.2153509
2921	3.2136473
2922	3.2125426
2923	3.2109349
2924	3.2098105
2925	3.2089834
2926	3.2083301
2927	3.2080074
2928	3.2078330
2929	3.2078687
2930	3.2079194
2931	3.2085947
2932	3.2089406
2933	3.2100858
2934	3.2109146
2935	3.2123430
2936	3.2135982
2937	3.2147867
2938	3.2158349
2939	3.2172434
2940	3.2182813
2941	3.2201230
2942	3.2214921
2943	3.2228613
2944	3.2240200
2945	3.2254546
2946	3.2266727
2947	3.2275100
2948	3.2285682
2949	3.2294000
2950	3.2302296
2951	3.2303997
2952	3.2314477
2953	3.2318954
2954	3.2323533
2955	3.2323838
2956	3.2326993
2957	3.2328022
2958	3.2327807
2959	3.2327807
2960	3.2324580
2961	3.2322414
2962	3.2318983
2963	3.2317123
2964	3.2310687
2965	3.2304150
2966	3.2296024
2967	3.2295145
2968	3.2284824
2969	3.2274763
2970	3.2264861
2971	3.2259431
2972	3.2257599
2973	3.2241552
2974	3.2230025
2975	3.2225242
2976	3.2210896
2977	3.2200204
2978	3.2190749
2979	3.2180371
2980	3.2167027
2981	3.2155613
2982	3.2148625
2983	3.2134060
2984	3.2124917
2985	3.2114131
2986	3.2098869
2987	3.2091238
2988	3.2075161
2989	3.2063959
2990	3.2054913
2991	3.2043008
2992	3.2031409
2993	3.2019504
2994	3.2009678
2995	3.1999852
2996	3.1991421
2997	3.1976464
2998	3.1967306
2999	3.1954689
3000	3.1947160
3001	3.1935255
3002	3.1922333
3003	3.1910976
3004	3.1900968
3005	3.1890961
3006	3.1880546
3007	3.1872780
3008	3.1860594
3009	3.1850396
3010	3.1838979
3011	3.1831470
3012	3.1819565
3013	3.1811018
3014	3.1800579
3015	3.1790822
3016	3.1782834
3017	3.1774617
3018	3.1763708
3019	3.1758210
3020	3.1750884
3021	3.1737017
3022	3.1726922
3023	3.1719872
3024	3.1712822
3025	3.1704333
3026	3.1697661
3027	3.1690990
3028	3.1683230
3029	3.1672749
3030	3.1666247
3031	3.1657783
3032	3.1648044
3033	3.1640640
3034	3.1636110
3035	3.1626400
3036	3.1618558
3037	3.1611995
3038	3.1604931
3039	3.1599175
3040	3.1592765
3041	3.1583505
3042	3.1578418
3043	3.1573229
3044	3.1565437
3045	3.1559267
3046	3.1554990
3047	3.1549623
3048	3.1545451
3049	3.1540058
3050	3.1534665
3051	3.1528662
3052	3.1521489
3053	3.1516147
3054	3.1511975
3055	3.1507110
3056	3.1505768
3057	3.1500493
3058	3.1498748
3059	3.1493558
3060	3.1488598
3061	3.1483602
3062	3.1480704
3063	3.1479604
3064	3.1475040
3065	3.1472036
3066	3.1471122
3067	3.1467815
3068	3.1464254
3069	3.1462484
3070	3.1458062
3071	3.1456899
3072	3.1456536
3073	3.1454028
3074	3.1453694
3075	3.1453360
3076	3.1453265
3077	3.1449253
3078	3.1448992
3079	3.1445968
3080	3.1443042
3081	3.1441890
3082	3.1441589
3083	3.1441083
3084	3.1440292
3085	3.1438795
3086	3.1438558
3087	3.1438715
3088	3.1438734
3089	3.1438637
3090	3.1438637
3091	3.1438241
3092	3.1438104
3093	3.1437484
3094	3.1437575
3095	3.1437261
3096	3.1437226
3097	3.1437218
3098	3.1437263
3099	3.1436476
3100	3.1435139
3101	3.1435400
3102	3.1435794
3103	3.1435997
3104	3.1436317
3105	3.1436249
3106	3.1436363
3107	3.1436405
3108	3.1436477
3109	3.1435689
3110	3.1435769
3111	3.1436062
3112	3.1435997
3113	3.1436025
3114	3.1436385
3115	3.1436232
3116	3.1435095
3117	3.1435256
3118	3.1435256
3119	3.1435256
3120	3.1435808
3121	3.1435146
3122	3.1434463
3123	3.1433780
3124	3.1433322
3125	3.1433171
3126	3.1433020
3127	3.1432475
3128	3.1432465
3129	3.1431898
3130	3.1431549
3131	3.1431200
3132	3.1430626
3133	3.1429177
3134	3.1428845
3135	3.1426810
3136	3.1425812
3137	3.1424877
3138	3.1422900
3139	3.1421248
3140	3.1421112
3141	3.1418593
3142	3.1418808
3143	3.1418803
3144	3.1415166
3145	3.1414600
3146	3.1412310
3147	3.1412133
3148	3.1409765
3149	3.1408088
3150	3.1406333
3151	3.1404349
3152	3.1403754
3153	3.1400533
3154	3.1400152
3155	3.1397757
3156	3.1395375
3157	3.1394065
3158	3.1392041
3159	3.1390587
3160	3.1388467
3161	3.1386283
3162	3.1382912
3163	3.1381730
3164	3.1380548
3165	3.1376037
3166	3.1374241
3167	3.1371764
3168	3.1368965
3169	3.1368185
3170	3.1367405
3171	3.1366727
3172	3.1366574
3173	3.1360775
3174	3.1359309
3175	3.1355722
3176	3.1352134
3177	3.1351007
3178	3.1347344
3179	3.1345817
3180	3.1341340
3181	3.1337377
3182	3.1335840
3183	3.1334690
3184	3.1329285
3185	3.1326587
3186	3.1325017
3187	3.1324552
3188	3.1320210
3189	3.1318752
3190	3.1318141
3191	3.1315598
3192	3.1311426
3193	3.1309187
3194	3.1305227
3195	3.1302454
3196	3.1299937
3197	3.1297664
3198	3.1294299
3199	3.1293314
3200	3.1291177
3201	3.1288823
3202	3.1285378
3203	3.1284157
3204	3.1278720
3205	3.1276734
3206	3.1274747
3207	3.1273473
3208	3.1267979
3209	3.1263705
3210	3.1263400
3211	3.1258603
3212	3.1258414
3213	3.1255260
3214	3.1249756
3215	3.1248386
3216	3.1247016
3217	3.1242300
3218	3.1241666
3219	3.1235900
3220	3.1233655
3221	3.1232977
3222	3.1229212
3223	3.1226770
3224	3.1222932
3225	3.1221072
3226	3.1219851
3227	3.1217612
3228	3.1212321
3229	3.1208697
3230	3.1205402
3231	3.1205097
3232	3.1200518
3233	3.1198534
3234	3.1196252
3235	3.1195329
3236	3.1190789
3237	3.1186250
3238	3.1184594
3239	3.1181576
3240	3.1180524
3241	3.1176811
3242	3.1174063
3243	3.1171321
3244	3.1168826
3245	3.1166051
3246	3.1163275
3247	3.1160225
3248	3.1157289
3249	3.1154353
3250	3.1150680
3251	3.1149290
3252	3.1147354
3253	3.1144719
3254	3.1141509
3255	3.1139850
3256	3.1137619
3257	3.1135805
3258	3.1132448
3259	3.1129075
3260	3.1126419
3261	3.1124478
3262	3.1122680
3263	3.1119856
3264	3.1115546
3265	3.1111966
3266	3.1111690
3267	3.1106578
3268	3.1106440
3269	3.1104208
3270	3.1101289
3271	3.1100396
3272	3.1096428
3273	3.1094074
3274	3.1093545
3275	3.1087410
3276	3.1086265
3277	3.1084584
3278	3.1080250
3279	3.1078709
3280	3.1077168
3281	3.1073205
3282	3.1071733
3283	3.1068101
3284	3.1064410
3285	3.1063505
3286	3.1060790
3287	3.1057714
3288	3.1057051
3289	3.1053897
3290	3.1053693
3291	3.1050989
3292	3.1048417
3293	3.1046641
3294	3.1046236
3295	3.1039085
3296	3.1038329
3297	3.1034434
3298	3.1032880
3299	3.1031308
3300	3.1027364
3301	3.1026831
3302	3.1024999
3303	3.1022180
3304	3.1020980
3305	3.1019098
3306	3.1018182
3307	3.1014926
3308	3.1014926
3309	3.1014723
3310	3.1010653
3311	3.1006929
3312	3.1005769
3313	3.1004609
3314	3.1003754
3315	3.0998952
3316	3.0995904
3317	3.0995451
3318	3.0993172
3319	3.0992887
3320	3.0989393
3321	3.0988100
3322	3.0986807
3323	3.0982965
3324	3.0981578
3325	3.0980658
3326	3.0980074
3327	3.0979212
3328	3.0975898
3329	3.0974938
3330	3.0971238
3331	3.0969444
3332	3.0968223
3333	3.0965781
3334	3.0964357
3335	3.0963077
3336	3.0961730
3337	3.0960775
3338	3.0958368
3339	3.0957612
3340	3.0956856
3341	3.0956013
3342	3.0951287
3343	3.0949786
3344	3.0948285
3345	3.0945699
3346	3.0945627
3347	3.0945555
3348	3.0945253
3349	3.0944337
3350	3.0940873
3351	3.0940242
3352	3.0935871
3353	3.0935867
3354	3.0935561
3355	3.0933636
3356	3.0933196
3357	3.0933119
3358	3.0932509
3359	3.0930296
3360	3.0928846
3361	3.0926636
3362	3.0926317
3363	3.0926099
3364	3.0920953
3365	3.0920299
3366	3.0919383
3367	3.0917674
3368	3.0917653
3369	3.0915289
3370	3.0914499
3371	3.0913644
3372	3.0912063
3373	3.0910531
3374	3.0909819
3375	3.0909615
3376	3.0907987
3377	3.0907600
3378	3.0906560
3379	3.0905647
3380	3.0903052
3381	3.0900305
3382	3.0900766
3383	3.0899931
3384	3.0899106
3385	3.0898046
3386	3.0896795
3387	3.0896213
3388	3.0896097
3389	3.0894701
3390	3.0894333
3391	3.0893965
3392	3.0889230
3393	3.0889163
3394	3.0887419
3395	3.0886416
3396	3.0885893
3397	3.0885806
3398	3.0882811
3399	3.0882219
3400	3.0880976
3401	3.0881102
3402	3.0879888
3403	3.0879867
3404	3.0878749
3405	3.0876505
3406	3.0876474
3407	3.0876139
3408	3.0875238
3409	3.0875183
3410	3.0873107
3411	3.0869050
3412	3.0869576
3413	3.0869089
3414	3.0868292
3415	3.0865519
3416	3.0864391
3417	3.0864289
3418	3.0864297
3419	3.0864226
3420	3.0863871
3421	3.0862301
3422	3.0860877
3423	3.0859619
3424	3.0859549
3425	3.0859478
3426	3.0859325
3427	3.0856503
3428	3.0856273
3429	3.0855629
3430	3.0855679
3431	3.0855647
3432	3.0855128
3433	3.0853525
3434	3.0852515
3435	3.0851505
3436	3.0850091
3437	3.0849557
3438	3.0847268
3439	3.0847723
3440	3.0847889
3441	3.0847783
3442	3.0847629
3443	3.0847141
3444	3.0845328
3445	3.0844324
3446	3.0843572
3447	3.0843559
3448	3.0840407
3449	3.0839530
3450	3.0839118
3451	3.0838512
3452	3.0838638
3453	3.0838034
3454	3.0837750
3455	3.0837576
3456	3.0837002
3457	3.0836617
3458	3.0836599
3459	3.0834925
3460	3.0834595
3461	3.0834265
3462	3.0834348
3463	3.0834320
3464	3.0834219
3465	3.0834195
3466	3.0833913
3467	3.0831189
3468	3.0830861
3469	3.0830810
3470	3.0830563
3471	3.0828406
3472	3.0828298
3473	3.0828190
3474	3.0828190
3475	3.0828164
3476	3.0826614
3477	3.0825812
3478	3.0825890
3479	3.0825709
3480	3.0825671
3481	3.0825061
3482	3.0824527
3483	3.0824488
3484	3.0823104
3485	3.0822767
3486	3.0822996
3487	3.0822721
3488	3.0822625
3489	3.0821289
3490	3.0821360
3491	3.0821387
3492	3.0821539
3493	3.0821342
3494	3.0821364
3495	3.0820940
3496	3.0820898
3497	3.0819414
3498	3.0819566
3499	3.0819348
3500	3.0818651
3501	3.0818207
3502	3.0818222
3503	3.0818447
3504	3.0820604
3505	3.0820491
3506	3.0818252
3507	3.0817573
3508	3.0817942
3509	3.0818078
3510	3.0817453
3511	3.0817658
3512	3.0817451
3513	3.0817063
3514	3.0817470
3515	3.0819028
3516	3.0818773
3517	3.0818488
3518	3.0818203
3519	3.0818193
3520	3.0817700
3521	3.0817430
3522	3.0816921
3523	3.0817124
3524	3.0817648
3525	3.0817735
3526	3.0818999
3527	3.0818727
3528	3.0816815
3529	3.0818127
3530	3.0820598
3531	3.0820083
3532	3.0818895
3533	3.0818875
3534	3.0818345
3535	3.0818521
3536	3.0818567
3537	3.0818875
3538	3.0819185
3539	3.0819058
3540	3.0819174
3541	3.0820100
3542	3.0820195
3543	3.0820094
3544	3.0820482
3545	3.0820081
3546	3.0820482
3547	3.0820075
3548	3.0820151
3549	3.0820215
3550	3.0820100
3551	3.0820247
3552	3.0821283
3553	3.0821621
3554	3.0821169
3555	3.0821092
3556	3.0820017
3557	3.0820262
3558	3.0822036
3559	3.0822314
3560	3.0822334
3561	3.0822815
3562	3.0821779
3563	3.0821779
3564	3.0820566
3565	3.0820584
3566	3.0821790
3567	3.0821725
3568	3.0822423
3569	3.0822637
3570	3.0823037
3571	3.0823844
3572	3.0823648
3573	3.0823681
3574	3.0823604
3575	3.0823687
3576	3.0823400
3577	3.0823114
3578	3.0822964
3579	3.0822685
3580	3.0822639
3581	3.0822420
3582	3.0822237
3583	3.0821092
3584	3.0821093
3585	3.0821155
3586	3.0821218
3587	3.0821425
3588	3.0821579
3589	3.0821733
3590	3.0821703
3591	3.0821825
3592	3.0822144
3593	3.0823073
3594	3.0823433
3595	3.0823412
3596	3.0823354
3597	3.0823504
3598	3.0823181
3599	3.0823344
3600	3.0823413
3601	3.0823412
3602	3.0823404
3603	3.0822793
3604	3.0822567
3605	3.0823894
3606	3.0823796
3607	3.0823069
3608	3.0823186
3609	3.0823077
3610	3.0823229
3611	3.0823229
3612	3.0823331
3613	3.0823999
3614	3.0822647
3615	3.0821669
3616	3.0821825
3617	3.0821321
3618	3.0822056
3619	3.0823136
3620	3.0823306
3621	3.0823458
3622	3.0822992
3623	3.0822733
3624	3.0822314
3625	3.0822381
3626	3.0822959
3627	3.0823885
3628	3.0823951
3629	3.0825335
3630	3.0825075
3631	3.0824755
3632	3.0824454
3633	3.0824511
3634	3.0823596
3635	3.0823622
3636	3.0823473
3637	3.0823249
3638	3.0822947
3639	3.0822838
3640	3.0822728
3641	3.0822890
3642	3.0822869
3643	3.0822695
3644	3.0822212
3645	3.0822388
3646	3.0822924
3647	3.0823753
3648	3.0823799
3649	3.0823874
3650	3.0823662
3651	3.0823358
3652	3.0823779
3653	3.0824399
3654	3.0822666
3655	3.0823331
3656	3.0823529
3657	3.0823463
3658	3.0822336
3659	3.0822225
3660	3.0822347
3661	3.0822468
3662	3.0822542
3663	3.0822546
3664	3.0822550
3665	3.0823412
3666	3.0823245
3667	3.0823316
3668	3.0823636
3669	3.0823809
3670	3.0823086
3671	3.0823887
3672	3.0823725
3673	3.0823692
3674	3.0823941
3675	3.0824860
3676	3.0824145
3677	3.0824608
3678	3.0824543
3679	3.0824077
3680	3.0823596
3681	3.0823687
3682	3.0823753
3683	3.0823055
3684	3.0822905
3685	3.0823065
3686	3.0823006
3687	3.0822654
3688	3.0822563
3689	3.0822582
3690	3.0822549
3691	3.0821830
3692	3.0822212
3693	3.0822499
3694	3.0822786
3695	3.0824603
3696	3.0824450
3697	3.0824058
3698	3.0824145
3699	3.0824755
3700	3.0825137
3701	3.0825519
3702	3.0826653
3703	3.0826384
3704	3.0826234
3705	3.0826077
3706	3.0826000
3707	3.0825961
3708	3.0825909
3709	3.0827469
3710	3.0827442
3711	3.0826892
3712	3.0827023
3713	3.0827560
3714	3.0827463
3715	3.0826865
3716	3.0826866
3717	3.0826726
3718	3.0826905
3719	3.0828288
3720	3.0828200
3721	3.0828291
3722	3.0828466
3723	3.0828357
3724	3.0828418
3725	3.0828419
3726	3.0828141
3727	3.0828170
3728	3.0829549
3729	3.0829640
3730	3.0829589
3731	3.0829341
3732	3.0829287
3733	3.0829193
3734	3.0828865
3735	3.0828395
3736	3.0829240
3737	3.0829439
3738	3.0830111
3739	3.0830116
3740	3.0829868
3741	3.0829395
3742	3.0827655
3743	3.0827861
3744	3.0827656
3745	3.0827774
3746	3.0828218
3747	3.0828508
3748	3.0827579
3749	3.0827785
3750	3.0827372
3751	3.0827736
3752	3.0827825
3753	3.0827685
3754	3.0827678
3755	3.0827630
3756	3.0827681
3757	3.0828047
3758	3.0828414
3759	3.0828942
3760	3.0828942
3761	3.0828935
3762	3.0828785
3763	3.0826892
3764	3.0826663
3765	3.0826740
3766	3.0826849
3767	3.0828474
3768	3.0828351
3769	3.0828266
3770	3.0828032
3771	3.0828549
3772	3.0828480
3773	3.0827379
3774	3.0828280
3775	3.0828177
3776	3.0828190
3777	3.0828902
3778	3.0828663
3779	3.0828779
3780	3.0829291
3781	3.0829716
3782	3.0830784
3783	3.0830860
3784	3.0831988
3785	3.0832692
3786	3.0833537
3787	3.0833913
3788	3.0834038
3789	3.0834163
3790	3.0838192
3791	3.0838508
3792	3.0838644
3793	3.0840934
3794	3.0842859
3795	3.0843899
3796	3.0845905
3797	3.0846428
3798	3.0846428
3799	3.0848336
3800	3.0851007
3801	3.0853480
3802	3.0855954
3803	3.0861579
3804	3.0862606
3805	3.0870601
3806	3.0875705
3807	3.0883364
3808	3.0894540
3809	3.0905341
3810	3.0915720
3811	3.0927625
3812	3.0941971
3813	3.0962990
3814	3.0987148
3815	3.1010103
3816	3.1035378
3817	3.1066623
3818	3.1097191
3819	3.1131121
3820	3.1165051
3821	3.1204915
3822	3.1239590
3823	3.1289956
3824	3.1330250
3825	3.1383316
3826	3.1434728
3827	3.1482916
3828	3.1531104
3829	3.1588491
3830	3.1638857
3831	3.1689224
3832	3.1741727
3833	3.1794229
3834	3.1858332
3835	3.1902593
3836	3.1946854
3837	3.1995389
3838	3.2043924
3839	3.2088185
3840	3.2130462
3841	3.2171824
3842	3.2213185
3843	3.2254547
3844	3.2288920
3845	3.2316207
3846	3.2346427
3847	3.2371915
3848	3.2397175
3849	3.2422434
3850	3.2443191
3851	3.2460786
3852	3.2472190
3853	3.2485010
3854	3.2498212
3855	3.2507084
3856	3.2512741
3857	3.2515841
3858	3.2519503
3859	3.2519416
3860	3.2517367
3861	3.2515535
3862	3.2508427
3863	3.2497525
3864	3.2485926
3865	3.2473289
3866	3.2461506
3867	3.2447770
3868	3.2428081
3869	3.2411750
3870	3.2392825
3871	3.2372373
3872	3.2351616
3873	3.2332874
3874	3.2311462
3875	3.2292092
3876	3.2274638
3877	3.2258973
3878	3.2240505
3879	3.2229516
3880	3.2218527
3881	3.2209369
3882	3.2202303
3883	3.2197052
3884	3.2190871
3885	3.2189115
3886	3.2189948
3887	3.2192428
3888	3.2198228
3889	3.2207722
3890	3.2217216
3891	3.2234095
3892	3.2247635
3893	3.2258973
3894	3.2275163
3895	3.2293433
3896	3.2311628
3897	3.2328722
3898	3.2348520
3899	3.2365734
3900	3.2383794
3901	3.2397098
3902	3.2418582
3903	3.2438213
3904	3.2454180
3905	3.2471640
3906	3.2485316
3907	3.2498441
3908	3.2511989
3909	3.2523888
3910	3.2535342
3911	3.2545432
3912	3.2553691
3913	3.2565066
3914	3.2573638
3915	3.2579158
3916	3.2587269
3917	3.2593025
3918	3.2597953
3919	3.2601136
3920	3.2604540
3921	3.2607644
3922	3.2610216
3923	3.2611689
3924	3.2614436
3925	3.2615505
3926	3.2616488
3927	3.2615840
3928	3.2615840
3929	3.2614497
3930	3.2613846
3931	3.2613521
3932	3.2609863
3933	3.2609552
3934	3.2605134
3935	3.2604516
3936	3.2601555
3937	3.2597953
3938	3.2591906
3939	3.2590016
3940	3.2586020
3941	3.2582080
3942	3.2576585
3943	3.2572007
3944	3.2564314
3945	3.2559810
3946	3.2556570
3947	3.2547698
3948	3.2543001
3949	3.2538456
3950	3.2532873
3951	3.2527789
3952	3.2519067
3953	3.2514287
3954	3.2508667
3955	3.2498747
3956	3.2492947
3957	3.2486842
3958	3.2478623
3959	3.2472953
3960	3.2465474
3961	3.2454621
3962	3.2448991
3963	3.2439252
3964	3.2431647
3965	3.2422783
3966	3.2418847
3967	3.2409115
3968	3.2402287
3969	3.2391893
3970	3.2383667
3971	3.2374161
3972	3.2366512
3973	3.2355204
3974	3.2348258
3975	3.2344901
3976	3.2330656
3977	3.2319565
3978	3.2313154
3979	3.2304913
3980	3.2293595
3981	3.2286293
3982	3.2277173
3983	3.2265005
3984	3.2258576
3985	3.2248217
3986	3.2238673
3987	3.2229876
3988	3.2223585
3989	3.2211627
3990	3.2203875
3991	3.2192729
3992	3.2183171
3993	3.2180432
3994	3.2165902
3995	3.2154587
3996	3.2146793
3997	3.2135632
3998	3.2126013
3999	3.2114992
4000	3.2109248
4001	3.2097160
4002	3.2087435
4003	3.2077711
4004	3.2067367
4005	3.2057431
4006	3.2048350
4007	3.2044840
4008	3.2028814
4009	3.2021030
4010	3.2007051
4011	3.1996407
4012	3.1990811
4013	3.1981806
4014	3.1966645
4015	3.1955147
4016	3.1946593
4017	3.1933962
4018	3.1929989
4019	3.1916852
4020	3.1905434
4021	3.1893283
4022	3.1882142
4023	3.1872874
4024	3.1863607
4025	3.1851698
4026	3.1839406
4027	3.1830569
4028	3.1820481
4029	3.1811057
4030	3.1801817
4031	3.1789026
4032	3.1777651
4033	3.1767978
4034	3.1758332
4035	3.1748442
4036	3.1737627
4037	3.1727075
4038	3.1719749
4039	3.1707539
4040	3.1696305
4041	3.1686781
4042	3.1676166
4043	3.1666025
4044	3.1656333
4045	3.1647238
4046	3.1637944
4047	3.1627807
4048	3.1617486
4049	3.1609401
4050	3.1596573
4051	3.1589330
4052	3.1579028
4053	3.1568086
4054	3.1557941
4055	3.1548992
4056	3.1539651
4057	3.1531409
4058	3.1521183
4059	3.1511873
4060	3.1500775
4061	3.1493619
4062	3.1484511
4063	3.1479212
4064	3.1467612
4065	3.1458590
4066	3.1448700
4067	3.1438811
4068	3.1429781
4069	3.1420909
4070	3.1412283
4071	3.1411751
4072	3.1397477
4073	3.1386971
4074	3.1378197
4075	3.1369494
4076	3.1364743
4077	3.1356806
4078	3.1345948
4079	3.1337016
4080	3.1329726
4081	3.1320569
4082	3.1313625
4083	3.1309841
4084	3.1298809
4085	3.1288663
4086	3.1284184
4087	3.1276600
4088	3.1266579
4089	3.1259508
4090	3.1256684
4091	3.1246489
4092	3.1242643
4093	3.1229975
4094	3.1222496
4095	3.1215001
4096	3.1207607
4097	3.1199297
4098	3.1192175
4099	3.1185052
4100	3.1179090
4101	3.1171789
4102	3.1169688
4103	3.1159479
4104	3.1156780
4105	3.1147863
4106	3.1138553
4107	3.1134890
4108	3.1127869
4109	3.1120238
4110	3.1116880
4111	3.1108699
4112	3.1101465
4113	3.1096611
4114	3.1090760
4115	3.1088797
4116	3.1079639
4117	3.1074603
4118	3.1069032
4119	3.1061791
4120	3.1058882
4121	3.1053082
4122	3.1047283
4123	3.1042322
4124	3.1037210
4125	3.1030575
4126	3.1026068
4127	3.1018092
4128	3.1013193
4129	3.1009279
4130	3.1005921
4131	3.0999715
4132	3.0995146
4133	3.0990577
4134	3.0988041
4135	3.0980425
4136	3.0976312
4137	3.0972039
4138	3.0968790
4139	3.0964838
4140	3.0961660
4141	3.0955860
4142	3.0953876
4143	3.0950824
4144	3.0946550
4145	3.0944719
4146	3.0941361
4147	3.0934569
4148	3.0930677
4149	3.0925793
4150	3.0921825
4151	3.0921563
4152	3.0921215
4153	3.0913669
4154	3.0909920
4155	3.0909005
4156	3.0902085
4157	3.0900457
4158	3.0895213
4159	3.0893568
4160	3.0888956
4161	3.0887732
4162	3.0886509
4163	3.0882753
4164	3.0879271
4165	3.0878235
4166	3.0875173
4167	3.0874168
4168	3.0870543
4169	3.0867506
4170	3.0866270
4171	3.0865354
4172	3.0860295
4173	3.0859249
4174	3.0856885
4175	3.0854521
4176	3.0852533
4177	3.0850357
4178	3.0850135
4179	3.0846713
4180	3.0845360
4181	3.0844673
4182	3.0840850
4183	3.0840796
4184	3.0840743
4185	3.0837881
4186	3.0837576
4187	3.0833684
4188	3.0832081
4189	3.0830297
4190	3.0828512
4191	3.0828052
4192	3.0825353
4193	3.0824878
4194	3.0822970
4195	3.0822863
4196	3.0819933
4197	3.0817721
4198	3.0817552
4199	3.0817056
4200	3.0816738
4201	3.0816412
4202	3.0816026
4203	3.0815640
4204	3.0812546
4205	3.0811935
4206	3.0807708
4207	3.0807333
4208	3.0806957
4209	3.0806894
4210	3.0806907
4211	3.0805830
4212	3.0805830
4213	3.0804470
4214	3.0802533
4215	3.0802855
4216	3.0802639
4217	3.0802036
4218	3.0799431
4219	3.0799503
4220	3.0800590
4221	3.0800030
4222	3.0797724
4223	3.0798538
4224	3.0798547
4225	3.0798555
4226	3.0799725
4227	3.0798791
4228	3.0798618
4229	3.0798382
4230	3.0796773
4231	3.0796672
4232	3.0796367
4233	3.0796011
4234	3.0796367
4235	3.0796946
4236	3.0796901
4237	3.0796673
4238	3.0796708
4239	3.0796842
4240	3.0796978
4241	3.0798648
4242	3.0799611
4243	3.0799539
4244	3.0799343
4245	3.0799191
4246	3.0798475
4247	3.0798532
4248	3.0799515
4249	3.0798504
4250	3.0798310
4251	3.0798293
4252	3.0798692
4253	3.0798659
4254	3.0798877
4255	3.0799115
4256	3.0799170
4257	3.0800946
4258	3.0802930
4259	3.0802968
4260	3.0801840
4261	3.0802598
4262	3.0803205
4263	3.0803184
4264	3.0803333
4265	3.0803269
4266	3.0803388
4267	3.0803732
4268	3.0803897
4269	3.0804165
4270	3.0804304
4271	3.0805478
4272	3.0804812
4273	3.0805741
4274	3.0805757
4275	3.0805474
4276	3.0805220
4277	3.0805932
4278	3.0807255
4279	3.0807492
4280	3.0808178
4281	3.0807906
4282	3.0807803
4283	3.0808232
4284	3.0808136
4285	3.0807068
4286	3.0806663
4287	3.0806607
4288	3.0806644
4289	3.0807082
4290	3.0807204
4291	3.0806998
4292	3.0807138
4293	3.0807890
4294	3.0807814
4295	3.0807772
4296	3.0807585
4297	3.0806517
4298	3.0806276
4299	3.0806278
4300	3.0807084
4301	3.0807560
4302	3.0808577
4303	3.0809968
4304	3.0809595
4305	3.0809737
4306	3.0810075
4307	3.0810331
4308	3.0810541
4309	3.0810606
4310	3.0811231
4311	3.0811548
4312	3.0811348
4313	3.0810964
4314	3.0810954
4315	3.0810944
4316	3.0810397
4317	3.0810409
4318	3.0811325
4319	3.0811281
4320	3.0811334
4321	3.0811401
4322	3.0811457
4323	3.0811497
4324	3.0811325
4325	3.0811408
4326	3.0811380
4327	3.0811280
4328	3.0811181
4329	3.0810928
4330	3.0810831
4331	3.0811724
4332	3.0811632
4333	3.0811491
4334	3.0811409
4335	3.0811401
4336	3.0811677
4337	3.0812206
4338	3.0812230
4339	3.0812197
4340	3.0809925
4341	3.0809731
4342	3.0810714
4343	3.0810409
4344	3.0810604
4345	3.0811241
4346	3.0811241
4347	3.0811328
4348	3.0810631
4349	3.0810801
4350	3.0810714
4351	3.0810516
4352	3.0810581
4353	3.0810638
4354	3.0810696
4355	3.0810770
4356	3.0810845
4357	3.0810797
4358	3.0810801
4359	3.0810867
4360	3.0811392
4361	3.0811491
4362	3.0812661
4363	3.0812709
4364	3.0812758
4365	3.0812843
4366	3.0812868
4367	3.0811982
4368	3.0812068
4369	3.0813767
4370	3.0813766
4371	3.0814008
4372	3.0813919
4373	3.0813309
4374	3.0813334
4375	3.0813699
4376	3.0814652
4377	3.0814471
4378	3.0814776
4379	3.0815055
4380	3.0815171
4381	3.0815659
4382	3.0815487
4383	3.0815845
4384	3.0816819
4385	3.0817266
4386	3.0817181
4387	3.0817277
4388	3.0816692
4389	3.0817032
4390	3.0816375
4391	3.0816455
4392	3.0816232
4393	3.0816053
4394	3.0815903
4395	3.0815856
4396	3.0816132
4397	3.0815293
4398	3.0814807
4399	3.0814800
4400	3.0814640
4401	3.0814988
4402	3.0817148
4403	3.0816921
4404	3.0816774
4405	3.0816501
4406	3.0816582
4407	3.0816575
4408	3.0816880
4409	3.0817245
4410	3.0816870
4411	3.0816819
4412	3.0815629
4413	3.0815713
4414	3.0815903
4415	3.0816357
4416	3.0816242
4417	3.0815531
4418	3.0815560
4419	3.0816239
4420	3.0815191
4421	3.0814630
4422	3.0814530
4423	3.0814547
4424	3.0814530
4425	3.0814809
4426	3.0815026
4427	3.0815336
4428	3.0815649
4429	3.0815566
4430	3.0815827
4431	3.0816177
4432	3.0816349
4433	3.0816005
4434	3.0815840
4435	3.0815637
4436	3.0815864
4437	3.0815530
4438	3.0815055
4439	3.0814560
4440	3.0814606
4441	3.0814631
4442	3.0814804
4443	3.0815052
4444	3.0815020
4445	3.0815462
4446	3.0814713
4447	3.0815182
4448	3.0816514
4449	3.0816523
4450	3.0816689
4451	3.0816666
4452	3.0816981
4453	3.0816758
4454	3.0817340
4455	3.0818900
4456	3.0818895
4457	3.0818642
4458	3.0818627
4459	3.0818727
4460	3.0819592
4461	3.0819668
4462	3.0820055
4463	3.0821398
4464	3.0822069
4465	3.0823382
4466	3.0823840
4467	3.0825045
4468	3.0825824
4469	3.0827808
4470	3.0831628
4471	3.0832692
4472	3.0834101
4473	3.0835821
4474	3.0836126
4475	3.0841851
4476	3.0845141
4477	3.0847497
4478	3.0853594
4479	3.0857984
4480	3.0865781
4481	3.0874184
4482	3.0879701
4483	3.0893437
4484	3.0909528
4485	3.0924441
4486	3.0939835
4487	3.0958150
4488	3.0982265
4489	3.1007436
4490	3.1032607
4491	3.1061019
4492	3.1093376
4493	3.1128816
4494	3.1164256
4495	3.1206044
4496	3.1244337
4497	3.1282631
4498	3.1330250
4499	3.1372984
4500	3.1428540
4501	3.1480432
4502	3.1529273
4503	3.1576586
4504	3.1623900
4505	3.1677319
4506	3.1730737
4507	3.1797282
4508	3.1827197
4509	3.1881531
4510	3.1922434
4511	3.1967611
4512	3.2012178
4513	3.2055218
4514	3.2095664
4515	3.2135728
4516	3.2169251
4517	3.2201215
4518	3.2232765
4519	3.2256683
4520	3.2284308
4521	3.2310636
4522	3.2334789
4523	3.2354974
4524	3.2370999
4525	3.2386216
4526	3.2397556
4527	3.2410224
4528	3.2422684
4529	3.2431592
4530	3.2436475
4531	3.2444751
4532	3.2447617
4533	3.2450552
4534	3.2453417
4535	3.2454333
4536	3.2455248
4537	3.2456240
4538	3.2456561
4539	3.2456012
4540	3.2453163
4541	3.2451127
4542	3.2448904
4543	3.2445180
4544	3.2440222
4545	3.2435265
4546	3.2431897
4547	3.2424868
4548	3.2422739
4549	3.2412683
4550	3.2406637
4551	3.2400456
4552	3.2393787
4553	3.2388704
4554	3.2380431
4555	3.2374204
4556	3.2368100
4557	3.2363215
4558	3.2353667
4559	3.2345349
4560	3.2337346
4561	3.2332996
4562	3.2320595
4563	3.2318344
4564	3.2307308
4565	3.2299724
4566	3.2292703
4567	3.2283545
4568	3.2273261
4569	3.2268893
4570	3.2260804
4571	3.2256073
4572	3.2247678
4573	3.2238107
4574	3.2232569
4575	3.2222495
4576	3.2213033
4577	3.2203761
4578	3.2192973
4579	3.2186027
4580	3.2184034
4581	3.2170489
4582	3.2165413
4583	3.2151231
4584	3.2142496
4585	3.2137254
4586	3.2126535
4587	3.2119626
4588	3.2109545
4589	3.2100090
4590	3.2088819
4591	3.2080223
4592	3.2071878
4593	3.2059464
4594	3.2052166
4595	3.2040610
4596	3.2029882
4597	3.2021488
4598	3.2007294
4599	3.1997526
4600	3.1985020
4601	3.1973578
4602	3.1963521
4603	3.1957111
4604	3.1942352
4605	3.1928409
4606	3.1916635
4607	3.1904847
4608	3.1892825
4609	3.1880463
4610	3.1871152
4611	3.1854974
4612	3.1844291
4613	3.1835744
4614	3.1818955
4615	3.1806020
4616	3.1790892
4617	3.1779578
4618	3.1762117
4619	3.1748900
4620	3.1735850
4621	3.1721774
4622	3.1709675
4623	3.1691477
4624	3.1675793
4625	3.1660225
4626	3.1647404
4627	3.1633134
4628	3.1620390
4629	3.1605323
4630	3.1589407
4631	3.1577807
4632	3.1561716
4633	3.1546443
4634	3.1533220
4635	3.1515404
4636	3.1499314
4637	3.1487148
4638	3.1469376
4639	3.1460439
4640	3.1441028
4641	3.1426284
4642	3.1411541
4643	3.1399389
4644	3.1383058
4645	3.1371764
4646	3.1351617
4647	3.1337270
4648	3.1322924
4649	3.1310103
4650	3.1293701
4651	3.1278589
4652	3.1264091
4653	3.1254242
4654	3.1241117
4655	3.1226402
4656	3.1217307
4657	3.1204792
4658	3.1176404
4659	3.1136721
4660	3.1097039
4661	3.1059493
4662	3.1024542
4663	3.0995696
4664	3.0968333
4665	3.0946550
4666	3.0924064
4667	3.0905952
4668	3.0889163
4669	3.0873596
4670	3.0858304
4671	3.0848870
4672	3.0837242
4673	3.0830174
4674	3.0823840
4675	3.0816601
4676	3.0810958
4677	3.0806256
4678	3.0802472
4679	3.0800564
4680	3.0798173
4681	3.0797710
4682	3.0795831
4683	3.0795859
4684	3.0796978
4685	3.0798063
4686	3.0800062
4687	3.0800018
4688	3.0801473
4689	3.0801557
4690	3.0802429
4691	3.0802889
