x	y
1	0.0323189
2	0.0323189
3	0.0323250
4	0.0323356
5	0.0323442
6	0.0323562
7	0.0323698
8	0.0323823
9	0.0323900
10	0.0323937
11	0.0323967
12	0.0324020
13	0.0324057
14	0.0324060
15	0.0324076
16	0.0324099
17	0.0324104
18	0.0324110
19	0.0324137
20	0.0324149
21	0.0324151
22	0.0324149
23	0.0324147
24	0.0324129
25	0.0324128
26	0.0324128
27	0.0324098
28	0.0324093
29	0.0324073
30	0.0324066
31	0.0324034
32	0.0324015
33	0.0324013
34	0.0324012
35	0.0324016
36	0.0324049
37	0.0324050
38	0.0324051
39	0.0324075
40	0.0324081
41	0.0324105
42	0.0324106
43	0.0324108
44	0.0324139
45	0.0324143
46	0.0324152
47	0.0324152
48	0.0324151
49	0.0324154
50	0.0324168
51	0.0324165
52	0.0324167
53	0.0324177
54	0.0324171
55	0.0324173
56	0.0324170
57	0.0324173
58	0.0324181
59	0.0324182
60	0.0324182
61	0.0324173
62	0.0324172
63	0.0324172
64	0.0324168
65	0.0324165
66	0.0324166
67	0.0324164
68	0.0324170
69	0.0324175
70	0.0324172
71	0.0324174
72	0.0324174
73	0.0324169
74	0.0324147
75	0.0324150
76	0.0324154
77	0.0324161
78	0.0324165
79	0.0324164
80	0.0324153
81	0.0324143
82	0.0324145
83	0.0324149
84	0.0324153
85	0.0324155
86	0.0324157
87	0.0324157
88	0.0324151
89	0.0324151
90	0.0324147
91	0.0324154
92	0.0324151
93	0.0324150
94	0.0324150
95	0.0324152
96	0.0324151
97	0.0324151
98	0.0324142
99	0.0324140
100	0.0324138
101	0.0324140
102	0.0324138
103	0.0324130
104	0.0324136
105	0.0324134
106	0.0324123
107	0.0324124
108	0.0324123
109	0.0324115
110	0.0324113
111	0.0324112
112	0.0324110
113	0.0324108
114	0.0324095
115	0.0324097
116	0.0324115
117	0.0324108
118	0.0324113
119	0.0324113
120	0.0324112
121	0.0324110
122	0.0324109
123	0.0324092
124	0.0324097
125	0.0324103
126	0.0324101
127	0.0324102
128	0.0324097
129	0.0324098
130	0.0324099
131	0.0324099
132	0.0324104
133	0.0324096
134	0.0324073
135	0.0324073
136	0.0324073
137	0.0324089
138	0.0324088
139	0.0324077
140	0.0324076
141	0.0324076
142	0.0324082
143	0.0324082
144	0.0324083
145	0.0324082
146	0.0324084
147	0.0324085
148	0.0324083
149	0.0324077
150	0.0324077
151	0.0324084
152	0.0324087
153	0.0324087
154	0.0324078
155	0.0324079
156	0.0324091
157	0.0324091
158	0.0324094
159	0.0324097
160	0.0324093
161	0.0324086
162	0.0324089
163	0.0324090
164	0.0324086
165	0.0324079
166	0.0324082
167	0.0324081
168	0.0324079
169	0.0324072
170	0.0324070
171	0.0324071
172	0.0324071
173	0.0324071
174	0.0324070
175	0.0324071
176	0.0324067
177	0.0324067
178	0.0324066
179	0.0324060
180	0.0324063
181	0.0324067
182	0.0324059
183	0.0324065
184	0.0324069
185	0.0324066
186	0.0324063
187	0.0324064
188	0.0324063
189	0.0324063
190	0.0324063
191	0.0324060
192	0.0324060
193	0.0324049
194	0.0324040
195	0.0324041
196	0.0324041
197	0.0324039
198	0.0324037
199	0.0324029
200	0.0324021
201	0.0324024
202	0.0324020
203	0.0324023
204	0.0324023
205	0.0324020
206	0.0324017
207	0.0324021
208	0.0324027
209	0.0324027
210	0.0324028
211	0.0324028
212	0.0324029
213	0.0324017
214	0.0324019
215	0.0324023
216	0.0324023
217	0.0324022
218	0.0324020
219	0.0324012
220	0.0324006
221	0.0324006
222	0.0324003
223	0.0324009
224	0.0324017
225	0.0324017
226	0.0324022
227	0.0324024
228	0.0324027
229	0.0324024
230	0.0324039
231	0.0324040
232	0.0324034
233	0.0324029
234	0.0324019
235	0.0324019
236	0.0324020
237	0.0324018
238	0.0324004
239	0.0324011
240	0.0324010
241	0.0324010
242	0.0324025
243	0.0324016
244	0.0324006
245	0.0324011
246	0.0324016
247	0.0324015
248	0.0324012
249	0.0324011
250	0.0323998
251	0.0323990
252	0.0323980
253	0.0323925
254	0.0323916
255	0.0323812
256	0.0323731
257	0.0323623
258	0.0323555
259	0.0323473
260	0.0323420
261	0.0323378
262	0.0323336
263	0.0323336
264	0.0323336
265	0.0323343
266	0.0323445
267	0.0323506
268	0.0323583
269	0.0323653
270	0.0323722
271	0.0323776
272	0.0323867
273	0.0323884
274	0.0323912
275	0.0323920
276	0.0323926
277	0.0323928
278	0.0323933
279	0.0323937
280	0.0323942
281	0.0323955
282	0.0323956
283	0.0323959
284	0.0323963
285	0.0323972
286	0.0323972
287	0.0323979
288	0.0323981
289	0.0323981
290	0.0323981
291	0.0323979
292	0.0323980
293	0.0323980
294	0.0323979
295	0.0323983
296	0.0323990
297	0.0323987
298	0.0323978
299	0.0323980
300	0.0323983
301	0.0323981
302	0.0323977
303	0.0323979
304	0.0323980
305	0.0323975
306	0.0323976
307	0.0323973
308	0.0323974
309	0.0323982
310	0.0323978
311	0.0323963
312	0.0323965
313	0.0323966
314	0.0323973
315	0.0323971
316	0.0323967
317	0.0323969
318	0.0323964
319	0.0323954
320	0.0323951
321	0.0323959
322	0.0323960
323	0.0323959
324	0.0323965
325	0.0323965
326	0.0323956
327	0.0323947
328	0.0323946
329	0.0323948
330	0.0323948
331	0.0323949
332	0.0323956
333	0.0323950
334	0.0323957
335	0.0323956
336	0.0323942
337	0.0323937
338	0.0323925
339	0.0323925
340	0.0323937
341	0.0323933
342	0.0323922
343	0.0323927
344	0.0323934
345	0.0323942
346	0.0323946
347	0.0323948
348	0.0323947
349	0.0323940
350	0.0323937
351	0.0323928
352	0.0323928
353	0.0323928
354	0.0323934
355	0.0323934
356	0.0323928
357	0.0323923
358	0.0323917
359	0.0323921
360	0.0323917
361	0.0323917
362	0.0323922
363	0.0323929
364	0.0323926
365	0.0323920
366	0.0323920
367	0.0323905
368	0.0323909
369	0.0323913
370	0.0323908
371	0.0323913
372	0.0323917
373	0.0323923
374	0.0323921
375	0.0323921
376	0.0323921
377	0.0323915
378	0.0323916
379	0.0323919
380	0.0323918
381	0.0323919
382	0.0323930
383	0.0323942
384	0.0323945
385	0.0323944
386	0.0323934
387	0.0323932
388	0.0323930
389	0.0323928
390	0.0323920
391	0.0323919
392	0.0323928
393	0.0323927
394	0.0323909
395	0.0323906
396	0.0323910
397	0.0323909
398	0.0323914
399	0.0323926
400	0.0323933
401	0.0323931
402	0.0323929
403	0.0323915
404	0.0323917
405	0.0323917
406	0.0323918
407	0.0323918
408	0.0323903
409	0.0323892
410	0.0323872
411	0.0323860
412	0.0323801
413	0.0323710
414	0.0323638
415	0.0323560
416	0.0323450
417	0.0323345
418	0.0323281
419	0.0323179
420	0.0323108
421	0.0323036
422	0.0322935
423	0.0322861
424	0.0322764
425	0.0322680
426	0.0322585
427	0.0322505
428	0.0322402
429	0.0322368
430	0.0322318
431	0.0322316
432	0.0322341
433	0.0322372
434	0.0322661
435	0.0322881
436	0.0323245
437	0.0323699
438	0.0324256
439	0.0324946
440	0.0325607
441	0.0326394
442	0.0327181
443	0.0327925
444	0.0328826
445	0.0329738
446	0.0330643
447	0.0331505
448	0.0332303
449	0.0333058
450	0.0333812
451	0.0334546
452	0.0335252
453	0.0335847
454	0.0336422
455	0.0336998
456	0.0337398
457	0.0337832
458	0.0338265
459	0.0338626
460	0.0338940
461	0.0339200
462	0.0339460
463	0.0339608
464	0.0339824
465	0.0339985
466	0.0340109
467	0.0340201
468	0.0340292
469	0.0340355
470	0.0340430
471	0.0340458
472	0.0340522
473	0.0340537
474	0.0340552
475	0.0340558
476	0.0340557
477	0.0340538
478	0.0340512
479	0.0340486
480	0.0340464
481	0.0340361
482	0.0340250
483	0.0340120
484	0.0339990
485	0.0339798
486	0.0339585
487	0.0339394
488	0.0339135
489	0.0338871
490	0.0338607
491	0.0338333
492	0.0338066
493	0.0337804
494	0.0337548
495	0.0337322
496	0.0337156
497	0.0336999
498	0.0336914
499	0.0336885
500	0.0336868
501	0.0336889
502	0.0336964
503	0.0337142
504	0.0337320
505	0.0337526
506	0.0337690
507	0.0338000
508	0.0338260
509	0.0338502
510	0.0338736
511	0.0338963
512	0.0339198
513	0.0339408
514	0.0339631
515	0.0339795
516	0.0339955
517	0.0340111
518	0.0340255
519	0.0340336
520	0.0340404
521	0.0340505
522	0.0340591
523	0.0340642
524	0.0340657
525	0.0340713
526	0.0340753
527	0.0340761
528	0.0340787
529	0.0340801
530	0.0340825
531	0.0340829
532	0.0340881
533	0.0340908
534	0.0340936
535	0.0340984
536	0.0340990
537	0.0341067
538	0.0341144
539	0.0341173
540	0.0341309
541	0.0341468
542	0.0341537
543	0.0341813
544	0.0342077
545	0.0342340
546	0.0342657
547	0.0343092
548	0.0343551
549	0.0344069
550	0.0344658
551	0.0345300
552	0.0345942
553	0.0346698
554	0.0347465
555	0.0348427
556	0.0349311
557	0.0350367
558	0.0351295
559	0.0352285
560	0.0353308
561	0.0354370
562	0.0355348
563	0.0356426
564	0.0357344
565	0.0358405
566	0.0359095
567	0.0359940
568	0.0360743
569	0.0361506
570	0.0362269
571	0.0362808
572	0.0363367
573	0.0363846
574	0.0364301
575	0.0364731
576	0.0365023
577	0.0365364
578	0.0365648
579	0.0365871
580	0.0366035
581	0.0366174
582	0.0366322
583	0.0366423
584	0.0366477
585	0.0366496
586	0.0366501
587	0.0366495
588	0.0366463
589	0.0366346
590	0.0366196
591	0.0366055
592	0.0365818
593	0.0365577
594	0.0365260
595	0.0364877
596	0.0364498
597	0.0363938
598	0.0363381
599	0.0362825
600	0.0362133
601	0.0361448
602	0.0360762
603	0.0359695
604	0.0358961
605	0.0358005
606	0.0357071
607	0.0356004
608	0.0354989
609	0.0353975
610	0.0352974
611	0.0352035
612	0.0350862
613	0.0349992
614	0.0349122
615	0.0348377
616	0.0347437
617	0.0346732
618	0.0345975
619	0.0345464
620	0.0344894
621	0.0344324
622	0.0344002
623	0.0343602
624	0.0343310
625	0.0343018
626	0.0342590
627	0.0342550
628	0.0342340
629	0.0342167
630	0.0342052
631	0.0341967
632	0.0341862
633	0.0341784
634	0.0341731
635	0.0341692
636	0.0341609
637	0.0341548
638	0.0341529
639	0.0341474
640	0.0341431
641	0.0341403
642	0.0341393
643	0.0341345
644	0.0341345
645	0.0341307
646	0.0341272
647	0.0341259
648	0.0341224
649	0.0341201
650	0.0341196
651	0.0341179
652	0.0341129
653	0.0341106
654	0.0341096
655	0.0341087
656	0.0341081
657	0.0341053
658	0.0341012
659	0.0340991
660	0.0340986
661	0.0340943
662	0.0340930
663	0.0340923
664	0.0340919
665	0.0340862
666	0.0340817
667	0.0340803
668	0.0340746
669	0.0340719
670	0.0340635
671	0.0340527
672	0.0340439
673	0.0340351
674	0.0340214
675	0.0340083
676	0.0339927
677	0.0339733
678	0.0339509
679	0.0339270
680	0.0339082
681	0.0338780
682	0.0338507
683	0.0338214
684	0.0337924
685	0.0337623
686	0.0337320
687	0.0337025
688	0.0336781
689	0.0336609
690	0.0336431
691	0.0336289
692	0.0336208
693	0.0336181
694	0.0336181
695	0.0336197
696	0.0336321
697	0.0336433
698	0.0336634
699	0.0336835
700	0.0337037
701	0.0337342
702	0.0337647
703	0.0337938
704	0.0338174
705	0.0338410
706	0.0338704
707	0.0338968
708	0.0339198
709	0.0339402
710	0.0339612
711	0.0339761
712	0.0339920
713	0.0340079
714	0.0340195
715	0.0340289
716	0.0340363
717	0.0340456
718	0.0340517
719	0.0340550
720	0.0340606
721	0.0340633
722	0.0340636
723	0.0340694
724	0.0340710
725	0.0340725
726	0.0340713
727	0.0340717
728	0.0340733
729	0.0340732
730	0.0340729
731	0.0340726
732	0.0340699
733	0.0340698
734	0.0340698
735	0.0340660
736	0.0340646
737	0.0340624
738	0.0340607
739	0.0340589
740	0.0340555
741	0.0340539
742	0.0340523
743	0.0340495
744	0.0340481
745	0.0340425
746	0.0340425
747	0.0340402
748	0.0340379
749	0.0340350
750	0.0340350
751	0.0340325
752	0.0340305
753	0.0340276
754	0.0340270
755	0.0340255
756	0.0340183
757	0.0340177
758	0.0340165
759	0.0340128
760	0.0340101
761	0.0340074
762	0.0340029
763	0.0340021
764	0.0340016
765	0.0339975
766	0.0339940
767	0.0339918
768	0.0339917
769	0.0339899
770	0.0339880
771	0.0339817
772	0.0339806
773	0.0339795
774	0.0339761
775	0.0339744
776	0.0339708
777	0.0339638
778	0.0339606
779	0.0339539
780	0.0339491
781	0.0339466
782	0.0339444
783	0.0339377
784	0.0339367
785	0.0339303
786	0.0339248
787	0.0339200
788	0.0339185
789	0.0339087
790	0.0339063
791	0.0338966
792	0.0338897
793	0.0338824
794	0.0338759
795	0.0338682
796	0.0338625
797	0.0338568
798	0.0338478
799	0.0338414
800	0.0338346
801	0.0338266
802	0.0338212
803	0.0338158
804	0.0338048
805	0.0337990
806	0.0337940
807	0.0337857
808	0.0337793
809	0.0337698
810	0.0337651
811	0.0337572
812	0.0337488
813	0.0337411
814	0.0337345
815	0.0337287
816	0.0337217
817	0.0337163
818	0.0337125
819	0.0337036
820	0.0336992
821	0.0336902
822	0.0336843
823	0.0336825
824	0.0336773
825	0.0336723
826	0.0336630
827	0.0336592
828	0.0336537
829	0.0336486
830	0.0336445
831	0.0336393
832	0.0336378
833	0.0336292
834	0.0336240
835	0.0336174
836	0.0336143
837	0.0336116
838	0.0336068
839	0.0336015
840	0.0336000
841	0.0335935
842	0.0335893
843	0.0335835
844	0.0335796
845	0.0335751
846	0.0335710
847	0.0335702
848	0.0335662
849	0.0335624
850	0.0335583
851	0.0335541
852	0.0335532
853	0.0335515
854	0.0335445
855	0.0335408
856	0.0335366
857	0.0335336
858	0.0335330
859	0.0335273
860	0.0335256
861	0.0335230
862	0.0335205
863	0.0335183
864	0.0335105
865	0.0335084
866	0.0335072
867	0.0335052
868	0.0335035
869	0.0335035
870	0.0334981
871	0.0334971
872	0.0334939
873	0.0334927
874	0.0334922
875	0.0334914
876	0.0334906
877	0.0334884
878	0.0334876
879	0.0334859
880	0.0334855
881	0.0334853
882	0.0334855
883	0.0334852
884	0.0334841
885	0.0334838
886	0.0334843
887	0.0334848
888	0.0334857
889	0.0334882
890	0.0334881
891	0.0334883
892	0.0334896
893	0.0334923
894	0.0334926
895	0.0334930
896	0.0334967
897	0.0334969
898	0.0335005
899	0.0335062
900	0.0335067
901	0.0335085
902	0.0335122
903	0.0335175
904	0.0335201
905	0.0335236
906	0.0335274
907	0.0335283
908	0.0335336
909	0.0335358
910	0.0335419
911	0.0335465
912	0.0335486
913	0.0335525
914	0.0335576
915	0.0335594
916	0.0335672
917	0.0335677
918	0.0335744
919	0.0335811
920	0.0335870
921	0.0335923
922	0.0335990
923	0.0335998
924	0.0336079
925	0.0336145
926	0.0336158
927	0.0336245
928	0.0336315
929	0.0336381
930	0.0336422
931	0.0336497
932	0.0336565
933	0.0336606
934	0.0336672
935	0.0336717
936	0.0336812
937	0.0336867
938	0.0336945
939	0.0337025
940	0.0337064
941	0.0337161
942	0.0337237
943	0.0337240
944	0.0337337
945	0.0337446
946	0.0337495
947	0.0337588
948	0.0337669
949	0.0337673
950	0.0337794
951	0.0337857
952	0.0337948
953	0.0338041
954	0.0338095
955	0.0338187
956	0.0338273
957	0.0338330
958	0.0338390
959	0.0338481
960	0.0338535
961	0.0338632
962	0.0338706
963	0.0338771
964	0.0338852
965	0.0338893
966	0.0338987
967	0.0339068
968	0.0339156
969	0.0339230
970	0.0339299
971	0.0339355
972	0.0339385
973	0.0339430
974	0.0339544
975	0.0339644
976	0.0339730
977	0.0339793
978	0.0339866
979	0.0339927
980	0.0339998
981	0.0340069
982	0.0340136
983	0.0340206
984	0.0340252
985	0.0340319
986	0.0340411
987	0.0340496
988	0.0340536
989	0.0340587
990	0.0340605
991	0.0340689
992	0.0340793
993	0.0340849
994	0.0340878
995	0.0340923
996	0.0340986
997	0.0341059
998	0.0341112
999	0.0341186
1000	0.0341242
1001	0.0341285
1002	0.0341331
1003	0.0341389
1004	0.0341440
1005	0.0341465
1006	0.0341509
1007	0.0341554
1008	0.0341612
1009	0.0341670
1010	0.0341723
1011	0.0341739
1012	0.0341792
1013	0.0341826
1014	0.0341888
1015	0.0341932
1016	0.0341982
1017	0.0342014
1018	0.0342047
1019	0.0342072
1020	0.0342120
1021	0.0342154
1022	0.0342200
1023	0.0342206
1024	0.0342209
1025	0.0342268
1026	0.0342320
1027	0.0342391
1028	0.0342414
1029	0.0342437
1030	0.0342453
1031	0.0342462
1032	0.0342493
1033	0.0342546
1034	0.0342546
1035	0.0342587
1036	0.0342628
1037	0.0342645
1038	0.0342658
1039	0.0342668
1040	0.0342698
1041	0.0342760
1042	0.0342779
1043	0.0342798
1044	0.0342831
1045	0.0342846
1046	0.0342849
1047	0.0342882
1048	0.0342903
1049	0.0342927
1050	0.0342930
1051	0.0342968
1052	0.0342971
1053	0.0342981
1054	0.0342985
1055	0.0343006
1056	0.0343028
1057	0.0343064
1058	0.0343069
1059	0.0343074
1060	0.0343085
1061	0.0343117
1062	0.0343124
1063	0.0343126
1064	0.0343154
1065	0.0343159
1066	0.0343192
1067	0.0343199
1068	0.0343201
1069	0.0343203
1070	0.0343205
1071	0.0343205
1072	0.0343205
1073	0.0343215
1074	0.0343215
1075	0.0343225
1076	0.0343262
1077	0.0343258
1078	0.0343243
1079	0.0343244
1080	0.0343254
1081	0.0343255
1082	0.0343256
1083	0.0343260
1084	0.0343260
1085	0.0343260
1086	0.0343255
1087	0.0343248
1088	0.0343246
1089	0.0343247
1090	0.0343250
1091	0.0343248
1092	0.0343236
1093	0.0343237
1094	0.0343236
1095	0.0343236
1096	0.0343234
1097	0.0343209
1098	0.0343200
1099	0.0343199
1100	0.0343186
1101	0.0343183
1102	0.0343179
1103	0.0343171
1104	0.0343135
1105	0.0343124
1106	0.0343123
1107	0.0343107
1108	0.0343098
1109	0.0343092
1110	0.0343077
1111	0.0343046
1112	0.0343043
1113	0.0343018
1114	0.0342999
1115	0.0342963
1116	0.0342943
1117	0.0342925
1118	0.0342913
1119	0.0342897
1120	0.0342858
1121	0.0342849
1122	0.0342839
1123	0.0342812
1124	0.0342761
1125	0.0342760
1126	0.0342736
1127	0.0342712
1128	0.0342695
1129	0.0342633
1130	0.0342618
1131	0.0342569
1132	0.0342547
1133	0.0342525
1134	0.0342485
1135	0.0342455
1136	0.0342410
1137	0.0342375
1138	0.0342370
1139	0.0342310
1140	0.0342276
1141	0.0342230
1142	0.0342210
1143	0.0342168
1144	0.0342127
1145	0.0342117
1146	0.0342068
1147	0.0342001
1148	0.0341935
1149	0.0341917
1150	0.0341887
1151	0.0341821
1152	0.0341756
1153	0.0341753
1154	0.0341699
1155	0.0341606
1156	0.0341576
1157	0.0341516
1158	0.0341456
1159	0.0341409
1160	0.0341338
1161	0.0341284
1162	0.0341242
1163	0.0341157
1164	0.0341083
1165	0.0341021
1166	0.0340981
1167	0.0340886
1168	0.0340808
1169	0.0340794
1170	0.0340739
1171	0.0340621
1172	0.0340542
1173	0.0340449
1174	0.0340422
1175	0.0340289
1176	0.0340232
1177	0.0340130
1178	0.0340030
1179	0.0339930
1180	0.0339813
1181	0.0339744
1182	0.0339627
1183	0.0339555
1184	0.0339431
1185	0.0339310
1186	0.0339213
1187	0.0339126
1188	0.0338992
1189	0.0338882
1190	0.0338777
1191	0.0338662
1192	0.0338510
1193	0.0338392
1194	0.0338274
1195	0.0338156
1196	0.0337987
1197	0.0337846
1198	0.0337721
1199	0.0337556
1200	0.0337386
1201	0.0337265
1202	0.0337117
1203	0.0336959
1204	0.0336823
1205	0.0336636
1206	0.0336450
1207	0.0336268
1208	0.0336079
1209	0.0335955
1210	0.0335766
1211	0.0335583
1212	0.0335433
1213	0.0335235
1214	0.0335021
1215	0.0334810
1216	0.0334619
1217	0.0334420
1218	0.0334222
1219	0.0334016
1220	0.0333824
1221	0.0333604
1222	0.0333410
1223	0.0333191
1224	0.0332987
1225	0.0332848
1226	0.0332601
1227	0.0332341
1228	0.0332118
1229	0.0331915
1230	0.0331711
1231	0.0331450
1232	0.0331213
1233	0.0330989
1234	0.0330778
1235	0.0330562
1236	0.0330319
1237	0.0330107
1238	0.0329875
1239	0.0329659
1240	0.0329442
1241	0.0329175
1242	0.0328937
1243	0.0328720
1244	0.0328502
1245	0.0328299
1246	0.0328128
1247	0.0327846
1248	0.0327634
1249	0.0327382
1250	0.0327141
1251	0.0326941
1252	0.0326783
1253	0.0326552
1254	0.0326333
1255	0.0326102
1256	0.0325907
1257	0.0325694
1258	0.0325484
1259	0.0325293
1260	0.0325101
1261	0.0324910
1262	0.0324694
1263	0.0324492
1264	0.0324302
1265	0.0324118
1266	0.0323977
1267	0.0323771
1268	0.0323617
1269	0.0323412
1270	0.0323242
1271	0.0323056
1272	0.0322925
1273	0.0322761
1274	0.0322594
1275	0.0322426
1276	0.0322274
1277	0.0322144
1278	0.0321980
1279	0.0321827
1280	0.0321689
1281	0.0321554
1282	0.0321401
1283	0.0321296
1284	0.0321189
1285	0.0321096
1286	0.0320941
1287	0.0320807
1288	0.0320702
1289	0.0320594
1290	0.0320462
1291	0.0320366
1292	0.0320280
1293	0.0320226
1294	0.0320104
1295	0.0320030
1296	0.0319916
1297	0.0319832
1298	0.0319722
1299	0.0319673
1300	0.0319583
1301	0.0319519
1302	0.0319491
1303	0.0319375
1304	0.0319319
1305	0.0319263
1306	0.0319184
1307	0.0319132
1308	0.0319103
1309	0.0319035
1310	0.0318963
1311	0.0318930
1312	0.0318872
1313	0.0318854
1314	0.0318814
1315	0.0318748
1316	0.0318742
1317	0.0318666
1318	0.0318621
1319	0.0318603
1320	0.0318599
1321	0.0318553
1322	0.0318533
1323	0.0318481
1324	0.0318451
1325	0.0318447
1326	0.0318406
1327	0.0318386
1328	0.0318351
1329	0.0318337
1330	0.0318318
1331	0.0318306
1332	0.0318289
1333	0.0318281
1334	0.0318264
1335	0.0318247
1336	0.0318244
1337	0.0318218
1338	0.0318201
1339	0.0318194
1340	0.0318167
1341	0.0318159
1342	0.0318156
1343	0.0318147
1344	0.0318135
1345	0.0318127
1346	0.0318126
1347	0.0318108
1348	0.0318106
1349	0.0318103
1350	0.0318103
1351	0.0318103
1352	0.0318105
1353	0.0318105
1354	0.0318107
1355	0.0318109
1356	0.0318107
1357	0.0318111
1358	0.0318108
1359	0.0318109
1360	0.0318131
1361	0.0318146
1362	0.0318157
1363	0.0318163
1364	0.0318181
1365	0.0318194
1366	0.0318203
1367	0.0318205
1368	0.0318270
1369	0.0318297
1370	0.0318324
1371	0.0318347
1372	0.0318356
1373	0.0318378
1374	0.0318453
1375	0.0318515
1376	0.0318544
1377	0.0318617
1378	0.0318647
1379	0.0318717
1380	0.0318776
1381	0.0318831
1382	0.0318886
1383	0.0318965
1384	0.0319008
1385	0.0319147
1386	0.0319257
1387	0.0319320
1388	0.0319431
1389	0.0319547
1390	0.0319631
1391	0.0319766
1392	0.0319840
1393	0.0319984
1394	0.0320125
1395	0.0320233
1396	0.0320301
1397	0.0320434
1398	0.0320526
1399	0.0320649
1400	0.0320707
1401	0.0320791
1402	0.0320867
1403	0.0320910
1404	0.0320979
1405	0.0321052
1406	0.0321115
1407	0.0321152
1408	0.0321227
1409	0.0321230
1410	0.0321235
1411	0.0321280
1412	0.0321324
1413	0.0321352
1414	0.0321355
1415	0.0321412
1416	0.0321415
1417	0.0321418
1418	0.0321421
1419	0.0321472
1420	0.0321495
1421	0.0321514
1422	0.0321516
1423	0.0321526
1424	0.0321575
1425	0.0321582
1426	0.0321596
1427	0.0321610
1428	0.0321648
1429	0.0321649
1430	0.0321651
1431	0.0321664
1432	0.0321681
1433	0.0321682
1434	0.0321697
1435	0.0321710
1436	0.0321724
1437	0.0321726
1438	0.0321761
1439	0.0321765
1440	0.0321772
1441	0.0321776
1442	0.0321788
1443	0.0321788
1444	0.0321806
1445	0.0321816
1446	0.0321821
1447	0.0321828
1448	0.0321841
1449	0.0321844
1450	0.0321848
1451	0.0321850
1452	0.0321851
1453	0.0321850
1454	0.0321850
1455	0.0321858
1456	0.0321873
1457	0.0321878
1458	0.0321882
1459	0.0321885
1460	0.0321884
1461	0.0321885
1462	0.0321886
1463	0.0321890
1464	0.0321902
1465	0.0321902
1466	0.0321904
1467	0.0321911
1468	0.0321913
1469	0.0321926
1470	0.0321925
1471	0.0321925
1472	0.0321930
1473	0.0321936
1474	0.0321936
1475	0.0321946
1476	0.0321960
1477	0.0321952
1478	0.0321951
1479	0.0321951
1480	0.0321956
1481	0.0321960
1482	0.0321965
1483	0.0321965
1484	0.0321967
1485	0.0321984
1486	0.0321987
1487	0.0321988
1488	0.0321986
1489	0.0321983
1490	0.0321984
1491	0.0321990
1492	0.0322010
1493	0.0322009
1494	0.0322012
1495	0.0322013
1496	0.0322016
1497	0.0322018
1498	0.0322018
1499	0.0322019
1500	0.0322019
1501	0.0322021
1502	0.0322023
1503	0.0322028
1504	0.0322037
1505	0.0322032
1506	0.0322031
1507	0.0322032
1508	0.0322043
1509	0.0322045
1510	0.0322046
1511	0.0322054
1512	0.0322067
1513	0.0322065
1514	0.0322063
1515	0.0322064
1516	0.0322066
1517	0.0322066
1518	0.0322065
1519	0.0322062
1520	0.0322062
1521	0.0322077
1522	0.0322079
1523	0.0322084
1524	0.0322071
1525	0.0322080
1526	0.0322081
1527	0.0322081
1528	0.0322082
1529	0.0322089
1530	0.0322097
1531	0.0322104
1532	0.0322085
1533	0.0322085
1534	0.0322118
1535	0.0322117
1536	0.0322112
1537	0.0322109
1538	0.0322110
1539	0.0322110
1540	0.0322110
1541	0.0322109
1542	0.0322103
1543	0.0322104
1544	0.0322134
1545	0.0322134
1546	0.0322121
1547	0.0322124
1548	0.0322136
1549	0.0322140
1550	0.0322138
1551	0.0322137
1552	0.0322137
1553	0.0322134
1554	0.0322135
1555	0.0322136
1556	0.0322134
1557	0.0322135
1558	0.0322138
1559	0.0322140
1560	0.0322142
1561	0.0322144
1562	0.0322145
1563	0.0322166
1564	0.0322174
1565	0.0322179
1566	0.0322191
1567	0.0322184
1568	0.0322176
1569	0.0322177
1570	0.0322177
1571	0.0322177
1572	0.0322176
1573	0.0322177
1574	0.0322184
1575	0.0322184
1576	0.0322186
1577	0.0322186
1578	0.0322186
1579	0.0322196
1580	0.0322197
1581	0.0322197
1582	0.0322205
1583	0.0322211
1584	0.0322206
1585	0.0322204
1586	0.0322208
1587	0.0322212
1588	0.0322215
1589	0.0322217
1590	0.0322217
1591	0.0322218
1592	0.0322222
1593	0.0322232
1594	0.0322234
1595	0.0322235
1596	0.0322236
1597	0.0322233
1598	0.0322230
1599	0.0322237
1600	0.0322238
1601	0.0322238
1602	0.0322239
1603	0.0322239
1604	0.0322239
1605	0.0322240
1606	0.0322241
1607	0.0322249
1608	0.0322250
1609	0.0322249
1610	0.0322253
1611	0.0322254
1612	0.0322251
1613	0.0322252
1614	0.0322253
1615	0.0322254
1616	0.0322259
1617	0.0322265
1618	0.0322264
1619	0.0322266
1620	0.0322272
1621	0.0322267
1622	0.0322267
1623	0.0322271
1624	0.0322281
1625	0.0322273
1626	0.0322271
1627	0.0322274
1628	0.0322291
1629	0.0322290
1630	0.0322274
1631	0.0322274
1632	0.0322274
1633	0.0322280
1634	0.0322281
1635	0.0322281
1636	0.0322283
1637	0.0322286
1638	0.0322302
1639	0.0322302
1640	0.0322305
1641	0.0322302
1642	0.0322302
1643	0.0322302
1644	0.0322311
1645	0.0322309
1646	0.0322306
1647	0.0322308
1648	0.0322305
1649	0.0322305
1650	0.0322307
1651	0.0322310
1652	0.0322310
1653	0.0322309
1654	0.0322311
1655	0.0322324
1656	0.0322324
1657	0.0322312
1658	0.0322316
1659	0.0322313
1660	0.0322315
1661	0.0322320
1662	0.0322316
1663	0.0322317
1664	0.0322318
1665	0.0322319
1666	0.0322319
1667	0.0322318
1668	0.0322318
1669	0.0322330
1670	0.0322329
1671	0.0322322
1672	0.0322318
1673	0.0322317
1674	0.0322313
1675	0.0322314
1676	0.0322315
1677	0.0322314
1678	0.0322311
1679	0.0322310
1680	0.0322315
1681	0.0322318
1682	0.0322316
1683	0.0322315
1684	0.0322318
1685	0.0322319
1686	0.0322323
1687	0.0322315
1688	0.0322319
1689	0.0322320
1690	0.0322320
1691	0.0322331
1692	0.0322337
1693	0.0322337
1694	0.0322333
1695	0.0322335
1696	0.0322341
1697	0.0322350
1698	0.0322349
1699	0.0322347
1700	0.0322350
1701	0.0322352
1702	0.0322355
1703	0.0322359
1704	0.0322364
1705	0.0322365
1706	0.0322366
1707	0.0322368
1708	0.0322369
1709	0.0322375
1710	0.0322375
1711	0.0322375
1712	0.0322369
1713	0.0322363
1714	0.0322359
1715	0.0322360
1716	0.0322361
1717	0.0322371
1718	0.0322379
1719	0.0322378
1720	0.0322374
1721	0.0322357
1722	0.0322358
1723	0.0322370
1724	0.0322372
1725	0.0322375
1726	0.0322369
1727	0.0322369
1728	0.0322370
1729	0.0322370
1730	0.0322379
1731	0.0322370
1732	0.0322366
1733	0.0322364
1734	0.0322363
1735	0.0322365
1736	0.0322365
1737	0.0322367
1738	0.0322370
1739	0.0322369
1740	0.0322371
1741	0.0322375
1742	0.0322377
1743	0.0322377
1744	0.0322377
1745	0.0322369
1746	0.0322373
1747	0.0322375
1748	0.0322377
1749	0.0322377
1750	0.0322377
1751	0.0322387
1752	0.0322387
1753	0.0322380
1754	0.0322380
1755	0.0322379
1756	0.0322380
1757	0.0322383
1758	0.0322384
1759	0.0322384
1760	0.0322382
1761	0.0322381
1762	0.0322395
1763	0.0322391
1764	0.0322389
1765	0.0322398
1766	0.0322396
1767	0.0322395
1768	0.0322396
1769	0.0322393
1770	0.0322388
1771	0.0322387
1772	0.0322386
1773	0.0322388
1774	0.0322389
1775	0.0322390
1776	0.0322390
1777	0.0322390
1778	0.0322392
1779	0.0322393
1780	0.0322393
1781	0.0322392
1782	0.0322391
1783	0.0322386
1784	0.0322375
1785	0.0322378
1786	0.0322378
1787	0.0322378
1788	0.0322378
1789	0.0322380
1790	0.0322383
1791	0.0322381
1792	0.0322394
1793	0.0322401
1794	0.0322403
1795	0.0322402
1796	0.0322399
1797	0.0322399
1798	0.0322400
1799	0.0322401
1800	0.0322399
1801	0.0322393
1802	0.0322397
1803	0.0322393
1804	0.0322394
1805	0.0322389
1806	0.0322389
1807	0.0322389
1808	0.0322389
1809	0.0322385
1810	0.0322386
1811	0.0322386
1812	0.0322385
1813	0.0322374
1814	0.0322369
1815	0.0322381
1816	0.0322379
1817	0.0322379
1818	0.0322383
1819	0.0322383
1820	0.0322380
1821	0.0322380
1822	0.0322387
1823	0.0322387
1824	0.0322388
1825	0.0322378
1826	0.0322370
1827	0.0322371
1828	0.0322368
1829	0.0322370
1830	0.0322372
1831	0.0322370
1832	0.0322363
1833	0.0322364
1834	0.0322375
1835	0.0322374
1836	0.0322374
1837	0.0322375
1838	0.0322375
1839	0.0322378
1840	0.0322381
1841	0.0322382
1842	0.0322384
1843	0.0322385
1844	0.0322378
1845	0.0322377
1846	0.0322378
1847	0.0322389
1848	0.0322390
1849	0.0322391
1850	0.0322391
1851	0.0322392
1852	0.0322388
1853	0.0322389
1854	0.0322387
1855	0.0322376
1856	0.0322384
1857	0.0322394
1858	0.0322394
1859	0.0322394
1860	0.0322394
1861	0.0322391
1862	0.0322390
1863	0.0322389
1864	0.0322383
1865	0.0322369
1866	0.0322371
1867	0.0322370
1868	0.0322374
1869	0.0322380
1870	0.0322384
1871	0.0322388
1872	0.0322386
1873	0.0322386
1874	0.0322383
1875	0.0322383
1876	0.0322383
1877	0.0322388
1878	0.0322393
1879	0.0322391
1880	0.0322389
1881	0.0322389
1882	0.0322389
1883	0.0322389
1884	0.0322390
1885	0.0322406
1886	0.0322406
1887	0.0322387
1888	0.0322381
1889	0.0322375
1890	0.0322376
1891	0.0322388
1892	0.0322386
1893	0.0322386
1894	0.0322374
1895	0.0322375
1896	0.0322375
1897	0.0322376
1898	0.0322382
1899	0.0322382
1900	0.0322383
1901	0.0322380
1902	0.0322380
1903	0.0322379
1904	0.0322380
1905	0.0322380
1906	0.0322384
1907	0.0322373
1908	0.0322378
1909	0.0322391
1910	0.0322404
1911	0.0322401
1912	0.0322401
1913	0.0322402
1914	0.0322402
1915	0.0322400
1916	0.0322392
1917	0.0322388
1918	0.0322380
1919	0.0322382
1920	0.0322381
1921	0.0322385
1922	0.0322381
1923	0.0322381
1924	0.0322383
1925	0.0322383
1926	0.0322391
1927	0.0322377
1928	0.0322376
1929	0.0322375
1930	0.0322369
1931	0.0322375
1932	0.0322377
1933	0.0322375
1934	0.0322376
1935	0.0322392
1936	0.0322393
1937	0.0322393
1938	0.0322381
1939	0.0322383
1940	0.0322386
1941	0.0322387
1942	0.0322386
1943	0.0322374
1944	0.0322366
1945	0.0322365
1946	0.0322366
1947	0.0322374
1948	0.0322375
1949	0.0322384
1950	0.0322382
1951	0.0322384
1952	0.0322382
1953	0.0322380
1954	0.0322365
1955	0.0322367
1956	0.0322367
1957	0.0322364
1958	0.0322367
1959	0.0322374
1960	0.0322378
1961	0.0322378
1962	0.0322382
1963	0.0322382
1964	0.0322382
1965	0.0322381
1966	0.0322381
1967	0.0322395
1968	0.0322386
1969	0.0322366
1970	0.0322365
1971	0.0322364
1972	0.0322364
1973	0.0322369
1974	0.0322372
1975	0.0322388
1976	0.0322389
1977	0.0322389
1978	0.0322389
1979	0.0322388
1980	0.0322388
1981	0.0322376
1982	0.0322376
1983	0.0322377
1984	0.0322390
1985	0.0322385
1986	0.0322381
1987	0.0322378
1988	0.0322378
1989	0.0322377
1990	0.0322378
1991	0.0322378
1992	0.0322377
1993	0.0322368
1994	0.0322359
1995	0.0322361
1996	0.0322364
1997	0.0322364
1998	0.0322358
1999	0.0322358
2000	0.0322363
2001	0.0322366
2002	0.0322367
2003	0.0322369
2004	0.0322379
2005	0.0322377
2006	0.0322376
2007	0.0322366
2008	0.0322366
2009	0.0322378
2010	0.0322390
2011	0.0322382
2012	0.0322364
2013	0.0322359
2014	0.0322358
2015	0.0322358
2016	0.0322363
2017	0.0322361
2018	0.0322355
2019	0.0322352
2020	0.0322353
2021	0.0322349
2022	0.0322356
2023	0.0322356
2024	0.0322353
2025	0.0322354
2026	0.0322367
2027	0.0322353
2028	0.0322358
2029	0.0322362
2030	0.0322365
2031	0.0322372
2032	0.0322372
2033	0.0322369
2034	0.0322370
2035	0.0322368
2036	0.0322367
2037	0.0322368
2038	0.0322369
2039	0.0322369
2040	0.0322369
2041	0.0322371
2042	0.0322372
2043	0.0322371
2044	0.0322375
2045	0.0322375
2046	0.0322373
2047	0.0322374
2048	0.0322374
2049	0.0322371
2050	0.0322365
2051	0.0322364
2052	0.0322361
2053	0.0322362
2054	0.0322372
2055	0.0322377
2056	0.0322372
2057	0.0322384
2058	0.0322383
2059	0.0322384
2060	0.0322381
2061	0.0322377
2062	0.0322374
2063	0.0322375
2064	0.0322376
2065	0.0322376
2066	0.0322372
2067	0.0322373
2068	0.0322397
2069	0.0322396
2070	0.0322383
2071	0.0322385
2072	0.0322384
2073	0.0322382
2074	0.0322382
2075	0.0322378
2076	0.0322376
2077	0.0322377
2078	0.0322370
2079	0.0322372
2080	0.0322382
2081	0.0322373
2082	0.0322371
2083	0.0322373
2084	0.0322385
2085	0.0322385
2086	0.0322371
2087	0.0322360
2088	0.0322358
2089	0.0322361
2090	0.0322353
2091	0.0322350
2092	0.0322351
2093	0.0322360
2094	0.0322362
2095	0.0322366
2096	0.0322366
2097	0.0322362
2098	0.0322360
2099	0.0322360
2100	0.0322366
2101	0.0322369
2102	0.0322369
2103	0.0322369
2104	0.0322374
2105	0.0322372
2106	0.0322358
2107	0.0322366
2108	0.0322368
2109	0.0322368
2110	0.0322378
2111	0.0322366
2112	0.0322367
2113	0.0322369
2114	0.0322371
2115	0.0322371
2116	0.0322384
2117	0.0322382
2118	0.0322382
2119	0.0322389
2120	0.0322388
2121	0.0322387
2122	0.0322387
2123	0.0322387
2124	0.0322366
2125	0.0322365
2126	0.0322365
2127	0.0322366
2128	0.0322366
2129	0.0322384
2130	0.0322400
2131	0.0322401
2132	0.0322403
2133	0.0322402
2134	0.0322398
2135	0.0322396
2136	0.0322397
2137	0.0322399
2138	0.0322399
2139	0.0322395
2140	0.0322398
2141	0.0322397
2142	0.0322397
2143	0.0322396
2144	0.0322395
2145	0.0322395
2146	0.0322386
2147	0.0322389
2148	0.0322391
2149	0.0322398
2150	0.0322396
2151	0.0322395
2152	0.0322393
2153	0.0322391
2154	0.0322390
2155	0.0322403
2156	0.0322398
2157	0.0322396
2158	0.0322389
2159	0.0322378
2160	0.0322368
2161	0.0322369
2162	0.0322367
2163	0.0322354
2164	0.0322329
2165	0.0322296
2166	0.0322293
2167	0.0322233
2168	0.0322225
2169	0.0322127
2170	0.0322069
2171	0.0321949
2172	0.0321847
2173	0.0321766
2174	0.0321596
2175	0.0321469
2176	0.0321320
2177	0.0321205
2178	0.0321082
2179	0.0321000
2180	0.0320954
2181	0.0320954
2182	0.0320998
2183	0.0321110
2184	0.0321344
2185	0.0321690
2186	0.0322008
2187	0.0322579
2188	0.0323177
2189	0.0323873
2190	0.0324621
2191	0.0325395
2192	0.0326169
2193	0.0327145
2194	0.0328044
2195	0.0328919
2196	0.0329773
2197	0.0330642
2198	0.0331449
2199	0.0332247
2200	0.0333045
2201	0.0333704
2202	0.0334359
2203	0.0334964
2204	0.0335475
2205	0.0335942
2206	0.0336358
2207	0.0336758
2208	0.0337176
2209	0.0337342
2210	0.0337610
2211	0.0337815
2212	0.0337957
2213	0.0338105
2214	0.0338216
2215	0.0338311
2216	0.0338391
2217	0.0338425
2218	0.0338451
2219	0.0338455
2220	0.0338455
2221	0.0338402
2222	0.0338337
2223	0.0338237
2224	0.0338097
2225	0.0337959
2226	0.0337815
2227	0.0337612
2228	0.0337376
2229	0.0337070
2230	0.0336753
2231	0.0336425
2232	0.0336025
2233	0.0335597
2234	0.0335208
2235	0.0334774
2236	0.0334360
2237	0.0333946
2238	0.0333582
2239	0.0333197
2240	0.0332876
2241	0.0332594
2242	0.0332345
2243	0.0332194
2244	0.0332129
2245	0.0332092
2246	0.0332106
2247	0.0332177
2248	0.0332281
2249	0.0332492
2250	0.0332751
2251	0.0333002
2252	0.0333272
2253	0.0333600
2254	0.0333896
2255	0.0334184
2256	0.0334457
2257	0.0334713
2258	0.0334946
2259	0.0335167
2260	0.0335357
2261	0.0335511
2262	0.0335666
2263	0.0335784
2264	0.0335894
2265	0.0335944
2266	0.0336027
2267	0.0336030
2268	0.0336078
2269	0.0336085
2270	0.0336086
2271	0.0336079
2272	0.0336029
2273	0.0335989
2274	0.0335943
2275	0.0335894
2276	0.0335792
2277	0.0335702
2278	0.0335614
2279	0.0335472
2280	0.0335354
2281	0.0335241
2282	0.0335111
2283	0.0334880
2284	0.0334685
2285	0.0334511
2286	0.0334379
2287	0.0334160
2288	0.0333967
2289	0.0333856
2290	0.0333647
2291	0.0333507
2292	0.0333395
2293	0.0333312
2294	0.0333307
2295	0.0333295
2296	0.0333298
2297	0.0333395
2298	0.0333492
2299	0.0333660
2300	0.0333841
2301	0.0334115
2302	0.0334389
2303	0.0334694
2304	0.0335043
2305	0.0335350
2306	0.0335658
2307	0.0336019
2308	0.0336380
2309	0.0336672
2310	0.0336992
2311	0.0337292
2312	0.0337520
2313	0.0337748
2314	0.0337971
2315	0.0338171
2316	0.0338362
2317	0.0338478
2318	0.0338631
2319	0.0338741
2320	0.0338838
2321	0.0338899
2322	0.0338929
2323	0.0338954
2324	0.0338996
2325	0.0339028
2326	0.0339026
2327	0.0339023
2328	0.0338997
2329	0.0338959
2330	0.0338949
2331	0.0338863
2332	0.0338815
2333	0.0338691
2334	0.0338573
2335	0.0338462
2336	0.0338344
2337	0.0338109
2338	0.0337659
2339	0.0337031
2340	0.0336319
2341	0.0335980
2342	0.0335374
2343	0.0334924
2344	0.0334474
2345	0.0333915
2346	0.0333357
2347	0.0332923
2348	0.0332437
2349	0.0331950
2350	0.0331550
2351	0.0331110
2352	0.0330768
2353	0.0330459
2354	0.0330193
2355	0.0330011
2356	0.0329901
2357	0.0329859
2358	0.0329882
2359	0.0329990
2360	0.0330168
2361	0.0330380
2362	0.0330666
2363	0.0331010
2364	0.0331353
2365	0.0331722
2366	0.0332128
2367	0.0332484
2368	0.0332865
2369	0.0333245
2370	0.0333601
2371	0.0333940
2372	0.0334236
2373	0.0334463
2374	0.0334714
2375	0.0334911
2376	0.0335076
2377	0.0335299
2378	0.0335476
2379	0.0335591
2380	0.0335719
2381	0.0335758
2382	0.0335776
2383	0.0335850
2384	0.0335856
2385	0.0335853
2386	0.0335853
2387	0.0335829
2388	0.0335795
2389	0.0335750
2390	0.0335700
2391	0.0335669
2392	0.0335550
2393	0.0335491
2394	0.0335386
2395	0.0335366
2396	0.0335230
2397	0.0335108
2398	0.0335012
2399	0.0334919
2400	0.0334824
2401	0.0334690
2402	0.0334621
2403	0.0334482
2404	0.0334366
2405	0.0334255
2406	0.0334155
2407	0.0334025
2408	0.0333962
2409	0.0333889
2410	0.0333817
2411	0.0333782
2412	0.0333755
2413	0.0333755
2414	0.0333765
2415	0.0333866
2416	0.0333976
2417	0.0334140
2418	0.0334367
2419	0.0334585
2420	0.0334991
2421	0.0335447
2422	0.0335972
2423	0.0336523
2424	0.0337164
2425	0.0337887
2426	0.0338604
2427	0.0339622
2428	0.0340605
2429	0.0341567
2430	0.0342618
2431	0.0343852
2432	0.0344975
2433	0.0346142
2434	0.0347387
2435	0.0348583
2436	0.0349828
2437	0.0351029
2438	0.0352190
2439	0.0353274
2440	0.0354447
2441	0.0355365
2442	0.0356299
2443	0.0357155
2444	0.0357722
2445	0.0358289
2446	0.0358999
2447	0.0359895
2448	0.0360824
2449	0.0361452
2450	0.0361985
2451	0.0362441
2452	0.0362897
2453	0.0363089
2454	0.0363305
2455	0.0363493
2456	0.0363650
2457	0.0363750
2458	0.0363837
2459	0.0363867
2460	0.0363890
2461	0.0363903
2462	0.0363903
2463	0.0363900
2464	0.0363835
2465	0.0363770
2466	0.0363664
2467	0.0363511
2468	0.0363352
2469	0.0363136
2470	0.0362980
2471	0.0362699
2472	0.0362428
2473	0.0362165
2474	0.0361864
2475	0.0361546
2476	0.0361129
2477	0.0360660
2478	0.0360190
2479	0.0359695
2480	0.0359072
2481	0.0358539
2482	0.0357826
2483	0.0357093
2484	0.0356237
2485	0.0355320
2486	0.0354575
2487	0.0353803
2488	0.0352802
2489	0.0351801
2490	0.0351001
2491	0.0349978
2492	0.0348977
2493	0.0348077
2494	0.0347310
2495	0.0346465
2496	0.0345675
2497	0.0345039
2498	0.0344501
2499	0.0344004
2500	0.0343692
2501	0.0343441
2502	0.0343294
2503	0.0343273
2504	0.0343321
2505	0.0343477
2506	0.0343792
2507	0.0344141
2508	0.0344519
2509	0.0345131
2510	0.0345631
2511	0.0346253
2512	0.0346873
2513	0.0347493
2514	0.0348131
2515	0.0348752
2516	0.0349348
2517	0.0349874
2518	0.0350400
2519	0.0350995
2520	0.0351334
2521	0.0351740
2522	0.0352035
2523	0.0352366
2524	0.0352662
2525	0.0352894
2526	0.0353056
2527	0.0353181
2528	0.0353249
2529	0.0353278
2530	0.0353307
2531	0.0353304
2532	0.0353229
2533	0.0353154
2534	0.0353047
2535	0.0352941
2536	0.0352747
2537	0.0352649
2538	0.0352384
2539	0.0352148
2540	0.0351925
2541	0.0351648
2542	0.0351440
2543	0.0351158
2544	0.0350874
2545	0.0350575
2546	0.0350243
2547	0.0349930
2548	0.0349634
2549	0.0349314
2550	0.0348955
2551	0.0348558
2552	0.0348162
2553	0.0347771
2554	0.0347353
2555	0.0346926
2556	0.0346520
2557	0.0346053
2558	0.0345500
2559	0.0344976
2560	0.0344452
2561	0.0343908
2562	0.0343354
2563	0.0342833
2564	0.0342312
2565	0.0341695
2566	0.0341095
2567	0.0340489
2568	0.0340005
2569	0.0339327
2570	0.0338977
2571	0.0338471
2572	0.0338071
2573	0.0337676
2574	0.0337331
2575	0.0337051
2576	0.0336838
2577	0.0336691
2578	0.0336566
2579	0.0336508
2580	0.0336507
2581	0.0336509
2582	0.0336577
2583	0.0336673
2584	0.0336833
2585	0.0336992
2586	0.0337199
2587	0.0337366
2588	0.0337547
2589	0.0337740
2590	0.0337964
2591	0.0338157
2592	0.0338343
2593	0.0338503
2594	0.0338632
2595	0.0338781
2596	0.0338906
2597	0.0339022
2598	0.0339131
2599	0.0339222
2600	0.0339249
2601	0.0339337
2602	0.0339392
2603	0.0339419
2604	0.0339483
2605	0.0339480
2606	0.0339482
2607	0.0339497
2608	0.0339497
2609	0.0339497
2610	0.0339472
2611	0.0339471
2612	0.0339431
2613	0.0339395
2614	0.0339330
2615	0.0339316
2616	0.0339294
2617	0.0339218
2618	0.0339188
2619	0.0339080
2620	0.0339013
2621	0.0338933
2622	0.0338854
2623	0.0338756
2624	0.0338635
2625	0.0338474
2626	0.0338350
2627	0.0338204
2628	0.0337990
2629	0.0337782
2630	0.0337536
2631	0.0337290
2632	0.0337004
2633	0.0336659
2634	0.0336292
2635	0.0335907
2636	0.0335508
2637	0.0335069
2638	0.0334637
2639	0.0334147
2640	0.0333669
2641	0.0333205
2642	0.0332769
2643	0.0332334
2644	0.0331822
2645	0.0331489
2646	0.0331125
2647	0.0330840
2648	0.0330569
2649	0.0330363
2650	0.0330224
2651	0.0330173
2652	0.0330170
2653	0.0330179
2654	0.0330349
2655	0.0330508
2656	0.0330764
2657	0.0331008
2658	0.0331328
2659	0.0331650
2660	0.0331995
2661	0.0332348
2662	0.0332712
2663	0.0333051
2664	0.0333343
2665	0.0333609
2666	0.0333897
2667	0.0334149
2668	0.0334454
2669	0.0334764
2670	0.0335038
2671	0.0335290
2672	0.0335507
2673	0.0335672
2674	0.0335816
2675	0.0335922
2676	0.0336003
2677	0.0336074
2678	0.0336113
2679	0.0336132
2680	0.0336152
2681	0.0336147
2682	0.0336142
2683	0.0336137
2684	0.0336106
2685	0.0336067
2686	0.0335967
2687	0.0335916
2688	0.0335847
2689	0.0335760
2690	0.0335661
2691	0.0335596
2692	0.0335470
2693	0.0335367
2694	0.0335263
2695	0.0335133
2696	0.0335011
2697	0.0334924
2698	0.0334762
2699	0.0334615
2700	0.0334459
2701	0.0334323
2702	0.0334139
2703	0.0333974
2704	0.0333802
2705	0.0333657
2706	0.0333423
2707	0.0333221
2708	0.0333042
2709	0.0332805
2710	0.0332634
2711	0.0332395
2712	0.0332167
2713	0.0331950
2714	0.0331790
2715	0.0331700
2716	0.0331573
2717	0.0331469
2718	0.0331437
2719	0.0331439
2720	0.0331442
2721	0.0331555
2722	0.0331756
2723	0.0331972
2724	0.0332257
2725	0.0332605
2726	0.0332931
2727	0.0333305
2728	0.0333630
2729	0.0334069
2730	0.0334507
2731	0.0334958
2732	0.0335405
2733	0.0335791
2734	0.0336169
2735	0.0336536
2736	0.0336897
2737	0.0337211
2738	0.0337508
2739	0.0337772
2740	0.0338001
2741	0.0338197
2742	0.0338371
2743	0.0338538
2744	0.0338653
2745	0.0338778
2746	0.0338872
2747	0.0338928
2748	0.0338979
2749	0.0339046
2750	0.0339080
2751	0.0339104
2752	0.0339104
2753	0.0339098
2754	0.0339089
2755	0.0339088
2756	0.0339057
2757	0.0339030
2758	0.0338970
2759	0.0338926
2760	0.0338891
2761	0.0338813
2762	0.0338771
2763	0.0338635
2764	0.0338551
2765	0.0338386
2766	0.0338304
2767	0.0338112
2768	0.0337931
2769	0.0337743
2770	0.0337529
2771	0.0337214
2772	0.0336923
2773	0.0336592
2774	0.0336249
2775	0.0335881
2776	0.0335430
2777	0.0334963
2778	0.0334496
2779	0.0334029
2780	0.0333546
2781	0.0333079
2782	0.0332623
2783	0.0332189
2784	0.0331778
2785	0.0331416
2786	0.0331138
2787	0.0330916
2788	0.0330748
2789	0.0330662
2790	0.0330639
2791	0.0330645
2792	0.0330702
2793	0.0330912
2794	0.0331121
2795	0.0331424
2796	0.0331727
2797	0.0332014
2798	0.0332385
2799	0.0332731
2800	0.0333099
2801	0.0333433
2802	0.0333743
2803	0.0334047
2804	0.0334354
2805	0.0334609
2806	0.0334852
2807	0.0335080
2808	0.0335261
2809	0.0335391
2810	0.0335560
2811	0.0335665
2812	0.0335759
2813	0.0335808
2814	0.0335865
2815	0.0335894
2816	0.0335911
2817	0.0335908
2818	0.0335883
2819	0.0335861
2820	0.0335848
2821	0.0335766
2822	0.0335698
2823	0.0335666
2824	0.0335587
2825	0.0335475
2826	0.0335412
2827	0.0335300
2828	0.0335197
2829	0.0335130
2830	0.0334995
2831	0.0334882
2832	0.0334765
2833	0.0334654
2834	0.0334553
2835	0.0334415
2836	0.0334283
2837	0.0334193
2838	0.0334039
2839	0.0333941
2840	0.0333808
2841	0.0333646
2842	0.0333509
2843	0.0333431
2844	0.0333273
2845	0.0333181
2846	0.0332999
2847	0.0332855
2848	0.0332720
2849	0.0332628
2850	0.0332529
2851	0.0332372
2852	0.0332231
2853	0.0332097
2854	0.0331980
2855	0.0331847
2856	0.0331722
2857	0.0331597
2858	0.0331503
2859	0.0331405
2860	0.0331272
2861	0.0331119
2862	0.0330995
2863	0.0330902
2864	0.0330767
2865	0.0330680
2866	0.0330561
2867	0.0330420
2868	0.0330293
2869	0.0330211
2870	0.0330128
2871	0.0329997
2872	0.0329904
2873	0.0329771
2874	0.0329713
2875	0.0329565
2876	0.0329482
2877	0.0329379
2878	0.0329296
2879	0.0329168
2880	0.0329045
2881	0.0328962
2882	0.0328915
2883	0.0328771
2884	0.0328692
2885	0.0328590
2886	0.0328489
2887	0.0328412
2888	0.0328286
2889	0.0328248
2890	0.0328113
2891	0.0328048
2892	0.0327938
2893	0.0327834
2894	0.0327742
2895	0.0327672
2896	0.0327563
2897	0.0327484
2898	0.0327404
2899	0.0327312
2900	0.0327269
2901	0.0327169
2902	0.0327108
2903	0.0327022
2904	0.0326955
2905	0.0326882
2906	0.0326804
2907	0.0326749
2908	0.0326665
2909	0.0326594
2910	0.0326577
2911	0.0326487
2912	0.0326444
2913	0.0326345
2914	0.0326336
2915	0.0326247
2916	0.0326192
2917	0.0326163
2918	0.0326092
2919	0.0326043
2920	0.0325993
2921	0.0325966
2922	0.0325925
2923	0.0325890
2924	0.0325832
2925	0.0325788
2926	0.0325758
2927	0.0325740
2928	0.0325739
2929	0.0325732
2930	0.0325673
2931	0.0325645
2932	0.0325605
2933	0.0325594
2934	0.0325588
2935	0.0325573
2936	0.0325553
2937	0.0325536
2938	0.0325511
2939	0.0325502
2940	0.0325474
2941	0.0325479
2942	0.0325482
2943	0.0325475
2944	0.0325462
2945	0.0325460
2946	0.0325460
2947	0.0325449
2948	0.0325452
2949	0.0325437
2950	0.0325439
2951	0.0325438
2952	0.0325439
2953	0.0325439
2954	0.0325438
2955	0.0325438
2956	0.0325438
2957	0.0325447
2958	0.0325447
2959	0.0325446
2960	0.0325450
2961	0.0325451
2962	0.0325451
2963	0.0325459
2964	0.0325463
2965	0.0325467
2966	0.0325473
2967	0.0325473
2968	0.0325473
2969	0.0325474
2970	0.0325482
2971	0.0325482
2972	0.0325485
2973	0.0325487
2974	0.0325487
2975	0.0325488
2976	0.0325493
2977	0.0325499
2978	0.0325506
2979	0.0325510
2980	0.0325504
2981	0.0325503
2982	0.0325505
2983	0.0325503
2984	0.0325495
2985	0.0325493
2986	0.0325473
2987	0.0325471
2988	0.0325469
2989	0.0325466
2990	0.0325462
2991	0.0325459
2992	0.0325430
2993	0.0325423
2994	0.0325415
2995	0.0325400
2996	0.0325399
2997	0.0325394
2998	0.0325356
2999	0.0325352
3000	0.0325339
3001	0.0325327
3002	0.0325308
3003	0.0325300
3004	0.0325292
3005	0.0325290
3006	0.0325239
3007	0.0325230
3008	0.0325213
3009	0.0325211
3010	0.0325188
3011	0.0325158
3012	0.0325150
3013	0.0325146
3014	0.0325088
3015	0.0325065
3016	0.0325046
3017	0.0325008
3018	0.0324998
3019	0.0324969
3020	0.0324962
3021	0.0324941
3022	0.0324883
3023	0.0324870
3024	0.0324866
3025	0.0324843
3026	0.0324832
3027	0.0324802
3028	0.0324770
3029	0.0324753
3030	0.0324735
3031	0.0324681
3032	0.0324647
3033	0.0324626
3034	0.0324626
3035	0.0324598
3036	0.0324554
3037	0.0324525
3038	0.0324518
3039	0.0324461
3040	0.0324421
3041	0.0324394
3042	0.0324379
3043	0.0324365
3044	0.0324315
3045	0.0324307
3046	0.0324281
3047	0.0324225
3048	0.0324198
3049	0.0324177
3050	0.0324133
3051	0.0324131
3052	0.0324100
3053	0.0324092
3054	0.0324031
3055	0.0323994
3056	0.0323975
3057	0.0323944
3058	0.0323942
3059	0.0323892
3060	0.0323860
3061	0.0323821
3062	0.0323795
3063	0.0323782
3064	0.0323748
3065	0.0323703
3066	0.0323684
3067	0.0323628
3068	0.0323624
3069	0.0323583
3070	0.0323568
3071	0.0323526
3072	0.0323520
3073	0.0323454
3074	0.0323417
3075	0.0323417
3076	0.0323359
3077	0.0323341
3078	0.0323324
3079	0.0323268
3080	0.0323236
3081	0.0323205
3082	0.0323180
3083	0.0323156
3084	0.0323128
3085	0.0323092
3086	0.0323051
3087	0.0323010
3088	0.0322979
3089	0.0322947
3090	0.0322933
3091	0.0322918
3092	0.0322867
3093	0.0322824
3094	0.0322808
3095	0.0322806
3096	0.0322749
3097	0.0322697
3098	0.0322681
3099	0.0322633
3100	0.0322631
3101	0.0322580
3102	0.0322576
3103	0.0322517
3104	0.0322504
3105	0.0322461
3106	0.0322444
3107	0.0322403
3108	0.0322362
3109	0.0322337
3110	0.0322275
3111	0.0322247
3112	0.0322214
3113	0.0322190
3114	0.0322156
3115	0.0322121
3116	0.0322101
3117	0.0322048
3118	0.0322005
3119	0.0321985
3120	0.0321970
3121	0.0321923
3122	0.0321911
3123	0.0321899
3124	0.0321843
3125	0.0321797
3126	0.0321759
3127	0.0321735
3128	0.0321705
3129	0.0321686
3130	0.0321669
3131	0.0321610
3132	0.0321578
3133	0.0321533
3134	0.0321524
3135	0.0321486
3136	0.0321471
3137	0.0321430
3138	0.0321415
3139	0.0321399
3140	0.0321365
3141	0.0321305
3142	0.0321277
3143	0.0321260
3144	0.0321218
3145	0.0321205
3146	0.0321179
3147	0.0321128
3148	0.0321089
3149	0.0321070
3150	0.0321060
3151	0.0321013
3152	0.0321007
3153	0.0320973
3154	0.0320964
3155	0.0320892
3156	0.0320871
3157	0.0320847
3158	0.0320830
3159	0.0320813
3160	0.0320810
3161	0.0320733
3162	0.0320703
3163	0.0320686
3164	0.0320660
3165	0.0320635
3166	0.0320611
3167	0.0320587
3168	0.0320574
3169	0.0320530
3170	0.0320526
3171	0.0320459
3172	0.0320452
3173	0.0320428
3174	0.0320419
3175	0.0320373
3176	0.0320340
3177	0.0320337
3178	0.0320318
3179	0.0320280
3180	0.0320273
3181	0.0320240
3182	0.0320217
3183	0.0320212
3184	0.0320205
3185	0.0320179
3186	0.0320145
3187	0.0320118
3188	0.0320066
3189	0.0320046
3190	0.0320035
3191	0.0320023
3192	0.0320007
3193	0.0319993
3194	0.0319984
3195	0.0319915
3196	0.0319897
3197	0.0319888
3198	0.0319881
3199	0.0319870
3200	0.0319843
3201	0.0319843
3202	0.0319816
3203	0.0319802
3204	0.0319778
3205	0.0319753
3206	0.0319748
3207	0.0319746
3208	0.0319705
3209	0.0319698
3210	0.0319668
3211	0.0319643
3212	0.0319642
3213	0.0319635
3214	0.0319612
3215	0.0319611
3216	0.0319591
3217	0.0319591
3218	0.0319556
3219	0.0319531
3220	0.0319519
3221	0.0319513
3222	0.0319493
3223	0.0319496
3224	0.0319478
3225	0.0319471
3226	0.0319424
3227	0.0319416
3228	0.0319413
3229	0.0319412
3230	0.0319403
3231	0.0319371
3232	0.0319369
3233	0.0319364
3234	0.0319356
3235	0.0319348
3236	0.0319321
3237	0.0319316
3238	0.0319310
3239	0.0319302
3240	0.0319292
3241	0.0319267
3242	0.0319263
3243	0.0319256
3244	0.0319256
3245	0.0319239
3246	0.0319234
3247	0.0319224
3248	0.0319224
3249	0.0319223
3250	0.0319223
3251	0.0319194
3252	0.0319193
3253	0.0319190
3254	0.0319183
3255	0.0319173
3256	0.0319174
3257	0.0319164
3258	0.0319146
3259	0.0319142
3260	0.0319141
3261	0.0319136
3262	0.0319135
3263	0.0319116
3264	0.0319113
3265	0.0319113
3266	0.0319106
3267	0.0319108
3268	0.0319106
3269	0.0319092
3270	0.0319086
3271	0.0319088
3272	0.0319087
3273	0.0319083
3274	0.0319080
3275	0.0319083
3276	0.0319085
3277	0.0319079
3278	0.0319081
3279	0.0319095
3280	0.0319088
3281	0.0319080
3282	0.0319083
3283	0.0319080
3284	0.0319075
3285	0.0319075
3286	0.0319088
3287	0.0319080
3288	0.0319075
3289	0.0319078
3290	0.0319080
3291	0.0319081
3292	0.0319082
3293	0.0319093
3294	0.0319086
3295	0.0319087
3296	0.0319085
3297	0.0319085
3298	0.0319092
3299	0.0319098
3300	0.0319103
3301	0.0319124
3302	0.0319145
3303	0.0319147
3304	0.0319147
3305	0.0319164
3306	0.0319164
3307	0.0319180
3308	0.0319181
3309	0.0319183
3310	0.0319192
3311	0.0319196
3312	0.0319197
3313	0.0319199
3314	0.0319212
3315	0.0319212
3316	0.0319231
3317	0.0319234
3318	0.0319288
3319	0.0319288
3320	0.0319289
3321	0.0319323
3322	0.0319328
3323	0.0319333
3324	0.0319341
3325	0.0319370
3326	0.0319398
3327	0.0319406
3328	0.0319457
3329	0.0319463
3330	0.0319468
3331	0.0319472
3332	0.0319505
3333	0.0319514
3334	0.0319539
3335	0.0319556
3336	0.0319579
3337	0.0319597
3338	0.0319629
3339	0.0319660
3340	0.0319700
3341	0.0319704
3342	0.0319710
3343	0.0319734
3344	0.0319756
3345	0.0319762
3346	0.0319808
3347	0.0319816
3348	0.0319823
3349	0.0319834
3350	0.0319883
3351	0.0319894
3352	0.0319928
3353	0.0319943
3354	0.0319960
3355	0.0319965
3356	0.0320008
3357	0.0320010
3358	0.0320013
3359	0.0320076
3360	0.0320082
3361	0.0320109
3362	0.0320136
3363	0.0320151
3364	0.0320181
3365	0.0320188
3366	0.0320211
3367	0.0320230
3368	0.0320232
3369	0.0320251
3370	0.0320265
3371	0.0320305
3372	0.0320336
3373	0.0320340
3374	0.0320343
3375	0.0320376
3376	0.0320392
3377	0.0320406
3378	0.0320422
3379	0.0320447
3380	0.0320453
3381	0.0320465
3382	0.0320471
3383	0.0320489
3384	0.0320507
3385	0.0320520
3386	0.0320527
3387	0.0320542
3388	0.0320565
3389	0.0320571
3390	0.0320590
3391	0.0320610
3392	0.0320621
3393	0.0320622
3394	0.0320624
3395	0.0320645
3396	0.0320673
3397	0.0320672
3398	0.0320673
3399	0.0320683
3400	0.0320693
3401	0.0320695
3402	0.0320717
3403	0.0320725
3404	0.0320759
3405	0.0320756
3406	0.0320757
3407	0.0320760
3408	0.0320767
3409	0.0320773
3410	0.0320782
3411	0.0320788
3412	0.0320788
3413	0.0320815
3414	0.0320821
3415	0.0320821
3416	0.0320832
3417	0.0320852
3418	0.0320866
3419	0.0320869
3420	0.0320872
3421	0.0320878
3422	0.0320879
3423	0.0320881
3424	0.0320883
3425	0.0320884
3426	0.0320893
3427	0.0320916
3428	0.0320915
3429	0.0320912
3430	0.0320922
3431	0.0320928
3432	0.0320941
3433	0.0320944
3434	0.0320949
3435	0.0320955
3436	0.0320946
3437	0.0320962
3438	0.0320963
3439	0.0320970
3440	0.0320977
3441	0.0320981
3442	0.0320992
3443	0.0320995
3444	0.0320994
3445	0.0320995
3446	0.0321013
3447	0.0321013
3448	0.0321022
3449	0.0321028
3450	0.0321030
3451	0.0321028
3452	0.0321038
3453	0.0321043
3454	0.0321043
3455	0.0321044
3456	0.0321043
3457	0.0321040
3458	0.0321053
3459	0.0321062
3460	0.0321066
3461	0.0321067
3462	0.0321074
3463	0.0321082
3464	0.0321082
3465	0.0321082
3466	0.0321082
3467	0.0321078
3468	0.0321082
3469	0.0321099
3470	0.0321100
3471	0.0321101
3472	0.0321101
3473	0.0321103
3474	0.0321108
3475	0.0321113
3476	0.0321115
3477	0.0321117
3478	0.0321128
3479	0.0321138
3480	0.0321141
3481	0.0321142
3482	0.0321140
3483	0.0321141
3484	0.0321143
3485	0.0321150
3486	0.0321152
3487	0.0321156
3488	0.0321171
3489	0.0321170
3490	0.0321169
3491	0.0321178
3492	0.0321177
3493	0.0321181
3494	0.0321182
3495	0.0321204
3496	0.0321205
3497	0.0321204
3498	0.0321205
3499	0.0321198
3500	0.0321198
3501	0.0321200
3502	0.0321199
3503	0.0321201
3504	0.0321202
3505	0.0321203
3506	0.0321207
3507	0.0321226
3508	0.0321219
3509	0.0321221
3510	0.0321220
3511	0.0321221
3512	0.0321229
3513	0.0321228
3514	0.0321228
3515	0.0321226
3516	0.0321230
3517	0.0321235
3518	0.0321237
3519	0.0321240
3520	0.0321241
3521	0.0321242
3522	0.0321242
3523	0.0321240
3524	0.0321240
3525	0.0321246
3526	0.0321246
3527	0.0321255
3528	0.0321260
3529	0.0321261
3530	0.0321260
3531	0.0321255
3532	0.0321255
3533	0.0321255
3534	0.0321261
3535	0.0321269
3536	0.0321273
3537	0.0321259
3538	0.0321261
3539	0.0321264
3540	0.0321269
3541	0.0321277
3542	0.0321276
3543	0.0321274
3544	0.0321273
3545	0.0321271
3546	0.0321272
3547	0.0321287
3548	0.0321289
3549	0.0321277
3550	0.0321277
3551	0.0321295
3552	0.0321301
3553	0.0321304
3554	0.0321300
3555	0.0321302
3556	0.0321303
3557	0.0321299
3558	0.0321303
3559	0.0321301
3560	0.0321297
3561	0.0321299
3562	0.0321308
3563	0.0321307
3564	0.0321311
3565	0.0321307
3566	0.0321297
3567	0.0321294
3568	0.0321293
3569	0.0321291
3570	0.0321294
3571	0.0321289
3572	0.0321298
3573	0.0321309
3574	0.0321312
3575	0.0321304
3576	0.0321297
3577	0.0321299
3578	0.0321304
3579	0.0321307
3580	0.0321306
3581	0.0321292
3582	0.0321294
3583	0.0321296
3584	0.0321298
3585	0.0321300
3586	0.0321310
3587	0.0321312
3588	0.0321315
3589	0.0321314
3590	0.0321315
3591	0.0321318
3592	0.0321321
3593	0.0321318
3594	0.0321320
3595	0.0321322
3596	0.0321320
3597	0.0321317
3598	0.0321319
3599	0.0321318
3600	0.0321318
3601	0.0321325
3602	0.0321338
3603	0.0321342
3604	0.0321345
3605	0.0321347
3606	0.0321358
3607	0.0321358
3608	0.0321332
3609	0.0321335
3610	0.0321339
3611	0.0321344
3612	0.0321345
3613	0.0321352
3614	0.0321355
3615	0.0321357
3616	0.0321358
3617	0.0321359
3618	0.0321359
3619	0.0321360
3620	0.0321358
3621	0.0321360
3622	0.0321363
3623	0.0321365
3624	0.0321370
3625	0.0321367
3626	0.0321370
3627	0.0321372
3628	0.0321370
3629	0.0321369
3630	0.0321364
3631	0.0321358
3632	0.0321371
3633	0.0321373
3634	0.0321373
3635	0.0321387
3636	0.0321389
3637	0.0321382
3638	0.0321366
3639	0.0321366
3640	0.0321369
3641	0.0321374
3642	0.0321375
3643	0.0321376
3644	0.0321380
3645	0.0321378
3646	0.0321380
3647	0.0321385
3648	0.0321379
3649	0.0321377
3650	0.0321384
3651	0.0321387
3652	0.0321386
3653	0.0321386
3654	0.0321389
3655	0.0321389
3656	0.0321392
3657	0.0321392
3658	0.0321394
3659	0.0321393
3660	0.0321391
3661	0.0321390
3662	0.0321390
3663	0.0321405
3664	0.0321411
3665	0.0321378
3666	0.0321376
3667	0.0321363
3668	0.0321359
3669	0.0321346
3670	0.0321298
3671	0.0321289
3672	0.0321214
3673	0.0321149
3674	0.0321075
3675	0.0321001
3676	0.0320863
3677	0.0320761
3678	0.0320644
3679	0.0320542
3680	0.0320510
3681	0.0320412
3682	0.0320369
3683	0.0320364
3684	0.0320370
3685	0.0320462
3686	0.0320704
3687	0.0320961
3688	0.0321355
3689	0.0321872
3690	0.0322361
3691	0.0323050
3692	0.0323790
3693	0.0324579
3694	0.0325379
3695	0.0326288
3696	0.0327197
3697	0.0328064
3698	0.0328932
3699	0.0329954
3700	0.0330733
3701	0.0331533
3702	0.0332223
3703	0.0333045
3704	0.0333629
3705	0.0334346
3706	0.0334857
3707	0.0335344
3708	0.0335787
3709	0.0336215
3710	0.0336576
3711	0.0336864
3712	0.0337159
3713	0.0337405
3714	0.0337617
3715	0.0337778
3716	0.0337902
3717	0.0338048
3718	0.0338144
3719	0.0338219
3720	0.0338293
3721	0.0338351
3722	0.0338397
3723	0.0338416
3724	0.0338416
3725	0.0338414
3726	0.0338396
3727	0.0338330
3728	0.0338279
3729	0.0338148
3730	0.0338009
3731	0.0337793
3732	0.0337576
3733	0.0337359
3734	0.0337037
3735	0.0336714
3736	0.0336342
3737	0.0335925
3738	0.0335458
3739	0.0335033
3740	0.0334607
3741	0.0333946
3742	0.0333601
3743	0.0333195
3744	0.0332790
3745	0.0332328
3746	0.0332053
3747	0.0331838
3748	0.0331689
3749	0.0331616
3750	0.0331616
3751	0.0331630
3752	0.0331792
3753	0.0331979
3754	0.0332298
3755	0.0332634
3756	0.0332999
3757	0.0333392
3758	0.0333785
3759	0.0334188
3760	0.0334587
3761	0.0334998
3762	0.0335367
3763	0.0335732
3764	0.0336044
3765	0.0336374
3766	0.0336666
3767	0.0336882
3768	0.0337098
3769	0.0337288
3770	0.0337452
3771	0.0337616
3772	0.0337757
3773	0.0337804
3774	0.0337916
3775	0.0337997
3776	0.0338062
3777	0.0338087
3778	0.0338174
3779	0.0338176
3780	0.0338182
3781	0.0338231
3782	0.0338247
3783	0.0338248
3784	0.0338266
3785	0.0338267
3786	0.0338265
3787	0.0338254
3788	0.0338248
3789	0.0338244
3790	0.0338240
3791	0.0338208
3792	0.0338185
3793	0.0338162
3794	0.0338120
3795	0.0338108
3796	0.0338068
3797	0.0338014
3798	0.0338005
3799	0.0337984
3800	0.0337900
3801	0.0337846
3802	0.0337836
3803	0.0337768
3804	0.0337734
3805	0.0337673
3806	0.0337626
3807	0.0337574
3808	0.0337495
3809	0.0337418
3810	0.0337358
3811	0.0337289
3812	0.0337219
3813	0.0337145
3814	0.0337072
3815	0.0337005
3816	0.0336921
3817	0.0336856
3818	0.0336791
3819	0.0336676
3820	0.0336647
3821	0.0336570
3822	0.0336436
3823	0.0336336
3824	0.0336299
3825	0.0336184
3826	0.0336094
3827	0.0336007
3828	0.0335909
3829	0.0335864
3830	0.0335739
3831	0.0335623
3832	0.0335534
3833	0.0335469
3834	0.0335363
3835	0.0335255
3836	0.0335148
3837	0.0335048
3838	0.0334972
3839	0.0334916
3840	0.0334778
3841	0.0334676
3842	0.0334635
3843	0.0334480
3844	0.0334370
3845	0.0334317
3846	0.0334215
3847	0.0334099
3848	0.0333988
3849	0.0333940
3850	0.0333811
3851	0.0333709
3852	0.0333628
3853	0.0333527
3854	0.0333395
3855	0.0333287
3856	0.0333156
3857	0.0333067
3858	0.0332973
3859	0.0332855
3860	0.0332752
3861	0.0332632
3862	0.0332531
3863	0.0332396
3864	0.0332307
3865	0.0332207
3866	0.0332072
3867	0.0331935
3868	0.0331839
3869	0.0331724
3870	0.0331587
3871	0.0331479
3872	0.0331372
3873	0.0331254
3874	0.0331140
3875	0.0330998
3876	0.0330880
3877	0.0330720
3878	0.0330622
3879	0.0330485
3880	0.0330388
3881	0.0330257
3882	0.0330127
3883	0.0329991
3884	0.0329836
3885	0.0329711
3886	0.0329599
3887	0.0329510
3888	0.0329328
3889	0.0329193
3890	0.0329036
3891	0.0328919
3892	0.0328803
3893	0.0328663
3894	0.0328549
3895	0.0328426
3896	0.0328267
3897	0.0328119
3898	0.0328024
3899	0.0327900
3900	0.0327751
3901	0.0327686
3902	0.0327503
3903	0.0327395
3904	0.0327254
3905	0.0327113
3906	0.0326985
3907	0.0326858
3908	0.0326729
3909	0.0326582
3910	0.0326472
3911	0.0326401
3912	0.0326244
3913	0.0326113
3914	0.0326013
3915	0.0325868
3916	0.0325755
3917	0.0325655
3918	0.0325516
3919	0.0325385
3920	0.0325313
3921	0.0325174
3922	0.0325035
3923	0.0324896
3924	0.0324798
3925	0.0324669
3926	0.0324546
3927	0.0324486
3928	0.0324359
3929	0.0324232
3930	0.0324134
3931	0.0324009
3932	0.0323883
3933	0.0323796
3934	0.0323668
3935	0.0323578
3936	0.0323443
3937	0.0323314
3938	0.0323204
3939	0.0323118
3940	0.0323022
3941	0.0322898
3942	0.0322783
3943	0.0322689
3944	0.0322592
3945	0.0322485
3946	0.0322379
3947	0.0322271
3948	0.0322200
3949	0.0322086
3950	0.0321975
3951	0.0321902
3952	0.0321805
3953	0.0321729
3954	0.0321629
3955	0.0321535
3956	0.0321422
3957	0.0321332
3958	0.0321232
3959	0.0321165
3960	0.0321130
3961	0.0321018
3962	0.0320921
3963	0.0320857
3964	0.0320732
3965	0.0320643
3966	0.0320582
3967	0.0320526
3968	0.0320424
3969	0.0320345
3970	0.0320267
3971	0.0320169
3972	0.0320106
3973	0.0320050
3974	0.0319951
3975	0.0319926
3976	0.0319819
3977	0.0319745
3978	0.0319671
3979	0.0319627
3980	0.0319601
3981	0.0319499
3982	0.0319453
3983	0.0319426
3984	0.0319310
3985	0.0319238
3986	0.0319202
3987	0.0319158
3988	0.0319109
3989	0.0319032
3990	0.0318972
3991	0.0318948
3992	0.0318902
3993	0.0318857
3994	0.0318797
3995	0.0318761
3996	0.0318709
3997	0.0318682
3998	0.0318657
3999	0.0318647
4000	0.0318574
4001	0.0318530
4002	0.0318522
4003	0.0318497
4004	0.0318466
4005	0.0318422
4006	0.0318386
4007	0.0318360
4008	0.0318352
4009	0.0318307
4010	0.0318292
4011	0.0318262
4012	0.0318258
4013	0.0318244
4014	0.0318242
4015	0.0318199
4016	0.0318160
4017	0.0318159
4018	0.0318159
4019	0.0318147
4020	0.0318137
4021	0.0318109
4022	0.0318109
4023	0.0318108
4024	0.0318098
4025	0.0318096
4026	0.0318099
4027	0.0318103
4028	0.0318100
4029	0.0318100
4030	0.0318099
4031	0.0318099
4032	0.0318104
4033	0.0318125
4034	0.0318129
4035	0.0318139
4036	0.0318169
4037	0.0318179
4038	0.0318183
4039	0.0318188
4040	0.0318232
4041	0.0318254
4042	0.0318273
4043	0.0318296
4044	0.0318319
4045	0.0318329
4046	0.0318346
4047	0.0318375
4048	0.0318397
4049	0.0318431
4050	0.0318467
4051	0.0318572
4052	0.0318609
4053	0.0318658
4054	0.0318680
4055	0.0318724
4056	0.0318784
4057	0.0318838
4058	0.0318892
4059	0.0318942
4060	0.0318991
4061	0.0319053
4062	0.0319062
4063	0.0319129
4064	0.0319195
4065	0.0319248
4066	0.0319298
4067	0.0319347
4068	0.0319415
4069	0.0319451
4070	0.0319501
4071	0.0319540
4072	0.0319610
4073	0.0319656
4074	0.0319705
4075	0.0319726
4076	0.0319777
4077	0.0319809
4078	0.0319832
4079	0.0319870
4080	0.0319908
4081	0.0319943
4082	0.0319973
4083	0.0319994
4084	0.0320009
4085	0.0320077
4086	0.0320109
4087	0.0320129
4088	0.0320135
4089	0.0320158
4090	0.0320176
4091	0.0320195
4092	0.0320241
4093	0.0320244
4094	0.0320245
4095	0.0320311
4096	0.0320327
4097	0.0320342
4098	0.0320343
4099	0.0320390
4100	0.0320406
4101	0.0320407
4102	0.0320445
4103	0.0320450
4104	0.0320468
4105	0.0320476
4106	0.0320497
4107	0.0320524
4108	0.0320542
4109	0.0320538
4110	0.0320542
4111	0.0320549
4112	0.0320571
4113	0.0320574
4114	0.0320578
4115	0.0320609
4116	0.0320626
4117	0.0320626
4118	0.0320617
4119	0.0320619
4120	0.0320626
4121	0.0320646
4122	0.0320651
4123	0.0320656
4124	0.0320661
4125	0.0320665
4126	0.0320701
4127	0.0320700
4128	0.0320703
4129	0.0320717
4130	0.0320717
4131	0.0320725
4132	0.0320740
4133	0.0320741
4134	0.0320738
4135	0.0320739
4136	0.0320746
4137	0.0320753
4138	0.0320760
4139	0.0320763
4140	0.0320773
4141	0.0320794
4142	0.0320795
4143	0.0320797
4144	0.0320800
4145	0.0320803
4146	0.0320812
4147	0.0320820
4148	0.0320820
4149	0.0320818
4150	0.0320821
4151	0.0320822
4152	0.0320824
4153	0.0320822
4154	0.0320822
4155	0.0320822
4156	0.0320821
4157	0.0320820
4158	0.0320807
4159	0.0320797
4160	0.0320783
4161	0.0320786
4162	0.0320788
4163	0.0320781
4164	0.0320782
4165	0.0320784
4166	0.0320776
4167	0.0320775
4168	0.0320779
4169	0.0320773
4170	0.0320775
4171	0.0320781
4172	0.0320772
4173	0.0320770
4174	0.0320771
4175	0.0320770
4176	0.0320768
4177	0.0320771
4178	0.0320776
4179	0.0320776
4180	0.0320781
4181	0.0320781
4182	0.0320780
4183	0.0320758
4184	0.0320758
4185	0.0320774
4186	0.0320777
4187	0.0320778
4188	0.0320794
4189	0.0320793
4190	0.0320787
4191	0.0320781
4192	0.0320779
4193	0.0320785
4194	0.0320784
4195	0.0320782
4196	0.0320783
4197	0.0320792
4198	0.0320796
4199	0.0320803
4200	0.0320808
4201	0.0320803
4202	0.0320804
4203	0.0320811
4204	0.0320812
4205	0.0320811
4206	0.0320810
4207	0.0320808
4208	0.0320818
4209	0.0320818
4210	0.0320816
4211	0.0320816
4212	0.0320823
4213	0.0320827
4214	0.0320827
4215	0.0320842
4216	0.0320843
4217	0.0320844
4218	0.0320846
4219	0.0320850
4220	0.0320863
4221	0.0320867
4222	0.0320869
4223	0.0320883
4224	0.0320883
4225	0.0320885
4226	0.0320886
4227	0.0320893
4228	0.0320899
4229	0.0320911
4230	0.0320909
4231	0.0320913
4232	0.0320916
4233	0.0320920
4234	0.0320927
4235	0.0320936
4236	0.0320936
4237	0.0320940
4238	0.0320959
4239	0.0320959
4240	0.0320957
4241	0.0320946
4242	0.0320946
4243	0.0320961
4244	0.0320964
4245	0.0320963
4246	0.0320950
4247	0.0320938
4248	0.0320941
4249	0.0320943
4250	0.0320943
4251	0.0320943
4252	0.0320943
4253	0.0320940
4254	0.0320936
4255	0.0320941
4256	0.0320944
4257	0.0320945
4258	0.0320944
4259	0.0320943
4260	0.0320943
4261	0.0320943
4262	0.0320943
4263	0.0320943
4264	0.0320945
4265	0.0320958
4266	0.0320938
4267	0.0320936
4268	0.0320937
4269	0.0320937
4270	0.0320947
4271	0.0320945
4272	0.0320943
4273	0.0320941
4274	0.0320931
4275	0.0320930
4276	0.0320931
4277	0.0320933
4278	0.0320932
4279	0.0320935
4280	0.0320934
4281	0.0320932
4282	0.0320926
4283	0.0320923
4284	0.0320923
4285	0.0320925
4286	0.0320937
4287	0.0320944
4288	0.0320944
4289	0.0320942
4290	0.0320938
4291	0.0320935
4292	0.0320934
4293	0.0320934
4294	0.0320932
4295	0.0320931
4296	0.0320931
4297	0.0320920
4298	0.0320915
4299	0.0320920
4300	0.0320923
4301	0.0320923
4302	0.0320926
4303	0.0320928
4304	0.0320933
4305	0.0320941
4306	0.0320941
4307	0.0320943
4308	0.0320943
4309	0.0320944
4310	0.0320943
4311	0.0320926
4312	0.0320924
4313	0.0320926
4314	0.0320930
4315	0.0320931
4316	0.0320926
4317	0.0320927
4318	0.0320933
4319	0.0320951
4320	0.0320950
4321	0.0320946
4322	0.0320942
4323	0.0320937
4324	0.0320944
4325	0.0320945
4326	0.0320944
4327	0.0320941
4328	0.0320937
4329	0.0320937
4330	0.0320934
4331	0.0320920
4332	0.0320914
4333	0.0320895
4334	0.0320893
4335	0.0320892
4336	0.0320888
4337	0.0320861
4338	0.0320834
4339	0.0320812
4340	0.0320767
4341	0.0320707
4342	0.0320660
4343	0.0320557
4344	0.0320500
4345	0.0320416
4346	0.0320351
4347	0.0320268
4348	0.0320221
4349	0.0320171
4350	0.0320146
4351	0.0320156
4352	0.0320190
4353	0.0320325
4354	0.0320526
4355	0.0320815
4356	0.0321224
4357	0.0321633
4358	0.0322189
4359	0.0322872
4360	0.0323556
4361	0.0324312
4362	0.0325218
4363	0.0326197
4364	0.0326936
4365	0.0327948
4366	0.0328737
4367	0.0329543
4368	0.0330396
4369	0.0331250
4370	0.0331956
4371	0.0332806
4372	0.0333401
4373	0.0333962
4374	0.0334463
4375	0.0334963
4376	0.0335513
4377	0.0335793
4378	0.0336122
4379	0.0336379
4380	0.0336597
4381	0.0336714
4382	0.0336925
4383	0.0337095
4384	0.0337180
4385	0.0337209
4386	0.0337301
4387	0.0337348
4388	0.0337363
4389	0.0337367
4390	0.0337357
4391	0.0337337
4392	0.0337316
4393	0.0337281
4394	0.0337273
4395	0.0337163
4396	0.0337075
4397	0.0337017
4398	0.0336937
4399	0.0336854
4400	0.0336743
4401	0.0336653
4402	0.0336554
4403	0.0336489
4404	0.0336383
4405	0.0336223
4406	0.0336113
4407	0.0336022
4408	0.0335957
4409	0.0335837
4410	0.0335696
4411	0.0335586
4412	0.0335500
4413	0.0335414
4414	0.0335305
4415	0.0335168
4416	0.0335062
4417	0.0334991
4418	0.0334860
4419	0.0334730
4420	0.0334691
4421	0.0334571
4422	0.0334464
4423	0.0334356
4424	0.0334293
4425	0.0334158
4426	0.0334040
4427	0.0333946
4428	0.0333846
4429	0.0333723
4430	0.0333612
4431	0.0333497
4432	0.0333425
4433	0.0333348
4434	0.0333170
4435	0.0333047
4436	0.0333001
4437	0.0332915
4438	0.0332749
4439	0.0332589
4440	0.0332464
4441	0.0332360
4442	0.0332220
4443	0.0332075
4444	0.0331945
4445	0.0331774
4446	0.0331650
4447	0.0331502
4448	0.0331345
4449	0.0331189
4450	0.0330986
4451	0.0330841
4452	0.0330678
4453	0.0330520
4454	0.0330306
4455	0.0330144
4456	0.0329995
4457	0.0329815
4458	0.0329579
4459	0.0329383
4460	0.0329196
4461	0.0328979
4462	0.0328763
4463	0.0328558
4464	0.0328324
4465	0.0328159
4466	0.0327874
4467	0.0327620
4468	0.0327392
4469	0.0327161
4470	0.0326953
4471	0.0326736
4472	0.0326480
4473	0.0326263
4474	0.0326049
4475	0.0325770
4476	0.0325574
4477	0.0325310
4478	0.0325046
4479	0.0324803
4480	0.0324569
4481	0.0324334
4482	0.0324098
4483	0.0323870
4484	0.0323632
4485	0.0323395
4486	0.0323193
4487	0.0322930
4488	0.0322728
4489	0.0322510
4490	0.0322275
4491	0.0322079
4492	0.0321883
4493	0.0321708
4494	0.0321501
4495	0.0321294
4496	0.0321078
4497	0.0320904
4498	0.0320715
4499	0.0320549
4500	0.0320375
4501	0.0320204
4502	0.0320082
4503	0.0319912
4504	0.0319784
4505	0.0319659
4506	0.0319484
4507	0.0319341
4508	0.0319267
4509	0.0319094
4510	0.0319028
4511	0.0318864
4512	0.0318738
4513	0.0318651
4514	0.0318578
4515	0.0318492
4516	0.0318397
4517	0.0318331
4518	0.0318317
4519	0.0318224
4520	0.0318186
4521	0.0318095
4522	0.0318026
4523	0.0317994
4524	0.0317953
4525	0.0317919
4526	0.0317874
4527	0.0317869
4528	0.0317855
4529	0.0317853
4530	0.0317836
4531	0.0317828
4532	0.0317823
4533	0.0317810
4534	0.0317799
4535	0.0317805
4536	0.0317822
4537	0.0317837
4538	0.0317863
4539	0.0317872
4540	0.0317903
4541	0.0317944
4542	0.0317961
4543	0.0317989
4544	0.0318062
4545	0.0318101
4546	0.0318164
4547	0.0318246
4548	0.0318304
4549	0.0318361
4550	0.0318418
4551	0.0318475
4552	0.0318580
4553	0.0318663
4554	0.0318686
4555	0.0318750
4556	0.0318884
4557	0.0318935
4558	0.0319020
4559	0.0319056
4560	0.0319160
4561	0.0319224
4562	0.0319285
4563	0.0319344
4564	0.0319351
4565	0.0319370
4566	0.0319480
4567	0.0319541
4568	0.0319584
4569	0.0319626
4570	0.0319645
4571	0.0319645
4572	0.0319741
4573	0.0319752
4574	0.0319795
4575	0.0319805
4576	0.0319832
4577	0.0319840
4578	0.0319891
4579	0.0319915
4580	0.0319950
4581	0.0319952
4582	0.0319953
4583	0.0319971
4584	0.0319989
4585	0.0320027
4586	0.0320028
4587	0.0320046
4588	0.0320081
4589	0.0320092
4590	0.0320115
4591	0.0320120
4592	0.0320124
4593	0.0320136
4594	0.0320143
4595	0.0320146
4596	0.0320181
4597	0.0320182
4598	0.0320190
4599	0.0320215
4600	0.0320215
4601	0.0320231
4602	0.0320235
4603	0.0320235
4604	0.0320239
4605	0.0320251
4606	0.0320253
4607	0.0320273
4608	0.0320277
4609	0.0320277
4610	0.0320275
4611	0.0320273
4612	0.0320279
4613	0.0320300
4614	0.0320307
4615	0.0320303
4616	0.0320304
4617	0.0320304
4618	0.0320334
4619	0.0320336
4620	0.0320339
4621	0.0320342
4622	0.0320343
4623	0.0320346
4624	0.0320349
4625	0.0320358
4626	0.0320377
4627	0.0320377
4628	0.0320382
4629	0.0320390
4630	0.0320392
4631	0.0320391
4632	0.0320391
4633	0.0320377
4634	0.0320381
4635	0.0320382
4636	0.0320397
4637	0.0320396
4638	0.0320396
4639	0.0320407
4640	0.0320407
4641	0.0320408
4642	0.0320409
4643	0.0320413
4644	0.0320415
4645	0.0320437
4646	0.0320426
4647	0.0320416
4648	0.0320419
4649	0.0320423
4650	0.0320423
4651	0.0320427
4652	0.0320427
4653	0.0320424
4654	0.0320426
4655	0.0320425
4656	0.0320423
4657	0.0320425
4658	0.0320427
4659	0.0320451
4660	0.0320457
4661	0.0320483
4662	0.0320518
4663	0.0320537
4664	0.0320539
4665	0.0320547
4666	0.0320564
4667	0.0320596
4668	0.0320624
4669	0.0320630
4670	0.0320663
4671	0.0320697
4672	0.0320704
4673	0.0320715
4674	0.0320717
4675	0.0320718
4676	0.0320721
4677	0.0320721
4678	0.0320721
4679	0.0320726
4680	0.0320728
4681	0.0320745
4682	0.0320744
4683	0.0320746
4684	0.0320754
4685	0.0320753
4686	0.0320754
4687	0.0320779
4688	0.0320780
4689	0.0320781
4690	0.0320782
4691	0.0320793
