x	y
1	-0.0041391
2	-0.0041391
3	-0.0041453
4	-0.0041555
5	-0.0041640
6	-0.0041759
7	-0.0041894
8	-0.0042020
9	-0.0042105
10	-0.0042138
11	-0.0042156
12	-0.0042204
13	-0.0042241
14	-0.0042244
15	-0.0042261
16	-0.0042283
17	-0.0042288
18	-0.0042295
19	-0.0042325
20	-0.0042337
21	-0.0042339
22	-0.0042336
23	-0.0042335
24	-0.0042317
25	-0.0042320
26	-0.0042317
27	-0.0042279
28	-0.0042266
29	-0.0042248
30	-0.0042239
31	-0.0042210
32	-0.0042195
33	-0.0042193
34	-0.0042200
35	-0.0042201
36	-0.0042237
37	-0.0042242
38	-0.0042246
39	-0.0042270
40	-0.0042286
41	-0.0042311
42	-0.0042312
43	-0.0042313
44	-0.0042344
45	-0.0042346
46	-0.0042353
47	-0.0042356
48	-0.0042358
49	-0.0042358
50	-0.0042370
51	-0.0042353
52	-0.0042359
53	-0.0042382
54	-0.0042375
55	-0.0042377
56	-0.0042368
57	-0.0042373
58	-0.0042396
59	-0.0042397
60	-0.0042396
61	-0.0042388
62	-0.0042383
63	-0.0042381
64	-0.0042381
65	-0.0042383
66	-0.0042384
67	-0.0042384
68	-0.0042396
69	-0.0042400
70	-0.0042390
71	-0.0042391
72	-0.0042390
73	-0.0042376
74	-0.0042352
75	-0.0042354
76	-0.0042360
77	-0.0042375
78	-0.0042380
79	-0.0042382
80	-0.0042371
81	-0.0042355
82	-0.0042363
83	-0.0042367
84	-0.0042378
85	-0.0042379
86	-0.0042379
87	-0.0042371
88	-0.0042366
89	-0.0042370
90	-0.0042362
91	-0.0042369
92	-0.0042367
93	-0.0042375
94	-0.0042375
95	-0.0042385
96	-0.0042384
97	-0.0042385
98	-0.0042375
99	-0.0042373
100	-0.0042370
101	-0.0042373
102	-0.0042373
103	-0.0042371
104	-0.0042379
105	-0.0042378
106	-0.0042357
107	-0.0042366
108	-0.0042366
109	-0.0042359
110	-0.0042361
111	-0.0042361
112	-0.0042358
113	-0.0042357
114	-0.0042345
115	-0.0042353
116	-0.0042367
117	-0.0042356
118	-0.0042360
119	-0.0042359
120	-0.0042356
121	-0.0042355
122	-0.0042354
123	-0.0042339
124	-0.0042345
125	-0.0042348
126	-0.0042346
127	-0.0042348
128	-0.0042338
129	-0.0042340
130	-0.0042351
131	-0.0042351
132	-0.0042356
133	-0.0042350
134	-0.0042328
135	-0.0042325
136	-0.0042332
137	-0.0042346
138	-0.0042344
139	-0.0042335
140	-0.0042335
141	-0.0042333
142	-0.0042340
143	-0.0042344
144	-0.0042344
145	-0.0042341
146	-0.0042347
147	-0.0042352
148	-0.0042352
149	-0.0042345
150	-0.0042345
151	-0.0042357
152	-0.0042346
153	-0.0042344
154	-0.0042335
155	-0.0042339
156	-0.0042352
157	-0.0042353
158	-0.0042355
159	-0.0042360
160	-0.0042356
161	-0.0042350
162	-0.0042371
163	-0.0042373
164	-0.0042367
165	-0.0042353
166	-0.0042355
167	-0.0042355
168	-0.0042353
169	-0.0042348
170	-0.0042348
171	-0.0042347
172	-0.0042351
173	-0.0042358
174	-0.0042359
175	-0.0042360
176	-0.0042360
177	-0.0042367
178	-0.0042368
179	-0.0042362
180	-0.0042364
181	-0.0042369
182	-0.0042358
183	-0.0042362
184	-0.0042367
185	-0.0042373
186	-0.0042368
187	-0.0042374
188	-0.0042380
189	-0.0042378
190	-0.0042377
191	-0.0042376
192	-0.0042373
193	-0.0042360
194	-0.0042350
195	-0.0042355
196	-0.0042354
197	-0.0042353
198	-0.0042351
199	-0.0042343
200	-0.0042335
201	-0.0042338
202	-0.0042332
203	-0.0042337
204	-0.0042344
205	-0.0042335
206	-0.0042330
207	-0.0042336
208	-0.0042351
209	-0.0042350
210	-0.0042348
211	-0.0042343
212	-0.0042344
213	-0.0042330
214	-0.0042336
215	-0.0042339
216	-0.0042340
217	-0.0042332
218	-0.0042330
219	-0.0042317
220	-0.0042311
221	-0.0042315
222	-0.0042313
223	-0.0042320
224	-0.0042338
225	-0.0042338
226	-0.0042343
227	-0.0042343
228	-0.0042351
229	-0.0042348
230	-0.0042362
231	-0.0042364
232	-0.0042361
233	-0.0042354
234	-0.0042345
235	-0.0042345
236	-0.0042347
237	-0.0042345
238	-0.0042331
239	-0.0042336
240	-0.0042333
241	-0.0042336
242	-0.0042349
243	-0.0042341
244	-0.0042330
245	-0.0042336
246	-0.0042343
247	-0.0042343
248	-0.0042331
249	-0.0042320
250	-0.0042305
251	-0.0042299
252	-0.0042300
253	-0.0042254
254	-0.0042247
255	-0.0042154
256	-0.0042069
257	-0.0041959
258	-0.0041894
259	-0.0041811
260	-0.0041758
261	-0.0041717
262	-0.0041678
263	-0.0041684
264	-0.0041684
265	-0.0041690
266	-0.0041792
267	-0.0041848
268	-0.0041924
269	-0.0041993
270	-0.0042077
271	-0.0042132
272	-0.0042217
273	-0.0042234
274	-0.0042281
275	-0.0042289
276	-0.0042283
277	-0.0042279
278	-0.0042281
279	-0.0042287
280	-0.0042292
281	-0.0042305
282	-0.0042313
283	-0.0042331
284	-0.0042334
285	-0.0042328
286	-0.0042326
287	-0.0042333
288	-0.0042336
289	-0.0042336
290	-0.0042334
291	-0.0042337
292	-0.0042338
293	-0.0042334
294	-0.0042338
295	-0.0042354
296	-0.0042361
297	-0.0042352
298	-0.0042353
299	-0.0042355
300	-0.0042358
301	-0.0042357
302	-0.0042343
303	-0.0042343
304	-0.0042349
305	-0.0042343
306	-0.0042343
307	-0.0042340
308	-0.0042344
309	-0.0042342
310	-0.0042339
311	-0.0042323
312	-0.0042329
313	-0.0042349
314	-0.0042355
315	-0.0042351
316	-0.0042347
317	-0.0042348
318	-0.0042346
319	-0.0042335
320	-0.0042331
321	-0.0042338
322	-0.0042340
323	-0.0042342
324	-0.0042347
325	-0.0042351
326	-0.0042340
327	-0.0042331
328	-0.0042331
329	-0.0042329
330	-0.0042330
331	-0.0042333
332	-0.0042337
333	-0.0042334
334	-0.0042345
335	-0.0042351
336	-0.0042336
337	-0.0042328
338	-0.0042320
339	-0.0042321
340	-0.0042332
341	-0.0042329
342	-0.0042317
343	-0.0042320
344	-0.0042323
345	-0.0042331
346	-0.0042338
347	-0.0042358
348	-0.0042353
349	-0.0042348
350	-0.0042346
351	-0.0042323
352	-0.0042316
353	-0.0042321
354	-0.0042337
355	-0.0042339
356	-0.0042333
357	-0.0042329
358	-0.0042323
359	-0.0042328
360	-0.0042323
361	-0.0042324
362	-0.0042334
363	-0.0042341
364	-0.0042336
365	-0.0042337
366	-0.0042337
367	-0.0042320
368	-0.0042317
369	-0.0042322
370	-0.0042319
371	-0.0042319
372	-0.0042323
373	-0.0042339
374	-0.0042354
375	-0.0042351
376	-0.0042350
377	-0.0042344
378	-0.0042344
379	-0.0042326
380	-0.0042329
381	-0.0042332
382	-0.0042343
383	-0.0042359
384	-0.0042366
385	-0.0042365
386	-0.0042357
387	-0.0042361
388	-0.0042358
389	-0.0042352
390	-0.0042344
391	-0.0042345
392	-0.0042343
393	-0.0042355
394	-0.0042340
395	-0.0042333
396	-0.0042338
397	-0.0042339
398	-0.0042345
399	-0.0042358
400	-0.0042365
401	-0.0042359
402	-0.0042357
403	-0.0042344
404	-0.0042347
405	-0.0042355
406	-0.0042365
407	-0.0042364
408	-0.0042336
409	-0.0042325
410	-0.0042318
411	-0.0042308
412	-0.0042249
413	-0.0042157
414	-0.0042084
415	-0.0041994
416	-0.0041875
417	-0.0041770
418	-0.0041736
419	-0.0041634
420	-0.0041551
421	-0.0041480
422	-0.0041382
423	-0.0041309
424	-0.0041206
425	-0.0041108
426	-0.0041022
427	-0.0040962
428	-0.0040859
429	-0.0040825
430	-0.0040782
431	-0.0040776
432	-0.0040796
433	-0.0040826
434	-0.0041122
435	-0.0041348
436	-0.0041710
437	-0.0042163
438	-0.0042724
439	-0.0043412
440	-0.0044069
441	-0.0044858
442	-0.0045663
443	-0.0046406
444	-0.0047292
445	-0.0048198
446	-0.0049103
447	-0.0049964
448	-0.0050760
449	-0.0051509
450	-0.0052264
451	-0.0052999
452	-0.0053705
453	-0.0054298
454	-0.0054868
455	-0.0055448
456	-0.0055846
457	-0.0056275
458	-0.0056708
459	-0.0057067
460	-0.0057378
461	-0.0057647
462	-0.0057907
463	-0.0058042
464	-0.0058263
465	-0.0058424
466	-0.0058551
467	-0.0058642
468	-0.0058726
469	-0.0058785
470	-0.0058868
471	-0.0058897
472	-0.0058960
473	-0.0058972
474	-0.0058992
475	-0.0059001
476	-0.0059000
477	-0.0058982
478	-0.0058954
479	-0.0058908
480	-0.0058886
481	-0.0058785
482	-0.0058687
483	-0.0058560
484	-0.0058419
485	-0.0058228
486	-0.0058014
487	-0.0057824
488	-0.0057568
489	-0.0057304
490	-0.0057044
491	-0.0056772
492	-0.0056502
493	-0.0056245
494	-0.0055997
495	-0.0055759
496	-0.0055597
497	-0.0055440
498	-0.0055358
499	-0.0055328
500	-0.0055314
501	-0.0055343
502	-0.0055414
503	-0.0055592
504	-0.0055769
505	-0.0055975
506	-0.0056140
507	-0.0056451
508	-0.0056698
509	-0.0056942
510	-0.0057184
511	-0.0057408
512	-0.0057643
513	-0.0057858
514	-0.0058085
515	-0.0058248
516	-0.0058400
517	-0.0058555
518	-0.0058697
519	-0.0058767
520	-0.0058828
521	-0.0058948
522	-0.0059040
523	-0.0059089
524	-0.0059103
525	-0.0059160
526	-0.0059203
527	-0.0059211
528	-0.0059230
529	-0.0059241
530	-0.0059261
531	-0.0059264
532	-0.0059314
533	-0.0059330
534	-0.0059358
535	-0.0059407
536	-0.0059406
537	-0.0059475
538	-0.0059545
539	-0.0059573
540	-0.0059696
541	-0.0059855
542	-0.0059895
543	-0.0060169
544	-0.0060432
545	-0.0060660
546	-0.0060963
547	-0.0061390
548	-0.0061837
549	-0.0062347
550	-0.0062931
551	-0.0063559
552	-0.0064195
553	-0.0064911
554	-0.0065666
555	-0.0066604
556	-0.0067468
557	-0.0068457
558	-0.0069382
559	-0.0070307
560	-0.0071228
561	-0.0072270
562	-0.0073113
563	-0.0074059
564	-0.0074803
565	-0.0075716
566	-0.0076243
567	-0.0076850
568	-0.0077410
569	-0.0077925
570	-0.0078435
571	-0.0078682
572	-0.0078874
573	-0.0078986
574	-0.0079077
575	-0.0079047
576	-0.0078893
577	-0.0078786
578	-0.0078570
579	-0.0078342
580	-0.0078046
581	-0.0077631
582	-0.0077281
583	-0.0076882
584	-0.0076375
585	-0.0075869
586	-0.0075411
587	-0.0074942
588	-0.0074446
589	-0.0073825
590	-0.0073222
591	-0.0072643
592	-0.0072007
593	-0.0071369
594	-0.0070655
595	-0.0069961
596	-0.0069243
597	-0.0068277
598	-0.0067520
599	-0.0066719
600	-0.0065799
601	-0.0064920
602	-0.0064040
603	-0.0062792
604	-0.0061889
605	-0.0060810
606	-0.0059784
607	-0.0058612
608	-0.0057525
609	-0.0056434
610	-0.0055396
611	-0.0054450
612	-0.0053246
613	-0.0052380
614	-0.0051510
615	-0.0050815
616	-0.0049892
617	-0.0049260
618	-0.0048556
619	-0.0048134
620	-0.0047654
621	-0.0047168
622	-0.0046922
623	-0.0046579
624	-0.0046410
625	-0.0046214
626	-0.0045871
627	-0.0045908
628	-0.0045782
629	-0.0045658
630	-0.0045592
631	-0.0045543
632	-0.0045474
633	-0.0045421
634	-0.0045374
635	-0.0045335
636	-0.0045252
637	-0.0045156
638	-0.0045123
639	-0.0044982
640	-0.0044854
641	-0.0044782
642	-0.0044683
643	-0.0044518
644	-0.0044423
645	-0.0044309
646	-0.0044145
647	-0.0044075
648	-0.0043884
649	-0.0043727
650	-0.0043607
651	-0.0043468
652	-0.0043297
653	-0.0043193
654	-0.0043051
655	-0.0042937
656	-0.0042859
657	-0.0042691
658	-0.0042541
659	-0.0042445
660	-0.0042291
661	-0.0042137
662	-0.0042020
663	-0.0041907
664	-0.0041803
665	-0.0041545
666	-0.0041362
667	-0.0041179
668	-0.0040961
669	-0.0040792
670	-0.0040519
671	-0.0040145
672	-0.0039828
673	-0.0039494
674	-0.0039061
675	-0.0038671
676	-0.0038257
677	-0.0037676
678	-0.0037056
679	-0.0036433
680	-0.0035866
681	-0.0035133
682	-0.0034424
683	-0.0033686
684	-0.0032826
685	-0.0031961
686	-0.0031090
687	-0.0030204
688	-0.0029383
689	-0.0028607
690	-0.0027826
691	-0.0027058
692	-0.0026283
693	-0.0025488
694	-0.0025033
695	-0.0024299
696	-0.0023805
697	-0.0023301
698	-0.0022822
699	-0.0022360
700	-0.0021904
701	-0.0021584
702	-0.0021262
703	-0.0020997
704	-0.0020699
705	-0.0020402
706	-0.0020068
707	-0.0019887
708	-0.0019658
709	-0.0019427
710	-0.0019272
711	-0.0019078
712	-0.0018896
713	-0.0018811
714	-0.0018684
715	-0.0018552
716	-0.0018467
717	-0.0018440
718	-0.0018446
719	-0.0018431
720	-0.0018470
721	-0.0018511
722	-0.0018563
723	-0.0018739
724	-0.0018946
725	-0.0019195
726	-0.0019428
727	-0.0019720
728	-0.0020090
729	-0.0020473
730	-0.0020835
731	-0.0021295
732	-0.0021745
733	-0.0022234
734	-0.0022806
735	-0.0023355
736	-0.0023933
737	-0.0024521
738	-0.0025158
739	-0.0025762
740	-0.0026341
741	-0.0027045
742	-0.0027715
743	-0.0028331
744	-0.0028960
745	-0.0029555
746	-0.0030205
747	-0.0030977
748	-0.0031435
749	-0.0032002
750	-0.0032564
751	-0.0033087
752	-0.0033574
753	-0.0034055
754	-0.0034540
755	-0.0035002
756	-0.0035385
757	-0.0035771
758	-0.0036129
759	-0.0036462
760	-0.0036814
761	-0.0037081
762	-0.0037322
763	-0.0037600
764	-0.0037823
765	-0.0038010
766	-0.0038204
767	-0.0038371
768	-0.0038580
769	-0.0038736
770	-0.0038889
771	-0.0038964
772	-0.0039075
773	-0.0039213
774	-0.0039258
775	-0.0039372
776	-0.0039391
777	-0.0039458
778	-0.0039506
779	-0.0039473
780	-0.0039522
781	-0.0039584
782	-0.0039586
783	-0.0039607
784	-0.0039650
785	-0.0039659
786	-0.0039658
787	-0.0039673
788	-0.0039721
789	-0.0039634
790	-0.0039677
791	-0.0039616
792	-0.0039607
793	-0.0039588
794	-0.0039565
795	-0.0039545
796	-0.0039552
797	-0.0039559
798	-0.0039554
799	-0.0039564
800	-0.0039570
801	-0.0039520
802	-0.0039613
803	-0.0039687
804	-0.0039663
805	-0.0039688
806	-0.0039774
807	-0.0039834
808	-0.0039905
809	-0.0039946
810	-0.0040044
811	-0.0040083
812	-0.0040137
813	-0.0040172
814	-0.0040291
815	-0.0040346
816	-0.0040388
817	-0.0040494
818	-0.0040581
819	-0.0040555
820	-0.0040632
821	-0.0040645
822	-0.0040644
823	-0.0040674
824	-0.0040664
825	-0.0040641
826	-0.0040564
827	-0.0040525
828	-0.0040462
829	-0.0040364
830	-0.0040269
831	-0.0040129
832	-0.0040016
833	-0.0039854
834	-0.0039718
835	-0.0039519
836	-0.0039370
837	-0.0039220
838	-0.0039087
839	-0.0038904
840	-0.0038761
841	-0.0038577
842	-0.0038420
843	-0.0038229
844	-0.0038103
845	-0.0037944
846	-0.0037794
847	-0.0037699
848	-0.0037552
849	-0.0037464
850	-0.0037306
851	-0.0037196
852	-0.0037139
853	-0.0037069
854	-0.0036935
855	-0.0036866
856	-0.0036787
857	-0.0036731
858	-0.0036698
859	-0.0036608
860	-0.0036574
861	-0.0036532
862	-0.0036501
863	-0.0036453
864	-0.0036368
865	-0.0036329
866	-0.0036312
867	-0.0036289
868	-0.0036271
869	-0.0036264
870	-0.0036212
871	-0.0036216
872	-0.0036197
873	-0.0036202
874	-0.0036208
875	-0.0036201
876	-0.0036196
877	-0.0036181
878	-0.0036181
879	-0.0036181
880	-0.0036208
881	-0.0036221
882	-0.0036225
883	-0.0036242
884	-0.0036267
885	-0.0036279
886	-0.0036325
887	-0.0036344
888	-0.0036387
889	-0.0036422
890	-0.0036423
891	-0.0036459
892	-0.0036473
893	-0.0036531
894	-0.0036557
895	-0.0036573
896	-0.0036638
897	-0.0036665
898	-0.0036721
899	-0.0036785
900	-0.0036804
901	-0.0036876
902	-0.0036948
903	-0.0037026
904	-0.0037077
905	-0.0037161
906	-0.0037205
907	-0.0037255
908	-0.0037325
909	-0.0037387
910	-0.0037453
911	-0.0037558
912	-0.0037632
913	-0.0037717
914	-0.0037783
915	-0.0037837
916	-0.0037918
917	-0.0038023
918	-0.0038133
919	-0.0038240
920	-0.0038372
921	-0.0038461
922	-0.0038566
923	-0.0038584
924	-0.0038728
925	-0.0038837
926	-0.0038898
927	-0.0039047
928	-0.0039194
929	-0.0039311
930	-0.0039386
931	-0.0039536
932	-0.0039659
933	-0.0039722
934	-0.0039875
935	-0.0039959
936	-0.0040150
937	-0.0040258
938	-0.0040401
939	-0.0040552
940	-0.0040646
941	-0.0040763
942	-0.0040901
943	-0.0040974
944	-0.0041144
945	-0.0041298
946	-0.0041381
947	-0.0041563
948	-0.0041688
949	-0.0041762
950	-0.0041919
951	-0.0042032
952	-0.0042196
953	-0.0042342
954	-0.0042429
955	-0.0042579
956	-0.0042695
957	-0.0042851
958	-0.0042955
959	-0.0043075
960	-0.0043185
961	-0.0043320
962	-0.0043460
963	-0.0043557
964	-0.0043681
965	-0.0043755
966	-0.0043887
967	-0.0044008
968	-0.0044153
969	-0.0044270
970	-0.0044398
971	-0.0044459
972	-0.0044511
973	-0.0044613
974	-0.0044766
975	-0.0044907
976	-0.0045014
977	-0.0045096
978	-0.0045197
979	-0.0045300
980	-0.0045435
981	-0.0045555
982	-0.0045649
983	-0.0045724
984	-0.0045812
985	-0.0045911
986	-0.0046028
987	-0.0046148
988	-0.0046195
989	-0.0046284
990	-0.0046337
991	-0.0046437
992	-0.0046572
993	-0.0046652
994	-0.0046710
995	-0.0046765
996	-0.0046832
997	-0.0046932
998	-0.0047028
999	-0.0047104
1000	-0.0047191
1001	-0.0047241
1002	-0.0047294
1003	-0.0047377
1004	-0.0047438
1005	-0.0047472
1006	-0.0047540
1007	-0.0047588
1008	-0.0047668
1009	-0.0047733
1010	-0.0047803
1011	-0.0047820
1012	-0.0047893
1013	-0.0047927
1014	-0.0047990
1015	-0.0048031
1016	-0.0048081
1017	-0.0048115
1018	-0.0048143
1019	-0.0048158
1020	-0.0048199
1021	-0.0048219
1022	-0.0048259
1023	-0.0048263
1024	-0.0048243
1025	-0.0048284
1026	-0.0048324
1027	-0.0048392
1028	-0.0048383
1029	-0.0048386
1030	-0.0048376
1031	-0.0048357
1032	-0.0048379
1033	-0.0048406
1034	-0.0048376
1035	-0.0048385
1036	-0.0048396
1037	-0.0048406
1038	-0.0048365
1039	-0.0048374
1040	-0.0048351
1041	-0.0048365
1042	-0.0048348
1043	-0.0048365
1044	-0.0048335
1045	-0.0048315
1046	-0.0048283
1047	-0.0048272
1048	-0.0048246
1049	-0.0048224
1050	-0.0048182
1051	-0.0048172
1052	-0.0048122
1053	-0.0048128
1054	-0.0048054
1055	-0.0048017
1056	-0.0048004
1057	-0.0047980
1058	-0.0047935
1059	-0.0047882
1060	-0.0047849
1061	-0.0047835
1062	-0.0047779
1063	-0.0047718
1064	-0.0047674
1065	-0.0047625
1066	-0.0047609
1067	-0.0047564
1068	-0.0047500
1069	-0.0047433
1070	-0.0047383
1071	-0.0047316
1072	-0.0047235
1073	-0.0047218
1074	-0.0047122
1075	-0.0047088
1076	-0.0047062
1077	-0.0046975
1078	-0.0046896
1079	-0.0046841
1080	-0.0046790
1081	-0.0046740
1082	-0.0046633
1083	-0.0046587
1084	-0.0046492
1085	-0.0046400
1086	-0.0046325
1087	-0.0046255
1088	-0.0046184
1089	-0.0046103
1090	-0.0046046
1091	-0.0045966
1092	-0.0045899
1093	-0.0045811
1094	-0.0045752
1095	-0.0045673
1096	-0.0045592
1097	-0.0045492
1098	-0.0045449
1099	-0.0045347
1100	-0.0045282
1101	-0.0045201
1102	-0.0045121
1103	-0.0045045
1104	-0.0044915
1105	-0.0044839
1106	-0.0044747
1107	-0.0044690
1108	-0.0044599
1109	-0.0044509
1110	-0.0044431
1111	-0.0044338
1112	-0.0044291
1113	-0.0044171
1114	-0.0044101
1115	-0.0043983
1116	-0.0043886
1117	-0.0043845
1118	-0.0043761
1119	-0.0043651
1120	-0.0043581
1121	-0.0043473
1122	-0.0043428
1123	-0.0043300
1124	-0.0043184
1125	-0.0043136
1126	-0.0043070
1127	-0.0042953
1128	-0.0042882
1129	-0.0042777
1130	-0.0042665
1131	-0.0042588
1132	-0.0042498
1133	-0.0042433
1134	-0.0042334
1135	-0.0042238
1136	-0.0042138
1137	-0.0042059
1138	-0.0041998
1139	-0.0041929
1140	-0.0041802
1141	-0.0041718
1142	-0.0041630
1143	-0.0041579
1144	-0.0041449
1145	-0.0041425
1146	-0.0041305
1147	-0.0041181
1148	-0.0041113
1149	-0.0041050
1150	-0.0040975
1151	-0.0040849
1152	-0.0040731
1153	-0.0040728
1154	-0.0040585
1155	-0.0040446
1156	-0.0040380
1157	-0.0040307
1158	-0.0040196
1159	-0.0040117
1160	-0.0039990
1161	-0.0039909
1162	-0.0039816
1163	-0.0039691
1164	-0.0039613
1165	-0.0039529
1166	-0.0039436
1167	-0.0039340
1168	-0.0039212
1169	-0.0039150
1170	-0.0039088
1171	-0.0038953
1172	-0.0038811
1173	-0.0038698
1174	-0.0038653
1175	-0.0038485
1176	-0.0038395
1177	-0.0038257
1178	-0.0038145
1179	-0.0038013
1180	-0.0037878
1181	-0.0037777
1182	-0.0037630
1183	-0.0037542
1184	-0.0037418
1185	-0.0037284
1186	-0.0037186
1187	-0.0037051
1188	-0.0036909
1189	-0.0036791
1190	-0.0036647
1191	-0.0036524
1192	-0.0036356
1193	-0.0036236
1194	-0.0036072
1195	-0.0035949
1196	-0.0035773
1197	-0.0035606
1198	-0.0035475
1199	-0.0035289
1200	-0.0035103
1201	-0.0034974
1202	-0.0034825
1203	-0.0034650
1204	-0.0034502
1205	-0.0034315
1206	-0.0034125
1207	-0.0033937
1208	-0.0033721
1209	-0.0033598
1210	-0.0033408
1211	-0.0033242
1212	-0.0033087
1213	-0.0032876
1214	-0.0032662
1215	-0.0032457
1216	-0.0032258
1217	-0.0032057
1218	-0.0031851
1219	-0.0031645
1220	-0.0031459
1221	-0.0031247
1222	-0.0031048
1223	-0.0030832
1224	-0.0030646
1225	-0.0030515
1226	-0.0030268
1227	-0.0030006
1228	-0.0029784
1229	-0.0029585
1230	-0.0029393
1231	-0.0029132
1232	-0.0028910
1233	-0.0028699
1234	-0.0028515
1235	-0.0028302
1236	-0.0028084
1237	-0.0027901
1238	-0.0027683
1239	-0.0027472
1240	-0.0027255
1241	-0.0026993
1242	-0.0026778
1243	-0.0026585
1244	-0.0026390
1245	-0.0026190
1246	-0.0026021
1247	-0.0025792
1248	-0.0025598
1249	-0.0025349
1250	-0.0025128
1251	-0.0024960
1252	-0.0024833
1253	-0.0024618
1254	-0.0024410
1255	-0.0024224
1256	-0.0024064
1257	-0.0023875
1258	-0.0023676
1259	-0.0023517
1260	-0.0023366
1261	-0.0023178
1262	-0.0023007
1263	-0.0022816
1264	-0.0022679
1265	-0.0022528
1266	-0.0022426
1267	-0.0022258
1268	-0.0022111
1269	-0.0021966
1270	-0.0021830
1271	-0.0021650
1272	-0.0021531
1273	-0.0021451
1274	-0.0021310
1275	-0.0021170
1276	-0.0021105
1277	-0.0020985
1278	-0.0020871
1279	-0.0020735
1280	-0.0020635
1281	-0.0020568
1282	-0.0020470
1283	-0.0020415
1284	-0.0020350
1285	-0.0020328
1286	-0.0020215
1287	-0.0020139
1288	-0.0020063
1289	-0.0020023
1290	-0.0019949
1291	-0.0019892
1292	-0.0019826
1293	-0.0019853
1294	-0.0019754
1295	-0.0019762
1296	-0.0019700
1297	-0.0019704
1298	-0.0019635
1299	-0.0019656
1300	-0.0019647
1301	-0.0019644
1302	-0.0019676
1303	-0.0019637
1304	-0.0019624
1305	-0.0019641
1306	-0.0019635
1307	-0.0019627
1308	-0.0019691
1309	-0.0019687
1310	-0.0019720
1311	-0.0019774
1312	-0.0019790
1313	-0.0019845
1314	-0.0019873
1315	-0.0019882
1316	-0.0019966
1317	-0.0019979
1318	-0.0020012
1319	-0.0020071
1320	-0.0020166
1321	-0.0020212
1322	-0.0020296
1323	-0.0020315
1324	-0.0020391
1325	-0.0020488
1326	-0.0020563
1327	-0.0020618
1328	-0.0020700
1329	-0.0020760
1330	-0.0020874
1331	-0.0020955
1332	-0.0021038
1333	-0.0021147
1334	-0.0021246
1335	-0.0021321
1336	-0.0021451
1337	-0.0021518
1338	-0.0021642
1339	-0.0021753
1340	-0.0021827
1341	-0.0021956
1342	-0.0022059
1343	-0.0022196
1344	-0.0022318
1345	-0.0022446
1346	-0.0022554
1347	-0.0022683
1348	-0.0022795
1349	-0.0022875
1350	-0.0023031
1351	-0.0023202
1352	-0.0023349
1353	-0.0023479
1354	-0.0023631
1355	-0.0023763
1356	-0.0023907
1357	-0.0024051
1358	-0.0024206
1359	-0.0024341
1360	-0.0024524
1361	-0.0024684
1362	-0.0024813
1363	-0.0024981
1364	-0.0025161
1365	-0.0025280
1366	-0.0025486
1367	-0.0025627
1368	-0.0025842
1369	-0.0026007
1370	-0.0026176
1371	-0.0026383
1372	-0.0026558
1373	-0.0026694
1374	-0.0026950
1375	-0.0027162
1376	-0.0027277
1377	-0.0027561
1378	-0.0027758
1379	-0.0027970
1380	-0.0028182
1381	-0.0028398
1382	-0.0028616
1383	-0.0028835
1384	-0.0028986
1385	-0.0029300
1386	-0.0029536
1387	-0.0029792
1388	-0.0030073
1389	-0.0030317
1390	-0.0030530
1391	-0.0030809
1392	-0.0031025
1393	-0.0031329
1394	-0.0031628
1395	-0.0031896
1396	-0.0032101
1397	-0.0032353
1398	-0.0032601
1399	-0.0032885
1400	-0.0033063
1401	-0.0033271
1402	-0.0033495
1403	-0.0033618
1404	-0.0033867
1405	-0.0034079
1406	-0.0034270
1407	-0.0034374
1408	-0.0034627
1409	-0.0034772
1410	-0.0034912
1411	-0.0035047
1412	-0.0035225
1413	-0.0035384
1414	-0.0035500
1415	-0.0035671
1416	-0.0035806
1417	-0.0035914
1418	-0.0036022
1419	-0.0036188
1420	-0.0036329
1421	-0.0036418
1422	-0.0036548
1423	-0.0036651
1424	-0.0036792
1425	-0.0036916
1426	-0.0037026
1427	-0.0037153
1428	-0.0037284
1429	-0.0037379
1430	-0.0037450
1431	-0.0037549
1432	-0.0037668
1433	-0.0037763
1434	-0.0037870
1435	-0.0037943
1436	-0.0038055
1437	-0.0038104
1438	-0.0038183
1439	-0.0038331
1440	-0.0038369
1441	-0.0038484
1442	-0.0038564
1443	-0.0038640
1444	-0.0038717
1445	-0.0038818
1446	-0.0038873
1447	-0.0038886
1448	-0.0039012
1449	-0.0039104
1450	-0.0039170
1451	-0.0039197
1452	-0.0039265
1453	-0.0039300
1454	-0.0039379
1455	-0.0039444
1456	-0.0039508
1457	-0.0039559
1458	-0.0039606
1459	-0.0039640
1460	-0.0039705
1461	-0.0039716
1462	-0.0039784
1463	-0.0039852
1464	-0.0039881
1465	-0.0039894
1466	-0.0039947
1467	-0.0039998
1468	-0.0040053
1469	-0.0040105
1470	-0.0040147
1471	-0.0040159
1472	-0.0040208
1473	-0.0040258
1474	-0.0040283
1475	-0.0040316
1476	-0.0040366
1477	-0.0040377
1478	-0.0040420
1479	-0.0040421
1480	-0.0040476
1481	-0.0040516
1482	-0.0040526
1483	-0.0040546
1484	-0.0040576
1485	-0.0040601
1486	-0.0040636
1487	-0.0040664
1488	-0.0040693
1489	-0.0040699
1490	-0.0040708
1491	-0.0040755
1492	-0.0040775
1493	-0.0040796
1494	-0.0040802
1495	-0.0040821
1496	-0.0040844
1497	-0.0040881
1498	-0.0040886
1499	-0.0040906
1500	-0.0040941
1501	-0.0040950
1502	-0.0040961
1503	-0.0040973
1504	-0.0040990
1505	-0.0041034
1506	-0.0041035
1507	-0.0041036
1508	-0.0041062
1509	-0.0041081
1510	-0.0041081
1511	-0.0041090
1512	-0.0041134
1513	-0.0041135
1514	-0.0041136
1515	-0.0041160
1516	-0.0041180
1517	-0.0041184
1518	-0.0041188
1519	-0.0041183
1520	-0.0041185
1521	-0.0041206
1522	-0.0041211
1523	-0.0041223
1524	-0.0041214
1525	-0.0041232
1526	-0.0041276
1527	-0.0041271
1528	-0.0041275
1529	-0.0041284
1530	-0.0041294
1531	-0.0041304
1532	-0.0041294
1533	-0.0041294
1534	-0.0041340
1535	-0.0041343
1536	-0.0041365
1537	-0.0041368
1538	-0.0041381
1539	-0.0041385
1540	-0.0041390
1541	-0.0041399
1542	-0.0041411
1543	-0.0041400
1544	-0.0041430
1545	-0.0041431
1546	-0.0041421
1547	-0.0041433
1548	-0.0041446
1549	-0.0041463
1550	-0.0041461
1551	-0.0041461
1552	-0.0041464
1553	-0.0041461
1554	-0.0041458
1555	-0.0041458
1556	-0.0041456
1557	-0.0041457
1558	-0.0041453
1559	-0.0041455
1560	-0.0041448
1561	-0.0041451
1562	-0.0041450
1563	-0.0041471
1564	-0.0041475
1565	-0.0041472
1566	-0.0041480
1567	-0.0041469
1568	-0.0041462
1569	-0.0041462
1570	-0.0041460
1571	-0.0041435
1572	-0.0041424
1573	-0.0041419
1574	-0.0041420
1575	-0.0041405
1576	-0.0041401
1577	-0.0041381
1578	-0.0041376
1579	-0.0041386
1580	-0.0041387
1581	-0.0041381
1582	-0.0041347
1583	-0.0041351
1584	-0.0041344
1585	-0.0041337
1586	-0.0041329
1587	-0.0041326
1588	-0.0041327
1589	-0.0041324
1590	-0.0041317
1591	-0.0041315
1592	-0.0041320
1593	-0.0041328
1594	-0.0041324
1595	-0.0041324
1596	-0.0041315
1597	-0.0041302
1598	-0.0041298
1599	-0.0041304
1600	-0.0041306
1601	-0.0041306
1602	-0.0041307
1603	-0.0041288
1604	-0.0041290
1605	-0.0041291
1606	-0.0041290
1607	-0.0041299
1608	-0.0041298
1609	-0.0041291
1610	-0.0041294
1611	-0.0041286
1612	-0.0041283
1613	-0.0041289
1614	-0.0041289
1615	-0.0041277
1616	-0.0041285
1617	-0.0041291
1618	-0.0041281
1619	-0.0041282
1620	-0.0041291
1621	-0.0041291
1622	-0.0041295
1623	-0.0041295
1624	-0.0041296
1625	-0.0041288
1626	-0.0041290
1627	-0.0041292
1628	-0.0041309
1629	-0.0041308
1630	-0.0041283
1631	-0.0041280
1632	-0.0041280
1633	-0.0041286
1634	-0.0041285
1635	-0.0041283
1636	-0.0041285
1637	-0.0041287
1638	-0.0041296
1639	-0.0041295
1640	-0.0041297
1641	-0.0041293
1642	-0.0041295
1643	-0.0041297
1644	-0.0041307
1645	-0.0041313
1646	-0.0041302
1647	-0.0041300
1648	-0.0041297
1649	-0.0041300
1650	-0.0041306
1651	-0.0041305
1652	-0.0041303
1653	-0.0041300
1654	-0.0041303
1655	-0.0041315
1656	-0.0041316
1657	-0.0041304
1658	-0.0041301
1659	-0.0041300
1660	-0.0041322
1661	-0.0041327
1662	-0.0041329
1663	-0.0041327
1664	-0.0041323
1665	-0.0041315
1666	-0.0041313
1667	-0.0041313
1668	-0.0041317
1669	-0.0041328
1670	-0.0041327
1671	-0.0041321
1672	-0.0041314
1673	-0.0041315
1674	-0.0041312
1675	-0.0041311
1676	-0.0041310
1677	-0.0041311
1678	-0.0041303
1679	-0.0041298
1680	-0.0041301
1681	-0.0041306
1682	-0.0041305
1683	-0.0041305
1684	-0.0041307
1685	-0.0041301
1686	-0.0041307
1687	-0.0041305
1688	-0.0041309
1689	-0.0041310
1690	-0.0041322
1691	-0.0041328
1692	-0.0041328
1693	-0.0041332
1694	-0.0041335
1695	-0.0041327
1696	-0.0041337
1697	-0.0041346
1698	-0.0041342
1699	-0.0041340
1700	-0.0041344
1701	-0.0041346
1702	-0.0041348
1703	-0.0041351
1704	-0.0041359
1705	-0.0041361
1706	-0.0041361
1707	-0.0041364
1708	-0.0041368
1709	-0.0041374
1710	-0.0041373
1711	-0.0041373
1712	-0.0041372
1713	-0.0041367
1714	-0.0041369
1715	-0.0041369
1716	-0.0041353
1717	-0.0041363
1718	-0.0041373
1719	-0.0041368
1720	-0.0041365
1721	-0.0041348
1722	-0.0041352
1723	-0.0041368
1724	-0.0041370
1725	-0.0041378
1726	-0.0041371
1727	-0.0041364
1728	-0.0041361
1729	-0.0041366
1730	-0.0041374
1731	-0.0041366
1732	-0.0041373
1733	-0.0041368
1734	-0.0041368
1735	-0.0041367
1736	-0.0041358
1737	-0.0041359
1738	-0.0041363
1739	-0.0041371
1740	-0.0041372
1741	-0.0041374
1742	-0.0041376
1743	-0.0041377
1744	-0.0041374
1745	-0.0041366
1746	-0.0041378
1747	-0.0041367
1748	-0.0041369
1749	-0.0041385
1750	-0.0041383
1751	-0.0041393
1752	-0.0041393
1753	-0.0041384
1754	-0.0041380
1755	-0.0041383
1756	-0.0041384
1757	-0.0041385
1758	-0.0041390
1759	-0.0041388
1760	-0.0041385
1761	-0.0041387
1762	-0.0041395
1763	-0.0041392
1764	-0.0041393
1765	-0.0041408
1766	-0.0041407
1767	-0.0041405
1768	-0.0041405
1769	-0.0041400
1770	-0.0041390
1771	-0.0041392
1772	-0.0041391
1773	-0.0041398
1774	-0.0041399
1775	-0.0041400
1776	-0.0041399
1777	-0.0041397
1778	-0.0041404
1779	-0.0041404
1780	-0.0041402
1781	-0.0041399
1782	-0.0041397
1783	-0.0041399
1784	-0.0041391
1785	-0.0041394
1786	-0.0041389
1787	-0.0041390
1788	-0.0041389
1789	-0.0041390
1790	-0.0041392
1791	-0.0041389
1792	-0.0041407
1793	-0.0041414
1794	-0.0041417
1795	-0.0041420
1796	-0.0041418
1797	-0.0041420
1798	-0.0041413
1799	-0.0041414
1800	-0.0041413
1801	-0.0041405
1802	-0.0041397
1803	-0.0041396
1804	-0.0041401
1805	-0.0041428
1806	-0.0041413
1807	-0.0041400
1808	-0.0041400
1809	-0.0041403
1810	-0.0041404
1811	-0.0041407
1812	-0.0041407
1813	-0.0041394
1814	-0.0041389
1815	-0.0041400
1816	-0.0041398
1817	-0.0041404
1818	-0.0041404
1819	-0.0041401
1820	-0.0041396
1821	-0.0041395
1822	-0.0041402
1823	-0.0041405
1824	-0.0041411
1825	-0.0041402
1826	-0.0041391
1827	-0.0041389
1828	-0.0041391
1829	-0.0041393
1830	-0.0041395
1831	-0.0041395
1832	-0.0041393
1833	-0.0041393
1834	-0.0041404
1835	-0.0041403
1836	-0.0041402
1837	-0.0041401
1838	-0.0041401
1839	-0.0041401
1840	-0.0041401
1841	-0.0041407
1842	-0.0041427
1843	-0.0041422
1844	-0.0041415
1845	-0.0041415
1846	-0.0041414
1847	-0.0041419
1848	-0.0041416
1849	-0.0041419
1850	-0.0041425
1851	-0.0041431
1852	-0.0041430
1853	-0.0041425
1854	-0.0041419
1855	-0.0041407
1856	-0.0041415
1857	-0.0041422
1858	-0.0041422
1859	-0.0041429
1860	-0.0041426
1861	-0.0041428
1862	-0.0041435
1863	-0.0041431
1864	-0.0041424
1865	-0.0041409
1866	-0.0041412
1867	-0.0041424
1868	-0.0041418
1869	-0.0041427
1870	-0.0041431
1871	-0.0041429
1872	-0.0041428
1873	-0.0041425
1874	-0.0041426
1875	-0.0041425
1876	-0.0041431
1877	-0.0041442
1878	-0.0041447
1879	-0.0041445
1880	-0.0041425
1881	-0.0041428
1882	-0.0041432
1883	-0.0041432
1884	-0.0041432
1885	-0.0041449
1886	-0.0041452
1887	-0.0041430
1888	-0.0041396
1889	-0.0041397
1890	-0.0041405
1891	-0.0041414
1892	-0.0041422
1893	-0.0041421
1894	-0.0041412
1895	-0.0041423
1896	-0.0041423
1897	-0.0041422
1898	-0.0041428
1899	-0.0041429
1900	-0.0041431
1901	-0.0041429
1902	-0.0041427
1903	-0.0041427
1904	-0.0041427
1905	-0.0041429
1906	-0.0041432
1907	-0.0041423
1908	-0.0041426
1909	-0.0041428
1910	-0.0041441
1911	-0.0041441
1912	-0.0041442
1913	-0.0041448
1914	-0.0041449
1915	-0.0041445
1916	-0.0041431
1917	-0.0041422
1918	-0.0041418
1919	-0.0041431
1920	-0.0041435
1921	-0.0041439
1922	-0.0041433
1923	-0.0041424
1924	-0.0041426
1925	-0.0041421
1926	-0.0041431
1927	-0.0041417
1928	-0.0041417
1929	-0.0041417
1930	-0.0041413
1931	-0.0041429
1932	-0.0041435
1933	-0.0041427
1934	-0.0041427
1935	-0.0041441
1936	-0.0041442
1937	-0.0041441
1938	-0.0041428
1939	-0.0041438
1940	-0.0041446
1941	-0.0041446
1942	-0.0041435
1943	-0.0041425
1944	-0.0041417
1945	-0.0041416
1946	-0.0041417
1947	-0.0041429
1948	-0.0041431
1949	-0.0041442
1950	-0.0041437
1951	-0.0041439
1952	-0.0041439
1953	-0.0041443
1954	-0.0041428
1955	-0.0041423
1956	-0.0041418
1957	-0.0041417
1958	-0.0041420
1959	-0.0041431
1960	-0.0041434
1961	-0.0041434
1962	-0.0041439
1963	-0.0041439
1964	-0.0041440
1965	-0.0041435
1966	-0.0041437
1967	-0.0041459
1968	-0.0041443
1969	-0.0041420
1970	-0.0041417
1971	-0.0041419
1972	-0.0041426
1973	-0.0041430
1974	-0.0041434
1975	-0.0041447
1976	-0.0041452
1977	-0.0041461
1978	-0.0041462
1979	-0.0041462
1980	-0.0041454
1981	-0.0041442
1982	-0.0041442
1983	-0.0041439
1984	-0.0041451
1985	-0.0041444
1986	-0.0041441
1987	-0.0041442
1988	-0.0041443
1989	-0.0041443
1990	-0.0041440
1991	-0.0041440
1992	-0.0041445
1993	-0.0041442
1994	-0.0041428
1995	-0.0041430
1996	-0.0041428
1997	-0.0041428
1998	-0.0041425
1999	-0.0041426
2000	-0.0041426
2001	-0.0041430
2002	-0.0041430
2003	-0.0041433
2004	-0.0041449
2005	-0.0041448
2006	-0.0041448
2007	-0.0041436
2008	-0.0041439
2009	-0.0041451
2010	-0.0041463
2011	-0.0041457
2012	-0.0041440
2013	-0.0041431
2014	-0.0041425
2015	-0.0041423
2016	-0.0041428
2017	-0.0041436
2018	-0.0041433
2019	-0.0041431
2020	-0.0041431
2021	-0.0041425
2022	-0.0041425
2023	-0.0041426
2024	-0.0041421
2025	-0.0041419
2026	-0.0041429
2027	-0.0041422
2028	-0.0041431
2029	-0.0041432
2030	-0.0041436
2031	-0.0041446
2032	-0.0041448
2033	-0.0041444
2034	-0.0041445
2035	-0.0041444
2036	-0.0041444
2037	-0.0041441
2038	-0.0041447
2039	-0.0041453
2040	-0.0041453
2041	-0.0041448
2042	-0.0041454
2043	-0.0041444
2044	-0.0041449
2045	-0.0041452
2046	-0.0041450
2047	-0.0041454
2048	-0.0041445
2049	-0.0041442
2050	-0.0041435
2051	-0.0041435
2052	-0.0041435
2053	-0.0041442
2054	-0.0041453
2055	-0.0041465
2056	-0.0041458
2057	-0.0041469
2058	-0.0041466
2059	-0.0041467
2060	-0.0041463
2061	-0.0041458
2062	-0.0041452
2063	-0.0041455
2064	-0.0041469
2065	-0.0041468
2066	-0.0041459
2067	-0.0041460
2068	-0.0041485
2069	-0.0041477
2070	-0.0041468
2071	-0.0041470
2072	-0.0041467
2073	-0.0041467
2074	-0.0041474
2075	-0.0041470
2076	-0.0041453
2077	-0.0041448
2078	-0.0041441
2079	-0.0041443
2080	-0.0041454
2081	-0.0041445
2082	-0.0041452
2083	-0.0041467
2084	-0.0041479
2085	-0.0041476
2086	-0.0041455
2087	-0.0041442
2088	-0.0041443
2089	-0.0041454
2090	-0.0041446
2091	-0.0041442
2092	-0.0041443
2093	-0.0041447
2094	-0.0041449
2095	-0.0041453
2096	-0.0041458
2097	-0.0041453
2098	-0.0041449
2099	-0.0041449
2100	-0.0041456
2101	-0.0041455
2102	-0.0041451
2103	-0.0041454
2104	-0.0041459
2105	-0.0041458
2106	-0.0041444
2107	-0.0041455
2108	-0.0041463
2109	-0.0041464
2110	-0.0041474
2111	-0.0041464
2112	-0.0041465
2113	-0.0041467
2114	-0.0041469
2115	-0.0041468
2116	-0.0041475
2117	-0.0041474
2118	-0.0041476
2119	-0.0041482
2120	-0.0041470
2121	-0.0041472
2122	-0.0041477
2123	-0.0041481
2124	-0.0041462
2125	-0.0041462
2126	-0.0041462
2127	-0.0041463
2128	-0.0041463
2129	-0.0041475
2130	-0.0041492
2131	-0.0041495
2132	-0.0041498
2133	-0.0041497
2134	-0.0041493
2135	-0.0041486
2136	-0.0041481
2137	-0.0041493
2138	-0.0041494
2139	-0.0041487
2140	-0.0041489
2141	-0.0041487
2142	-0.0041492
2143	-0.0041492
2144	-0.0041490
2145	-0.0041492
2146	-0.0041485
2147	-0.0041483
2148	-0.0041475
2149	-0.0041482
2150	-0.0041483
2151	-0.0041491
2152	-0.0041491
2153	-0.0041491
2154	-0.0041488
2155	-0.0041503
2156	-0.0041499
2157	-0.0041496
2158	-0.0041488
2159	-0.0041478
2160	-0.0041468
2161	-0.0041469
2162	-0.0041467
2163	-0.0041450
2164	-0.0041424
2165	-0.0041391
2166	-0.0041385
2167	-0.0041329
2168	-0.0041321
2169	-0.0041222
2170	-0.0041165
2171	-0.0041049
2172	-0.0040952
2173	-0.0040869
2174	-0.0040699
2175	-0.0040578
2176	-0.0040428
2177	-0.0040302
2178	-0.0040177
2179	-0.0040100
2180	-0.0040056
2181	-0.0040055
2182	-0.0040103
2183	-0.0040216
2184	-0.0040446
2185	-0.0040797
2186	-0.0041116
2187	-0.0041687
2188	-0.0042282
2189	-0.0042981
2190	-0.0043728
2191	-0.0044501
2192	-0.0045275
2193	-0.0046249
2194	-0.0047141
2195	-0.0048017
2196	-0.0048873
2197	-0.0049740
2198	-0.0050547
2199	-0.0051345
2200	-0.0052142
2201	-0.0052800
2202	-0.0053454
2203	-0.0054069
2204	-0.0054577
2205	-0.0055043
2206	-0.0055457
2207	-0.0055851
2208	-0.0056264
2209	-0.0056431
2210	-0.0056698
2211	-0.0056897
2212	-0.0057036
2213	-0.0057181
2214	-0.0057292
2215	-0.0057390
2216	-0.0057475
2217	-0.0057504
2218	-0.0057515
2219	-0.0057519
2220	-0.0057510
2221	-0.0057459
2222	-0.0057408
2223	-0.0057305
2224	-0.0057155
2225	-0.0057021
2226	-0.0056875
2227	-0.0056671
2228	-0.0056436
2229	-0.0056135
2230	-0.0055816
2231	-0.0055481
2232	-0.0055090
2233	-0.0054659
2234	-0.0054265
2235	-0.0053832
2236	-0.0053421
2237	-0.0053017
2238	-0.0052652
2239	-0.0052261
2240	-0.0051940
2241	-0.0051657
2242	-0.0051410
2243	-0.0051247
2244	-0.0051184
2245	-0.0051152
2246	-0.0051171
2247	-0.0051238
2248	-0.0051334
2249	-0.0051556
2250	-0.0051830
2251	-0.0052081
2252	-0.0052343
2253	-0.0052670
2254	-0.0052968
2255	-0.0053256
2256	-0.0053534
2257	-0.0053791
2258	-0.0054025
2259	-0.0054245
2260	-0.0054435
2261	-0.0054588
2262	-0.0054741
2263	-0.0054853
2264	-0.0054948
2265	-0.0055002
2266	-0.0055093
2267	-0.0055093
2268	-0.0055141
2269	-0.0055147
2270	-0.0055149
2271	-0.0055149
2272	-0.0055098
2273	-0.0055060
2274	-0.0055018
2275	-0.0054968
2276	-0.0054866
2277	-0.0054775
2278	-0.0054667
2279	-0.0054526
2280	-0.0054408
2281	-0.0054299
2282	-0.0054163
2283	-0.0053924
2284	-0.0053721
2285	-0.0053529
2286	-0.0053393
2287	-0.0053161
2288	-0.0052966
2289	-0.0052848
2290	-0.0052636
2291	-0.0052485
2292	-0.0052358
2293	-0.0052275
2294	-0.0052236
2295	-0.0052223
2296	-0.0052223
2297	-0.0052319
2298	-0.0052370
2299	-0.0052530
2300	-0.0052685
2301	-0.0052940
2302	-0.0053193
2303	-0.0053476
2304	-0.0053775
2305	-0.0054054
2306	-0.0054336
2307	-0.0054624
2308	-0.0054921
2309	-0.0055101
2310	-0.0055373
2311	-0.0055481
2312	-0.0055544
2313	-0.0055615
2314	-0.0055673
2315	-0.0055665
2316	-0.0055648
2317	-0.0055465
2318	-0.0055342
2319	-0.0055177
2320	-0.0054901
2321	-0.0054618
2322	-0.0054217
2323	-0.0053823
2324	-0.0053446
2325	-0.0053034
2326	-0.0052547
2327	-0.0052061
2328	-0.0051571
2329	-0.0051080
2330	-0.0050554
2331	-0.0049973
2332	-0.0049460
2333	-0.0048831
2334	-0.0048246
2335	-0.0047659
2336	-0.0047073
2337	-0.0046420
2338	-0.0045550
2339	-0.0044500
2340	-0.0043419
2341	-0.0042710
2342	-0.0041765
2343	-0.0040976
2344	-0.0040269
2345	-0.0039458
2346	-0.0038642
2347	-0.0037983
2348	-0.0037304
2349	-0.0036667
2350	-0.0036133
2351	-0.0035588
2352	-0.0035174
2353	-0.0034793
2354	-0.0034478
2355	-0.0034278
2356	-0.0034171
2357	-0.0034142
2358	-0.0034227
2359	-0.0034420
2360	-0.0034679
2361	-0.0034973
2362	-0.0035401
2363	-0.0035820
2364	-0.0036349
2365	-0.0036884
2366	-0.0037462
2367	-0.0037990
2368	-0.0038516
2369	-0.0039074
2370	-0.0039583
2371	-0.0040087
2372	-0.0040545
2373	-0.0040892
2374	-0.0041310
2375	-0.0041622
2376	-0.0041856
2377	-0.0042162
2378	-0.0042432
2379	-0.0042615
2380	-0.0042768
2381	-0.0042829
2382	-0.0042851
2383	-0.0042906
2384	-0.0042912
2385	-0.0042880
2386	-0.0042788
2387	-0.0042684
2388	-0.0042580
2389	-0.0042457
2390	-0.0042309
2391	-0.0042221
2392	-0.0041988
2393	-0.0041826
2394	-0.0041679
2395	-0.0041517
2396	-0.0041273
2397	-0.0041070
2398	-0.0040912
2399	-0.0040751
2400	-0.0040588
2401	-0.0040423
2402	-0.0040305
2403	-0.0040142
2404	-0.0040010
2405	-0.0039851
2406	-0.0039748
2407	-0.0039620
2408	-0.0039575
2409	-0.0039520
2410	-0.0039451
2411	-0.0039500
2412	-0.0039527
2413	-0.0039577
2414	-0.0039640
2415	-0.0039819
2416	-0.0039986
2417	-0.0040203
2418	-0.0040484
2419	-0.0040781
2420	-0.0041243
2421	-0.0041755
2422	-0.0042321
2423	-0.0042901
2424	-0.0043566
2425	-0.0044332
2426	-0.0045052
2427	-0.0046069
2428	-0.0047044
2429	-0.0047997
2430	-0.0049014
2431	-0.0050187
2432	-0.0051214
2433	-0.0052338
2434	-0.0053443
2435	-0.0054525
2436	-0.0055631
2437	-0.0056705
2438	-0.0057736
2439	-0.0058742
2440	-0.0059723
2441	-0.0060482
2442	-0.0061240
2443	-0.0061933
2444	-0.0062336
2445	-0.0062723
2446	-0.0063294
2447	-0.0064081
2448	-0.0064830
2449	-0.0065309
2450	-0.0065712
2451	-0.0066083
2452	-0.0066411
2453	-0.0066491
2454	-0.0066604
2455	-0.0066728
2456	-0.0066814
2457	-0.0066860
2458	-0.0066941
2459	-0.0066915
2460	-0.0066921
2461	-0.0066936
2462	-0.0066946
2463	-0.0066999
2464	-0.0066962
2465	-0.0066984
2466	-0.0066975
2467	-0.0066907
2468	-0.0066886
2469	-0.0066794
2470	-0.0066808
2471	-0.0066695
2472	-0.0066598
2473	-0.0066547
2474	-0.0066443
2475	-0.0066347
2476	-0.0066152
2477	-0.0065958
2478	-0.0065721
2479	-0.0065484
2480	-0.0065064
2481	-0.0064831
2482	-0.0064385
2483	-0.0063881
2484	-0.0063266
2485	-0.0062589
2486	-0.0062047
2487	-0.0061430
2488	-0.0060621
2489	-0.0059832
2490	-0.0059070
2491	-0.0058201
2492	-0.0057285
2493	-0.0056475
2494	-0.0055739
2495	-0.0054895
2496	-0.0054116
2497	-0.0053476
2498	-0.0052920
2499	-0.0052334
2500	-0.0052011
2501	-0.0051688
2502	-0.0051374
2503	-0.0051225
2504	-0.0051168
2505	-0.0051182
2506	-0.0051356
2507	-0.0051544
2508	-0.0051798
2509	-0.0052285
2510	-0.0052603
2511	-0.0053163
2512	-0.0053612
2513	-0.0054086
2514	-0.0054587
2515	-0.0055093
2516	-0.0055560
2517	-0.0055995
2518	-0.0056491
2519	-0.0056966
2520	-0.0057215
2521	-0.0057582
2522	-0.0057832
2523	-0.0058125
2524	-0.0058382
2525	-0.0058609
2526	-0.0058736
2527	-0.0058854
2528	-0.0058922
2529	-0.0058960
2530	-0.0058991
2531	-0.0058991
2532	-0.0058950
2533	-0.0058886
2534	-0.0058805
2535	-0.0058720
2536	-0.0058547
2537	-0.0058451
2538	-0.0058210
2539	-0.0057981
2540	-0.0057765
2541	-0.0057497
2542	-0.0057284
2543	-0.0056992
2544	-0.0056675
2545	-0.0056310
2546	-0.0055925
2547	-0.0055539
2548	-0.0055164
2549	-0.0054764
2550	-0.0054193
2551	-0.0053628
2552	-0.0053031
2553	-0.0052401
2554	-0.0051747
2555	-0.0051056
2556	-0.0050387
2557	-0.0049564
2558	-0.0048598
2559	-0.0047688
2560	-0.0046751
2561	-0.0045806
2562	-0.0044680
2563	-0.0043665
2564	-0.0042599
2565	-0.0041392
2566	-0.0040203
2567	-0.0038935
2568	-0.0037857
2569	-0.0036481
2570	-0.0035433
2571	-0.0034138
2572	-0.0033087
2573	-0.0031925
2574	-0.0030830
2575	-0.0029860
2576	-0.0028958
2577	-0.0028083
2578	-0.0027178
2579	-0.0026367
2580	-0.0025617
2581	-0.0024950
2582	-0.0024305
2583	-0.0023763
2584	-0.0023316
2585	-0.0022675
2586	-0.0022340
2587	-0.0021975
2588	-0.0021623
2589	-0.0021278
2590	-0.0021084
2591	-0.0020780
2592	-0.0020504
2593	-0.0020272
2594	-0.0020060
2595	-0.0019893
2596	-0.0019708
2597	-0.0019557
2598	-0.0019414
2599	-0.0019306
2600	-0.0019162
2601	-0.0019131
2602	-0.0019066
2603	-0.0019019
2604	-0.0019082
2605	-0.0019065
2606	-0.0019068
2607	-0.0019117
2608	-0.0019207
2609	-0.0019343
2610	-0.0019450
2611	-0.0019655
2612	-0.0019798
2613	-0.0020022
2614	-0.0020194
2615	-0.0020488
2616	-0.0020789
2617	-0.0021023
2618	-0.0021364
2619	-0.0021611
2620	-0.0021950
2621	-0.0022276
2622	-0.0022653
2623	-0.0023002
2624	-0.0023328
2625	-0.0023642
2626	-0.0024037
2627	-0.0024367
2628	-0.0024640
2629	-0.0024907
2630	-0.0025137
2631	-0.0025358
2632	-0.0025549
2633	-0.0025662
2634	-0.0025747
2635	-0.0025782
2636	-0.0025786
2637	-0.0025710
2638	-0.0025603
2639	-0.0025394
2640	-0.0025186
2641	-0.0024936
2642	-0.0024712
2643	-0.0024448
2644	-0.0024080
2645	-0.0023858
2646	-0.0023528
2647	-0.0023280
2648	-0.0023025
2649	-0.0022817
2650	-0.0022653
2651	-0.0022493
2652	-0.0022372
2653	-0.0022243
2654	-0.0022270
2655	-0.0022276
2656	-0.0022381
2657	-0.0022410
2658	-0.0022524
2659	-0.0022672
2660	-0.0022836
2661	-0.0022994
2662	-0.0023150
2663	-0.0023317
2664	-0.0023398
2665	-0.0023509
2666	-0.0023630
2667	-0.0023770
2668	-0.0023893
2669	-0.0024084
2670	-0.0024297
2671	-0.0024434
2672	-0.0024571
2673	-0.0024671
2674	-0.0024763
2675	-0.0024858
2676	-0.0024938
2677	-0.0025017
2678	-0.0025068
2679	-0.0025140
2680	-0.0025247
2681	-0.0025340
2682	-0.0025451
2683	-0.0025561
2684	-0.0025698
2685	-0.0025835
2686	-0.0025917
2687	-0.0026103
2688	-0.0026273
2689	-0.0026424
2690	-0.0026628
2691	-0.0026866
2692	-0.0027035
2693	-0.0027292
2694	-0.0027498
2695	-0.0027769
2696	-0.0028010
2697	-0.0028294
2698	-0.0028538
2699	-0.0028783
2700	-0.0029020
2701	-0.0029275
2702	-0.0029546
2703	-0.0029833
2704	-0.0030107
2705	-0.0030393
2706	-0.0030556
2707	-0.0030750
2708	-0.0031028
2709	-0.0031207
2710	-0.0031392
2711	-0.0031542
2712	-0.0031675
2713	-0.0031797
2714	-0.0031937
2715	-0.0032148
2716	-0.0032302
2717	-0.0032441
2718	-0.0032630
2719	-0.0032826
2720	-0.0033001
2721	-0.0033271
2722	-0.0033598
2723	-0.0033924
2724	-0.0034284
2725	-0.0034692
2726	-0.0035022
2727	-0.0035450
2728	-0.0035798
2729	-0.0036269
2730	-0.0036707
2731	-0.0037148
2732	-0.0037587
2733	-0.0037961
2734	-0.0038296
2735	-0.0038613
2736	-0.0038958
2737	-0.0039257
2738	-0.0039502
2739	-0.0039738
2740	-0.0039940
2741	-0.0040092
2742	-0.0040258
2743	-0.0040422
2744	-0.0040517
2745	-0.0040629
2746	-0.0040723
2747	-0.0040793
2748	-0.0040858
2749	-0.0040936
2750	-0.0040979
2751	-0.0041022
2752	-0.0041096
2753	-0.0041137
2754	-0.0041219
2755	-0.0041266
2756	-0.0041286
2757	-0.0041371
2758	-0.0041435
2759	-0.0041509
2760	-0.0041598
2761	-0.0041643
2762	-0.0041692
2763	-0.0041732
2764	-0.0041823
2765	-0.0041844
2766	-0.0041928
2767	-0.0041978
2768	-0.0041987
2769	-0.0042039
2770	-0.0042077
2771	-0.0042026
2772	-0.0041978
2773	-0.0041894
2774	-0.0041777
2775	-0.0041661
2776	-0.0041497
2777	-0.0041273
2778	-0.0041028
2779	-0.0040818
2780	-0.0040568
2781	-0.0040293
2782	-0.0040013
2783	-0.0039756
2784	-0.0039481
2785	-0.0039227
2786	-0.0039043
2787	-0.0038885
2788	-0.0038755
2789	-0.0038702
2790	-0.0038677
2791	-0.0038664
2792	-0.0038718
2793	-0.0038827
2794	-0.0038933
2795	-0.0039160
2796	-0.0039388
2797	-0.0039514
2798	-0.0039737
2799	-0.0039946
2800	-0.0040165
2801	-0.0040351
2802	-0.0040504
2803	-0.0040659
2804	-0.0040831
2805	-0.0040928
2806	-0.0041073
2807	-0.0041170
2808	-0.0041240
2809	-0.0041259
2810	-0.0041322
2811	-0.0041347
2812	-0.0041369
2813	-0.0041338
2814	-0.0041360
2815	-0.0041370
2816	-0.0041330
2817	-0.0041313
2818	-0.0041262
2819	-0.0041239
2820	-0.0041254
2821	-0.0041184
2822	-0.0041129
2823	-0.0041160
2824	-0.0041097
2825	-0.0041055
2826	-0.0041074
2827	-0.0041020
2828	-0.0041000
2829	-0.0041024
2830	-0.0040938
2831	-0.0040932
2832	-0.0040923
2833	-0.0040911
2834	-0.0040890
2835	-0.0040869
2836	-0.0040859
2837	-0.0040864
2838	-0.0040840
2839	-0.0040837
2840	-0.0040829
2841	-0.0040778
2842	-0.0040733
2843	-0.0040757
2844	-0.0040693
2845	-0.0040662
2846	-0.0040540
2847	-0.0040483
2848	-0.0040363
2849	-0.0040281
2850	-0.0040189
2851	-0.0040035
2852	-0.0039885
2853	-0.0039696
2854	-0.0039540
2855	-0.0039313
2856	-0.0039078
2857	-0.0038846
2858	-0.0038629
2859	-0.0038407
2860	-0.0038101
2861	-0.0037782
2862	-0.0037474
2863	-0.0037192
2864	-0.0036868
2865	-0.0036597
2866	-0.0036253
2867	-0.0035868
2868	-0.0035523
2869	-0.0035247
2870	-0.0034948
2871	-0.0034621
2872	-0.0034358
2873	-0.0034063
2874	-0.0033829
2875	-0.0033496
2876	-0.0033229
2877	-0.0032995
2878	-0.0032881
2879	-0.0032552
2880	-0.0032286
2881	-0.0032114
2882	-0.0031960
2883	-0.0031702
2884	-0.0031570
2885	-0.0031453
2886	-0.0031276
2887	-0.0031178
2888	-0.0031012
2889	-0.0030963
2890	-0.0030817
2891	-0.0030755
2892	-0.0030650
2893	-0.0030561
2894	-0.0030544
2895	-0.0030528
2896	-0.0030465
2897	-0.0030509
2898	-0.0030482
2899	-0.0030513
2900	-0.0030600
2901	-0.0030641
2902	-0.0030717
2903	-0.0030779
2904	-0.0030900
2905	-0.0031018
2906	-0.0031119
2907	-0.0031266
2908	-0.0031393
2909	-0.0031528
2910	-0.0031720
2911	-0.0031830
2912	-0.0032031
2913	-0.0032169
2914	-0.0032397
2915	-0.0032539
2916	-0.0032696
2917	-0.0032852
2918	-0.0032966
2919	-0.0033092
2920	-0.0033215
2921	-0.0033342
2922	-0.0033402
2923	-0.0033513
2924	-0.0033558
2925	-0.0033589
2926	-0.0033619
2927	-0.0033630
2928	-0.0033645
2929	-0.0033635
2930	-0.0033571
2931	-0.0033482
2932	-0.0033410
2933	-0.0033295
2934	-0.0033213
2935	-0.0033069
2936	-0.0032934
2937	-0.0032809
2938	-0.0032688
2939	-0.0032551
2940	-0.0032428
2941	-0.0032265
2942	-0.0032144
2943	-0.0032013
2944	-0.0031894
2945	-0.0031762
2946	-0.0031650
2947	-0.0031563
2948	-0.0031469
2949	-0.0031379
2950	-0.0031305
2951	-0.0031289
2952	-0.0031195
2953	-0.0031154
2954	-0.0031111
2955	-0.0031109
2956	-0.0031080
2957	-0.0031080
2958	-0.0031081
2959	-0.0031080
2960	-0.0031114
2961	-0.0031134
2962	-0.0031166
2963	-0.0031190
2964	-0.0031253
2965	-0.0031317
2966	-0.0031397
2967	-0.0031405
2968	-0.0031499
2969	-0.0031591
2970	-0.0031689
2971	-0.0031739
2972	-0.0031758
2973	-0.0031907
2974	-0.0032011
2975	-0.0032056
2976	-0.0032192
2977	-0.0032296
2978	-0.0032388
2979	-0.0032487
2980	-0.0032603
2981	-0.0032705
2982	-0.0032771
2983	-0.0032902
2984	-0.0032976
2985	-0.0033073
2986	-0.0033192
2987	-0.0033259
2988	-0.0033404
2989	-0.0033502
2990	-0.0033581
2991	-0.0033686
2992	-0.0033763
2993	-0.0033864
2994	-0.0033947
2995	-0.0034021
2996	-0.0034097
2997	-0.0034228
2998	-0.0034273
2999	-0.0034383
3000	-0.0034439
3001	-0.0034535
3002	-0.0034635
3003	-0.0034730
3004	-0.0034813
3005	-0.0034902
3006	-0.0034946
3007	-0.0035008
3008	-0.0035101
3009	-0.0035192
3010	-0.0035273
3011	-0.0035312
3012	-0.0035412
3013	-0.0035486
3014	-0.0035523
3015	-0.0035588
3016	-0.0035642
3017	-0.0035680
3018	-0.0035768
3019	-0.0035790
3020	-0.0035850
3021	-0.0035955
3022	-0.0035989
3023	-0.0036040
3024	-0.0036100
3025	-0.0036154
3026	-0.0036204
3027	-0.0036235
3028	-0.0036273
3029	-0.0036352
3030	-0.0036393
3031	-0.0036416
3032	-0.0036471
3033	-0.0036518
3034	-0.0036559
3035	-0.0036619
3036	-0.0036646
3037	-0.0036677
3038	-0.0036735
3039	-0.0036730
3040	-0.0036748
3041	-0.0036805
3042	-0.0036837
3043	-0.0036870
3044	-0.0036891
3045	-0.0036939
3046	-0.0036953
3047	-0.0036945
3048	-0.0036956
3049	-0.0036984
3050	-0.0036989
3051	-0.0037042
3052	-0.0037076
3053	-0.0037117
3054	-0.0037094
3055	-0.0037101
3056	-0.0037095
3057	-0.0037112
3058	-0.0037125
3059	-0.0037123
3060	-0.0037136
3061	-0.0037142
3062	-0.0037143
3063	-0.0037139
3064	-0.0037147
3065	-0.0037129
3066	-0.0037119
3067	-0.0037093
3068	-0.0037121
3069	-0.0037097
3070	-0.0037122
3071	-0.0037090
3072	-0.0037088
3073	-0.0037044
3074	-0.0037011
3075	-0.0037014
3076	-0.0036956
3077	-0.0036975
3078	-0.0036960
3079	-0.0036932
3080	-0.0036927
3081	-0.0036906
3082	-0.0036884
3083	-0.0036864
3084	-0.0036844
3085	-0.0036821
3086	-0.0036783
3087	-0.0036740
3088	-0.0036709
3089	-0.0036678
3090	-0.0036663
3091	-0.0036652
3092	-0.0036603
3093	-0.0036565
3094	-0.0036549
3095	-0.0036549
3096	-0.0036493
3097	-0.0036441
3098	-0.0036425
3099	-0.0036383
3100	-0.0036394
3101	-0.0036341
3102	-0.0036332
3103	-0.0036271
3104	-0.0036255
3105	-0.0036213
3106	-0.0036196
3107	-0.0036154
3108	-0.0036113
3109	-0.0036094
3110	-0.0036032
3111	-0.0036001
3112	-0.0035968
3113	-0.0035944
3114	-0.0035907
3115	-0.0035874
3116	-0.0035864
3117	-0.0035809
3118	-0.0035767
3119	-0.0035747
3120	-0.0035726
3121	-0.0035686
3122	-0.0035680
3123	-0.0035674
3124	-0.0035622
3125	-0.0035577
3126	-0.0035541
3127	-0.0035521
3128	-0.0035492
3129	-0.0035478
3130	-0.0035464
3131	-0.0035408
3132	-0.0035382
3133	-0.0035349
3134	-0.0035344
3135	-0.0035325
3136	-0.0035319
3137	-0.0035286
3138	-0.0035289
3139	-0.0035288
3140	-0.0035255
3141	-0.0035219
3142	-0.0035189
3143	-0.0035172
3144	-0.0035163
3145	-0.0035154
3146	-0.0035149
3147	-0.0035100
3148	-0.0035082
3149	-0.0035079
3150	-0.0035085
3151	-0.0035056
3152	-0.0035055
3153	-0.0035051
3154	-0.0035045
3155	-0.0034995
3156	-0.0034996
3157	-0.0034983
3158	-0.0034985
3159	-0.0034981
3160	-0.0034997
3161	-0.0034940
3162	-0.0034941
3163	-0.0034935
3164	-0.0034919
3165	-0.0034936
3166	-0.0034928
3167	-0.0034926
3168	-0.0034939
3169	-0.0034902
3170	-0.0034906
3171	-0.0034844
3172	-0.0034839
3173	-0.0034868
3174	-0.0034872
3175	-0.0034859
3176	-0.0034859
3177	-0.0034866
3178	-0.0034880
3179	-0.0034856
3180	-0.0034890
3181	-0.0034893
3182	-0.0034884
3183	-0.0034890
3184	-0.0034931
3185	-0.0034931
3186	-0.0034910
3187	-0.0034887
3188	-0.0034875
3189	-0.0034868
3190	-0.0034863
3191	-0.0034874
3192	-0.0034896
3193	-0.0034902
3194	-0.0034929
3195	-0.0034886
3196	-0.0034891
3197	-0.0034902
3198	-0.0034926
3199	-0.0034924
3200	-0.0034917
3201	-0.0034938
3202	-0.0034942
3203	-0.0034940
3204	-0.0034965
3205	-0.0034958
3206	-0.0034971
3207	-0.0034981
3208	-0.0034990
3209	-0.0035022
3210	-0.0034995
3211	-0.0035013
3212	-0.0035014
3213	-0.0035036
3214	-0.0035062
3215	-0.0035074
3216	-0.0035067
3217	-0.0035110
3218	-0.0035081
3219	-0.0035108
3220	-0.0035116
3221	-0.0035116
3222	-0.0035130
3223	-0.0035155
3224	-0.0035172
3225	-0.0035183
3226	-0.0035147
3227	-0.0035159
3228	-0.0035205
3229	-0.0035236
3230	-0.0035258
3231	-0.0035228
3232	-0.0035268
3233	-0.0035281
3234	-0.0035294
3235	-0.0035294
3236	-0.0035309
3237	-0.0035345
3238	-0.0035354
3239	-0.0035374
3240	-0.0035373
3241	-0.0035381
3242	-0.0035403
3243	-0.0035421
3244	-0.0035444
3245	-0.0035452
3246	-0.0035472
3247	-0.0035490
3248	-0.0035516
3249	-0.0035543
3250	-0.0035576
3251	-0.0035560
3252	-0.0035576
3253	-0.0035597
3254	-0.0035619
3255	-0.0035625
3256	-0.0035646
3257	-0.0035653
3258	-0.0035665
3259	-0.0035691
3260	-0.0035715
3261	-0.0035727
3262	-0.0035743
3263	-0.0035750
3264	-0.0035786
3265	-0.0035818
3266	-0.0035814
3267	-0.0035862
3268	-0.0035862
3269	-0.0035868
3270	-0.0035889
3271	-0.0035898
3272	-0.0035933
3273	-0.0035951
3274	-0.0035954
3275	-0.0036012
3276	-0.0036025
3277	-0.0036033
3278	-0.0036075
3279	-0.0036103
3280	-0.0036110
3281	-0.0036139
3282	-0.0036154
3283	-0.0036185
3284	-0.0036213
3285	-0.0036222
3286	-0.0036259
3287	-0.0036280
3288	-0.0036280
3289	-0.0036312
3290	-0.0036316
3291	-0.0036341
3292	-0.0036366
3293	-0.0036393
3294	-0.0036390
3295	-0.0036456
3296	-0.0036461
3297	-0.0036497
3298	-0.0036518
3299	-0.0036537
3300	-0.0036579
3301	-0.0036604
3302	-0.0036642
3303	-0.0036670
3304	-0.0036681
3305	-0.0036715
3306	-0.0036723
3307	-0.0036768
3308	-0.0036770
3309	-0.0036774
3310	-0.0036819
3311	-0.0036858
3312	-0.0036869
3313	-0.0036882
3314	-0.0036902
3315	-0.0036946
3316	-0.0036993
3317	-0.0037000
3318	-0.0037075
3319	-0.0037078
3320	-0.0037111
3321	-0.0037156
3322	-0.0037173
3323	-0.0037213
3324	-0.0037234
3325	-0.0037271
3326	-0.0037305
3327	-0.0037320
3328	-0.0037401
3329	-0.0037416
3330	-0.0037455
3331	-0.0037475
3332	-0.0037519
3333	-0.0037551
3334	-0.0037588
3335	-0.0037617
3336	-0.0037652
3337	-0.0037679
3338	-0.0037733
3339	-0.0037771
3340	-0.0037818
3341	-0.0037829
3342	-0.0037878
3343	-0.0037916
3344	-0.0037952
3345	-0.0037982
3346	-0.0038028
3347	-0.0038036
3348	-0.0038047
3349	-0.0038066
3350	-0.0038146
3351	-0.0038163
3352	-0.0038237
3353	-0.0038252
3354	-0.0038272
3355	-0.0038294
3356	-0.0038341
3357	-0.0038344
3358	-0.0038352
3359	-0.0038435
3360	-0.0038454
3361	-0.0038502
3362	-0.0038532
3363	-0.0038549
3364	-0.0038626
3365	-0.0038639
3366	-0.0038670
3367	-0.0038704
3368	-0.0038706
3369	-0.0038747
3370	-0.0038768
3371	-0.0038817
3372	-0.0038861
3373	-0.0038879
3374	-0.0038889
3375	-0.0038924
3376	-0.0038955
3377	-0.0038972
3378	-0.0038997
3379	-0.0039031
3380	-0.0039060
3381	-0.0039098
3382	-0.0039099
3383	-0.0039125
3384	-0.0039151
3385	-0.0039173
3386	-0.0039191
3387	-0.0039212
3388	-0.0039236
3389	-0.0039254
3390	-0.0039277
3391	-0.0039300
3392	-0.0039354
3393	-0.0039357
3394	-0.0039374
3395	-0.0039404
3396	-0.0039437
3397	-0.0039437
3398	-0.0039464
3399	-0.0039480
3400	-0.0039502
3401	-0.0039503
3402	-0.0039535
3403	-0.0039543
3404	-0.0039588
3405	-0.0039606
3406	-0.0039607
3407	-0.0039613
3408	-0.0039627
3409	-0.0039634
3410	-0.0039662
3411	-0.0039705
3412	-0.0039701
3413	-0.0039731
3414	-0.0039745
3415	-0.0039770
3416	-0.0039792
3417	-0.0039812
3418	-0.0039826
3419	-0.0039830
3420	-0.0039836
3421	-0.0039856
3422	-0.0039871
3423	-0.0039884
3424	-0.0039887
3425	-0.0039888
3426	-0.0039899
3427	-0.0039948
3428	-0.0039948
3429	-0.0039952
3430	-0.0039961
3431	-0.0039967
3432	-0.0039985
3433	-0.0040003
3434	-0.0040017
3435	-0.0040032
3436	-0.0040036
3437	-0.0040057
3438	-0.0040078
3439	-0.0040081
3440	-0.0040087
3441	-0.0040092
3442	-0.0040104
3443	-0.0040112
3444	-0.0040127
3445	-0.0040137
3446	-0.0040162
3447	-0.0040162
3448	-0.0040200
3449	-0.0040214
3450	-0.0040220
3451	-0.0040224
3452	-0.0040232
3453	-0.0040243
3454	-0.0040245
3455	-0.0040247
3456	-0.0040252
3457	-0.0040252
3458	-0.0040266
3459	-0.0040290
3460	-0.0040296
3461	-0.0040301
3462	-0.0040308
3463	-0.0040316
3464	-0.0040317
3465	-0.0040317
3466	-0.0040319
3467	-0.0040340
3468	-0.0040347
3469	-0.0040364
3470	-0.0040368
3471	-0.0040388
3472	-0.0040389
3473	-0.0040393
3474	-0.0040398
3475	-0.0040403
3476	-0.0040419
3477	-0.0040428
3478	-0.0040438
3479	-0.0040450
3480	-0.0040453
3481	-0.0040460
3482	-0.0040463
3483	-0.0040464
3484	-0.0040479
3485	-0.0040488
3486	-0.0040489
3487	-0.0040495
3488	-0.0040511
3489	-0.0040522
3490	-0.0040520
3491	-0.0040529
3492	-0.0040527
3493	-0.0040533
3494	-0.0040534
3495	-0.0040559
3496	-0.0040560
3497	-0.0040574
3498	-0.0040573
3499	-0.0040568
3500	-0.0040574
3501	-0.0040580
3502	-0.0040579
3503	-0.0040579
3504	-0.0040561
3505	-0.0040562
3506	-0.0040587
3507	-0.0040612
3508	-0.0040602
3509	-0.0040602
3510	-0.0040607
3511	-0.0040606
3512	-0.0040616
3513	-0.0040619
3514	-0.0040615
3515	-0.0040599
3516	-0.0040605
3517	-0.0040613
3518	-0.0040617
3519	-0.0040620
3520	-0.0040625
3521	-0.0040629
3522	-0.0040634
3523	-0.0040630
3524	-0.0040625
3525	-0.0040630
3526	-0.0040619
3527	-0.0040631
3528	-0.0040653
3529	-0.0040641
3530	-0.0040619
3531	-0.0040618
3532	-0.0040629
3533	-0.0040629
3534	-0.0040640
3535	-0.0040646
3536	-0.0040649
3537	-0.0040634
3538	-0.0040632
3539	-0.0040636
3540	-0.0040641
3541	-0.0040640
3542	-0.0040638
3543	-0.0040636
3544	-0.0040632
3545	-0.0040634
3546	-0.0040632
3547	-0.0040650
3548	-0.0040651
3549	-0.0040639
3550	-0.0040640
3551	-0.0040657
3552	-0.0040653
3553	-0.0040653
3554	-0.0040653
3555	-0.0040656
3556	-0.0040667
3557	-0.0040661
3558	-0.0040648
3559	-0.0040644
3560	-0.0040640
3561	-0.0040637
3562	-0.0040656
3563	-0.0040654
3564	-0.0040670
3565	-0.0040666
3566	-0.0040645
3567	-0.0040642
3568	-0.0040635
3569	-0.0040630
3570	-0.0040630
3571	-0.0040618
3572	-0.0040629
3573	-0.0040640
3574	-0.0040643
3575	-0.0040634
3576	-0.0040630
3577	-0.0040634
3578	-0.0040641
3579	-0.0040646
3580	-0.0040646
3581	-0.0040634
3582	-0.0040637
3583	-0.0040650
3584	-0.0040652
3585	-0.0040653
3586	-0.0040662
3587	-0.0040663
3588	-0.0040664
3589	-0.0040662
3590	-0.0040663
3591	-0.0040665
3592	-0.0040666
3593	-0.0040654
3594	-0.0040653
3595	-0.0040655
3596	-0.0040654
3597	-0.0040649
3598	-0.0040654
3599	-0.0040651
3600	-0.0040651
3601	-0.0040658
3602	-0.0040671
3603	-0.0040681
3604	-0.0040686
3605	-0.0040676
3606	-0.0040688
3607	-0.0040694
3608	-0.0040667
3609	-0.0040670
3610	-0.0040673
3611	-0.0040679
3612	-0.0040679
3613	-0.0040679
3614	-0.0040695
3615	-0.0040706
3616	-0.0040705
3617	-0.0040711
3618	-0.0040704
3619	-0.0040695
3620	-0.0040692
3621	-0.0040692
3622	-0.0040700
3623	-0.0040704
3624	-0.0040713
3625	-0.0040709
3626	-0.0040707
3627	-0.0040700
3628	-0.0040698
3629	-0.0040684
3630	-0.0040682
3631	-0.0040679
3632	-0.0040695
3633	-0.0040695
3634	-0.0040704
3635	-0.0040718
3636	-0.0040721
3637	-0.0040717
3638	-0.0040703
3639	-0.0040704
3640	-0.0040708
3641	-0.0040712
3642	-0.0040713
3643	-0.0040715
3644	-0.0040724
3645	-0.0040720
3646	-0.0040717
3647	-0.0040715
3648	-0.0040708
3649	-0.0040706
3650	-0.0040714
3651	-0.0040720
3652	-0.0040716
3653	-0.0040710
3654	-0.0040728
3655	-0.0040723
3656	-0.0040724
3657	-0.0040724
3658	-0.0040737
3659	-0.0040737
3660	-0.0040733
3661	-0.0040732
3662	-0.0040731
3663	-0.0040746
3664	-0.0040752
3665	-0.0040711
3666	-0.0040710
3667	-0.0040697
3668	-0.0040690
3669	-0.0040675
3670	-0.0040634
3671	-0.0040618
3672	-0.0040544
3673	-0.0040479
3674	-0.0040403
3675	-0.0040321
3676	-0.0040189
3677	-0.0040083
3678	-0.0039967
3679	-0.0039868
3680	-0.0039841
3681	-0.0039743
3682	-0.0039699
3683	-0.0039700
3684	-0.0039707
3685	-0.0039798
3686	-0.0040041
3687	-0.0040301
3688	-0.0040695
3689	-0.0041212
3690	-0.0041701
3691	-0.0042397
3692	-0.0043133
3693	-0.0043920
3694	-0.0044718
3695	-0.0045610
3696	-0.0046520
3697	-0.0047391
3698	-0.0048258
3699	-0.0049275
3700	-0.0050050
3701	-0.0050847
3702	-0.0051526
3703	-0.0052351
3704	-0.0052936
3705	-0.0053655
3706	-0.0054167
3707	-0.0054653
3708	-0.0055097
3709	-0.0055510
3710	-0.0055872
3711	-0.0056165
3712	-0.0056459
3713	-0.0056700
3714	-0.0056913
3715	-0.0057080
3716	-0.0057204
3717	-0.0057350
3718	-0.0057445
3719	-0.0057507
3720	-0.0057582
3721	-0.0057639
3722	-0.0057684
3723	-0.0057704
3724	-0.0057703
3725	-0.0057701
3726	-0.0057686
3727	-0.0057619
3728	-0.0057556
3729	-0.0057424
3730	-0.0057286
3731	-0.0057071
3732	-0.0056855
3733	-0.0056639
3734	-0.0056320
3735	-0.0056002
3736	-0.0055621
3737	-0.0055203
3738	-0.0054730
3739	-0.0054305
3740	-0.0053881
3741	-0.0053224
3742	-0.0052895
3743	-0.0052488
3744	-0.0052084
3745	-0.0051621
3746	-0.0051342
3747	-0.0051124
3748	-0.0050984
3749	-0.0050909
3750	-0.0050912
3751	-0.0050924
3752	-0.0051084
3753	-0.0051273
3754	-0.0051591
3755	-0.0051928
3756	-0.0052293
3757	-0.0052683
3758	-0.0053072
3759	-0.0053470
3760	-0.0053870
3761	-0.0054280
3762	-0.0054651
3763	-0.0055033
3764	-0.0055347
3765	-0.0055676
3766	-0.0055968
3767	-0.0056169
3768	-0.0056386
3769	-0.0056577
3770	-0.0056742
3771	-0.0056902
3772	-0.0057044
3773	-0.0057100
3774	-0.0057204
3775	-0.0057286
3776	-0.0057352
3777	-0.0057370
3778	-0.0057459
3779	-0.0057460
3780	-0.0057461
3781	-0.0057507
3782	-0.0057513
3783	-0.0057513
3784	-0.0057520
3785	-0.0057515
3786	-0.0057505
3787	-0.0057491
3788	-0.0057484
3789	-0.0057479
3790	-0.0057438
3791	-0.0057403
3792	-0.0057379
3793	-0.0057336
3794	-0.0057276
3795	-0.0057255
3796	-0.0057196
3797	-0.0057137
3798	-0.0057128
3799	-0.0057090
3800	-0.0056982
3801	-0.0056905
3802	-0.0056872
3803	-0.0056753
3804	-0.0056710
3805	-0.0056576
3806	-0.0056482
3807	-0.0056361
3808	-0.0056180
3809	-0.0056004
3810	-0.0055851
3811	-0.0055673
3812	-0.0055472
3813	-0.0055207
3814	-0.0054914
3815	-0.0054638
3816	-0.0054324
3817	-0.0053974
3818	-0.0053630
3819	-0.0053207
3820	-0.0052869
3821	-0.0052429
3822	-0.0051979
3823	-0.0051420
3824	-0.0051016
3825	-0.0050418
3826	-0.0049860
3827	-0.0049334
3828	-0.0048798
3829	-0.0048230
3830	-0.0047646
3831	-0.0047072
3832	-0.0046505
3833	-0.0045962
3834	-0.0045272
3835	-0.0044761
3836	-0.0044251
3837	-0.0043709
3838	-0.0043191
3839	-0.0042732
3840	-0.0042209
3841	-0.0041731
3842	-0.0041313
3843	-0.0040781
3844	-0.0040358
3845	-0.0040056
3846	-0.0039679
3847	-0.0039331
3848	-0.0038991
3849	-0.0038713
3850	-0.0038395
3851	-0.0038132
3852	-0.0037947
3853	-0.0037730
3854	-0.0037478
3855	-0.0037289
3856	-0.0037107
3857	-0.0036990
3858	-0.0036862
3859	-0.0036744
3860	-0.0036660
3861	-0.0036557
3862	-0.0036521
3863	-0.0036485
3864	-0.0036502
3865	-0.0036517
3866	-0.0036489
3867	-0.0036477
3868	-0.0036560
3869	-0.0036594
3870	-0.0036629
3871	-0.0036708
3872	-0.0036789
3873	-0.0036842
3874	-0.0036923
3875	-0.0036958
3876	-0.0036998
3877	-0.0036981
3878	-0.0037051
3879	-0.0037014
3880	-0.0037017
3881	-0.0036970
3882	-0.0036904
3883	-0.0036815
3884	-0.0036717
3885	-0.0036608
3886	-0.0036488
3887	-0.0036377
3888	-0.0036142
3889	-0.0035921
3890	-0.0035677
3891	-0.0035407
3892	-0.0035167
3893	-0.0034924
3894	-0.0034663
3895	-0.0034373
3896	-0.0034048
3897	-0.0033745
3898	-0.0033470
3899	-0.0033189
3900	-0.0032875
3901	-0.0032690
3902	-0.0032311
3903	-0.0032023
3904	-0.0031738
3905	-0.0031437
3906	-0.0031185
3907	-0.0030939
3908	-0.0030686
3909	-0.0030431
3910	-0.0030216
3911	-0.0030054
3912	-0.0029821
3913	-0.0029587
3914	-0.0029409
3915	-0.0029213
3916	-0.0029026
3917	-0.0028874
3918	-0.0028690
3919	-0.0028530
3920	-0.0028427
3921	-0.0028260
3922	-0.0028097
3923	-0.0027945
3924	-0.0027822
3925	-0.0027684
3926	-0.0027552
3927	-0.0027497
3928	-0.0027371
3929	-0.0027256
3930	-0.0027164
3931	-0.0027042
3932	-0.0026949
3933	-0.0026865
3934	-0.0026777
3935	-0.0026693
3936	-0.0026585
3937	-0.0026488
3938	-0.0026433
3939	-0.0026365
3940	-0.0026305
3941	-0.0026217
3942	-0.0026152
3943	-0.0026100
3944	-0.0026072
3945	-0.0026006
3946	-0.0025930
3947	-0.0025903
3948	-0.0025874
3949	-0.0025802
3950	-0.0025742
3951	-0.0025716
3952	-0.0025698
3953	-0.0025665
3954	-0.0025616
3955	-0.0025613
3956	-0.0025553
3957	-0.0025518
3958	-0.0025493
3959	-0.0025478
3960	-0.0025510
3961	-0.0025497
3962	-0.0025451
3963	-0.0025477
3964	-0.0025421
3965	-0.0025413
3966	-0.0025387
3967	-0.0025420
3968	-0.0025380
3969	-0.0025396
3970	-0.0025393
3971	-0.0025382
3972	-0.0025388
3973	-0.0025434
3974	-0.0025399
3975	-0.0025405
3976	-0.0025428
3977	-0.0025454
3978	-0.0025438
3979	-0.0025470
3980	-0.0025547
3981	-0.0025511
3982	-0.0025549
3983	-0.0025632
3984	-0.0025575
3985	-0.0025597
3986	-0.0025648
3987	-0.0025684
3988	-0.0025692
3989	-0.0025724
3990	-0.0025735
3991	-0.0025812
3992	-0.0025854
3993	-0.0025833
3994	-0.0025906
3995	-0.0025972
3996	-0.0025991
3997	-0.0026067
3998	-0.0026129
3999	-0.0026220
4000	-0.0026199
4001	-0.0026265
4002	-0.0026345
4003	-0.0026409
4004	-0.0026472
4005	-0.0026518
4006	-0.0026565
4007	-0.0026571
4008	-0.0026709
4009	-0.0026735
4010	-0.0026847
4011	-0.0026914
4012	-0.0026961
4013	-0.0027029
4014	-0.0027165
4015	-0.0027226
4016	-0.0027265
4017	-0.0027380
4018	-0.0027416
4019	-0.0027523
4020	-0.0027617
4021	-0.0027699
4022	-0.0027801
4023	-0.0027885
4024	-0.0027959
4025	-0.0028066
4026	-0.0028180
4027	-0.0028265
4028	-0.0028354
4029	-0.0028440
4030	-0.0028523
4031	-0.0028639
4032	-0.0028748
4033	-0.0028857
4034	-0.0028949
4035	-0.0029049
4036	-0.0029177
4037	-0.0029283
4038	-0.0029354
4039	-0.0029470
4040	-0.0029617
4041	-0.0029726
4042	-0.0029841
4043	-0.0029956
4044	-0.0030067
4045	-0.0030160
4046	-0.0030262
4047	-0.0030383
4048	-0.0030499
4049	-0.0030606
4050	-0.0030759
4051	-0.0030930
4052	-0.0031061
4053	-0.0031210
4054	-0.0031325
4055	-0.0031450
4056	-0.0031595
4057	-0.0031724
4058	-0.0031871
4059	-0.0032006
4060	-0.0032156
4061	-0.0032283
4062	-0.0032375
4063	-0.0032490
4064	-0.0032662
4065	-0.0032797
4066	-0.0032937
4067	-0.0033076
4068	-0.0033227
4069	-0.0033343
4070	-0.0033471
4071	-0.0033515
4072	-0.0033715
4073	-0.0033858
4074	-0.0033986
4075	-0.0034086
4076	-0.0034181
4077	-0.0034285
4078	-0.0034406
4079	-0.0034526
4080	-0.0034631
4081	-0.0034749
4082	-0.0034842
4083	-0.0034897
4084	-0.0035013
4085	-0.0035173
4086	-0.0035246
4087	-0.0035335
4088	-0.0035433
4089	-0.0035520
4090	-0.0035564
4091	-0.0035675
4092	-0.0035756
4093	-0.0035875
4094	-0.0035944
4095	-0.0036078
4096	-0.0036161
4097	-0.0036252
4098	-0.0036318
4099	-0.0036430
4100	-0.0036500
4101	-0.0036567
4102	-0.0036625
4103	-0.0036723
4104	-0.0036766
4105	-0.0036855
4106	-0.0036960
4107	-0.0037020
4108	-0.0037102
4109	-0.0037168
4110	-0.0037203
4111	-0.0037285
4112	-0.0037372
4113	-0.0037419
4114	-0.0037476
4115	-0.0037526
4116	-0.0037626
4117	-0.0037672
4118	-0.0037713
4119	-0.0037781
4120	-0.0037815
4121	-0.0037887
4122	-0.0037946
4123	-0.0037996
4124	-0.0038047
4125	-0.0038112
4126	-0.0038189
4127	-0.0038260
4128	-0.0038307
4129	-0.0038357
4130	-0.0038388
4131	-0.0038453
4132	-0.0038509
4133	-0.0038551
4134	-0.0038572
4135	-0.0038642
4136	-0.0038686
4137	-0.0038732
4138	-0.0038769
4139	-0.0038808
4140	-0.0038847
4141	-0.0038920
4142	-0.0038940
4143	-0.0038969
4144	-0.0039011
4145	-0.0039031
4146	-0.0039070
4147	-0.0039141
4148	-0.0039176
4149	-0.0039218
4150	-0.0039258
4151	-0.0039261
4152	-0.0039266
4153	-0.0039333
4154	-0.0039367
4155	-0.0039375
4156	-0.0039437
4157	-0.0039451
4158	-0.0039486
4159	-0.0039491
4160	-0.0039519
4161	-0.0039533
4162	-0.0039546
4163	-0.0039573
4164	-0.0039606
4165	-0.0039618
4166	-0.0039638
4167	-0.0039646
4168	-0.0039683
4169	-0.0039704
4170	-0.0039718
4171	-0.0039732
4172	-0.0039769
4173	-0.0039777
4174	-0.0039799
4175	-0.0039819
4176	-0.0039836
4177	-0.0039859
4178	-0.0039865
4179	-0.0039897
4180	-0.0039914
4181	-0.0039920
4182	-0.0039954
4183	-0.0039933
4184	-0.0039933
4185	-0.0039975
4186	-0.0039980
4187	-0.0040017
4188	-0.0040048
4189	-0.0040063
4190	-0.0040073
4191	-0.0040071
4192	-0.0040094
4193	-0.0040104
4194	-0.0040121
4195	-0.0040120
4196	-0.0040148
4197	-0.0040176
4198	-0.0040182
4199	-0.0040194
4200	-0.0040201
4201	-0.0040200
4202	-0.0040204
4203	-0.0040215
4204	-0.0040244
4205	-0.0040248
4206	-0.0040285
4207	-0.0040288
4208	-0.0040301
4209	-0.0040301
4210	-0.0040299
4211	-0.0040309
4212	-0.0040315
4213	-0.0040332
4214	-0.0040350
4215	-0.0040362
4216	-0.0040365
4217	-0.0040372
4218	-0.0040397
4219	-0.0040401
4220	-0.0040404
4221	-0.0040412
4222	-0.0040436
4223	-0.0040442
4224	-0.0040442
4225	-0.0040444
4226	-0.0040435
4227	-0.0040450
4228	-0.0040458
4229	-0.0040471
4230	-0.0040484
4231	-0.0040490
4232	-0.0040495
4233	-0.0040502
4234	-0.0040506
4235	-0.0040509
4236	-0.0040510
4237	-0.0040517
4238	-0.0040535
4239	-0.0040533
4240	-0.0040531
4241	-0.0040504
4242	-0.0040495
4243	-0.0040512
4244	-0.0040516
4245	-0.0040517
4246	-0.0040510
4247	-0.0040497
4248	-0.0040491
4249	-0.0040503
4250	-0.0040505
4251	-0.0040505
4252	-0.0040501
4253	-0.0040498
4254	-0.0040492
4255	-0.0040495
4256	-0.0040498
4257	-0.0040482
4258	-0.0040463
4259	-0.0040462
4260	-0.0040472
4261	-0.0040465
4262	-0.0040459
4263	-0.0040460
4264	-0.0040461
4265	-0.0040475
4266	-0.0040453
4267	-0.0040448
4268	-0.0040447
4269	-0.0040445
4270	-0.0040453
4271	-0.0040441
4272	-0.0040445
4273	-0.0040435
4274	-0.0040424
4275	-0.0040426
4276	-0.0040429
4277	-0.0040425
4278	-0.0040412
4279	-0.0040413
4280	-0.0040406
4281	-0.0040406
4282	-0.0040401
4283	-0.0040394
4284	-0.0040395
4285	-0.0040407
4286	-0.0040423
4287	-0.0040429
4288	-0.0040429
4289	-0.0040423
4290	-0.0040418
4291	-0.0040417
4292	-0.0040415
4293	-0.0040409
4294	-0.0040407
4295	-0.0040407
4296	-0.0040408
4297	-0.0040407
4298	-0.0040404
4299	-0.0040409
4300	-0.0040404
4301	-0.0040400
4302	-0.0040394
4303	-0.0040384
4304	-0.0040392
4305	-0.0040399
4306	-0.0040395
4307	-0.0040395
4308	-0.0040393
4309	-0.0040393
4310	-0.0040387
4311	-0.0040367
4312	-0.0040367
4313	-0.0040372
4314	-0.0040376
4315	-0.0040377
4316	-0.0040377
4317	-0.0040378
4318	-0.0040376
4319	-0.0040394
4320	-0.0040393
4321	-0.0040388
4322	-0.0040383
4323	-0.0040379
4324	-0.0040386
4325	-0.0040387
4326	-0.0040387
4327	-0.0040385
4328	-0.0040381
4329	-0.0040383
4330	-0.0040381
4331	-0.0040359
4332	-0.0040354
4333	-0.0040336
4334	-0.0040336
4335	-0.0040334
4336	-0.0040327
4337	-0.0040296
4338	-0.0040269
4339	-0.0040247
4340	-0.0040222
4341	-0.0040164
4342	-0.0040108
4343	-0.0040008
4344	-0.0039950
4345	-0.0039859
4346	-0.0039795
4347	-0.0039711
4348	-0.0039670
4349	-0.0039619
4350	-0.0039594
4351	-0.0039606
4352	-0.0039640
4353	-0.0039775
4354	-0.0039975
4355	-0.0040263
4356	-0.0040671
4357	-0.0041080
4358	-0.0041636
4359	-0.0042319
4360	-0.0042998
4361	-0.0043753
4362	-0.0044649
4363	-0.0045627
4364	-0.0046366
4365	-0.0047377
4366	-0.0048166
4367	-0.0048980
4368	-0.0049832
4369	-0.0050670
4370	-0.0051376
4371	-0.0052225
4372	-0.0052820
4373	-0.0053387
4374	-0.0053887
4375	-0.0054384
4376	-0.0054926
4377	-0.0055207
4378	-0.0055533
4379	-0.0055788
4380	-0.0056004
4381	-0.0056118
4382	-0.0056330
4383	-0.0056496
4384	-0.0056573
4385	-0.0056598
4386	-0.0056690
4387	-0.0056737
4388	-0.0056757
4389	-0.0056758
4390	-0.0056754
4391	-0.0056734
4392	-0.0056714
4393	-0.0056681
4394	-0.0056674
4395	-0.0056565
4396	-0.0056474
4397	-0.0056424
4398	-0.0056348
4399	-0.0056265
4400	-0.0056155
4401	-0.0056063
4402	-0.0055944
4403	-0.0055881
4404	-0.0055777
4405	-0.0055618
4406	-0.0055508
4407	-0.0055417
4408	-0.0055349
4409	-0.0055225
4410	-0.0055089
4411	-0.0054979
4412	-0.0054903
4413	-0.0054816
4414	-0.0054706
4415	-0.0054565
4416	-0.0054460
4417	-0.0054395
4418	-0.0054265
4419	-0.0054128
4420	-0.0054098
4421	-0.0053984
4422	-0.0053878
4423	-0.0053770
4424	-0.0053707
4425	-0.0053569
4426	-0.0053449
4427	-0.0053352
4428	-0.0053249
4429	-0.0053128
4430	-0.0053013
4431	-0.0052895
4432	-0.0052822
4433	-0.0052748
4434	-0.0052571
4435	-0.0052451
4436	-0.0052402
4437	-0.0052319
4438	-0.0052158
4439	-0.0052002
4440	-0.0051877
4441	-0.0051773
4442	-0.0051631
4443	-0.0051484
4444	-0.0051354
4445	-0.0051179
4446	-0.0051062
4447	-0.0050909
4448	-0.0050741
4449	-0.0050584
4450	-0.0050380
4451	-0.0050235
4452	-0.0050069
4453	-0.0049913
4454	-0.0049694
4455	-0.0049518
4456	-0.0049369
4457	-0.0049192
4458	-0.0048956
4459	-0.0048759
4460	-0.0048563
4461	-0.0048346
4462	-0.0048127
4463	-0.0047910
4464	-0.0047669
4465	-0.0047492
4466	-0.0047203
4467	-0.0046938
4468	-0.0046703
4469	-0.0046454
4470	-0.0046211
4471	-0.0045984
4472	-0.0045716
4473	-0.0045483
4474	-0.0045266
4475	-0.0044935
4476	-0.0044709
4477	-0.0044423
4478	-0.0044104
4479	-0.0043821
4480	-0.0043516
4481	-0.0043205
4482	-0.0042918
4483	-0.0042565
4484	-0.0042181
4485	-0.0041808
4486	-0.0041466
4487	-0.0041036
4488	-0.0040614
4489	-0.0040167
4490	-0.0039703
4491	-0.0039248
4492	-0.0038758
4493	-0.0038260
4494	-0.0037730
4495	-0.0037142
4496	-0.0036578
4497	-0.0036056
4498	-0.0035433
4499	-0.0034877
4500	-0.0034198
4501	-0.0033554
4502	-0.0032987
4503	-0.0032387
4504	-0.0031828
4505	-0.0031217
4506	-0.0030555
4507	-0.0029806
4508	-0.0029460
4509	-0.0028791
4510	-0.0028354
4511	-0.0027778
4512	-0.0027246
4513	-0.0026767
4514	-0.0026326
4515	-0.0025875
4516	-0.0025475
4517	-0.0025118
4518	-0.0024816
4519	-0.0024505
4520	-0.0024216
4521	-0.0023886
4522	-0.0023597
4523	-0.0023381
4524	-0.0023194
4525	-0.0023022
4526	-0.0022873
4527	-0.0022753
4528	-0.0022626
4529	-0.0022542
4530	-0.0022481
4531	-0.0022398
4532	-0.0022366
4533	-0.0022327
4534	-0.0022289
4535	-0.0022287
4536	-0.0022295
4537	-0.0022302
4538	-0.0022325
4539	-0.0022339
4540	-0.0022395
4541	-0.0022455
4542	-0.0022493
4543	-0.0022554
4544	-0.0022672
4545	-0.0022756
4546	-0.0022850
4547	-0.0022997
4548	-0.0023074
4549	-0.0023223
4550	-0.0023335
4551	-0.0023448
4552	-0.0023613
4553	-0.0023743
4554	-0.0023841
4555	-0.0023962
4556	-0.0024151
4557	-0.0024247
4558	-0.0024419
4559	-0.0024531
4560	-0.0024708
4561	-0.0024811
4562	-0.0024985
4563	-0.0025065
4564	-0.0025172
4565	-0.0025260
4566	-0.0025434
4567	-0.0025578
4568	-0.0025715
4569	-0.0025797
4570	-0.0025889
4571	-0.0025933
4572	-0.0026105
4573	-0.0026203
4574	-0.0026296
4575	-0.0026398
4576	-0.0026512
4577	-0.0026604
4578	-0.0026753
4579	-0.0026840
4580	-0.0026893
4581	-0.0027019
4582	-0.0027066
4583	-0.0027213
4584	-0.0027311
4585	-0.0027397
4586	-0.0027495
4587	-0.0027575
4588	-0.0027703
4589	-0.0027799
4590	-0.0027925
4591	-0.0028008
4592	-0.0028089
4593	-0.0028214
4594	-0.0028287
4595	-0.0028395
4596	-0.0028528
4597	-0.0028605
4598	-0.0028742
4599	-0.0028857
4600	-0.0028971
4601	-0.0029090
4602	-0.0029186
4603	-0.0029245
4604	-0.0029383
4605	-0.0029522
4606	-0.0029631
4607	-0.0029759
4608	-0.0029872
4609	-0.0029984
4610	-0.0030067
4611	-0.0030213
4612	-0.0030316
4613	-0.0030415
4614	-0.0030574
4615	-0.0030689
4616	-0.0030827
4617	-0.0030930
4618	-0.0031119
4619	-0.0031242
4620	-0.0031363
4621	-0.0031494
4622	-0.0031606
4623	-0.0031774
4624	-0.0031920
4625	-0.0032071
4626	-0.0032207
4627	-0.0032337
4628	-0.0032458
4629	-0.0032603
4630	-0.0032750
4631	-0.0032854
4632	-0.0033001
4633	-0.0033126
4634	-0.0033251
4635	-0.0033414
4636	-0.0033575
4637	-0.0033685
4638	-0.0033847
4639	-0.0033939
4640	-0.0034116
4641	-0.0034251
4642	-0.0034386
4643	-0.0034501
4644	-0.0034652
4645	-0.0034776
4646	-0.0034949
4647	-0.0035070
4648	-0.0035203
4649	-0.0035324
4650	-0.0035473
4651	-0.0035615
4652	-0.0035747
4653	-0.0035833
4654	-0.0035955
4655	-0.0036089
4656	-0.0036169
4657	-0.0036285
4658	-0.0036546
4659	-0.0036931
4660	-0.0037298
4661	-0.0037667
4662	-0.0038019
4663	-0.0038302
4664	-0.0038552
4665	-0.0038758
4666	-0.0038981
4667	-0.0039177
4668	-0.0039358
4669	-0.0039506
4670	-0.0039678
4671	-0.0039798
4672	-0.0039911
4673	-0.0039987
4674	-0.0040045
4675	-0.0040113
4676	-0.0040168
4677	-0.0040210
4678	-0.0040245
4679	-0.0040266
4680	-0.0040291
4681	-0.0040312
4682	-0.0040328
4683	-0.0040329
4684	-0.0040328
4685	-0.0040317
4686	-0.0040300
4687	-0.0040325
4688	-0.0040312
4689	-0.0040313
4690	-0.0040306
4691	-0.0040313
