x	y
1	0.0281798
2	0.0281798
3	0.0281797
4	0.0281801
5	0.0281802
6	0.0281803
7	0.0281804
8	0.0281803
9	0.0281794
10	0.0281799
11	0.0281811
12	0.0281816
13	0.0281817
14	0.0281816
15	0.0281815
16	0.0281816
17	0.0281816
18	0.0281815
19	0.0281812
20	0.0281812
21	0.0281812
22	0.0281812
23	0.0281812
24	0.0281812
25	0.0281808
26	0.0281811
27	0.0281819
28	0.0281827
29	0.0281825
30	0.0281827
31	0.0281824
32	0.0281820
33	0.0281820
34	0.0281812
35	0.0281815
36	0.0281812
37	0.0281809
38	0.0281806
39	0.0281805
40	0.0281796
41	0.0281794
42	0.0281794
43	0.0281795
44	0.0281796
45	0.0281797
46	0.0281799
47	0.0281796
48	0.0281793
49	0.0281796
50	0.0281798
51	0.0281812
52	0.0281808
53	0.0281795
54	0.0281796
55	0.0281796
56	0.0281802
57	0.0281800
58	0.0281785
59	0.0281786
60	0.0281786
61	0.0281786
62	0.0281789
63	0.0281790
64	0.0281787
65	0.0281781
66	0.0281782
67	0.0281781
68	0.0281774
69	0.0281776
70	0.0281782
71	0.0281783
72	0.0281784
73	0.0281792
74	0.0281795
75	0.0281796
76	0.0281794
77	0.0281786
78	0.0281785
79	0.0281782
80	0.0281782
81	0.0281787
82	0.0281782
83	0.0281782
84	0.0281775
85	0.0281776
86	0.0281779
87	0.0281786
88	0.0281785
89	0.0281782
90	0.0281785
91	0.0281784
92	0.0281784
93	0.0281775
94	0.0281775
95	0.0281767
96	0.0281767
97	0.0281767
98	0.0281767
99	0.0281767
100	0.0281768
101	0.0281768
102	0.0281765
103	0.0281759
104	0.0281757
105	0.0281755
106	0.0281767
107	0.0281758
108	0.0281757
109	0.0281756
110	0.0281752
111	0.0281751
112	0.0281751
113	0.0281750
114	0.0281750
115	0.0281744
116	0.0281748
117	0.0281752
118	0.0281753
119	0.0281754
120	0.0281756
121	0.0281755
122	0.0281755
123	0.0281753
124	0.0281753
125	0.0281755
126	0.0281755
127	0.0281754
128	0.0281759
129	0.0281758
130	0.0281748
131	0.0281748
132	0.0281747
133	0.0281745
134	0.0281745
135	0.0281748
136	0.0281742
137	0.0281743
138	0.0281744
139	0.0281742
140	0.0281741
141	0.0281742
142	0.0281742
143	0.0281738
144	0.0281740
145	0.0281741
146	0.0281737
147	0.0281733
148	0.0281731
149	0.0281731
150	0.0281733
151	0.0281726
152	0.0281741
153	0.0281743
154	0.0281743
155	0.0281740
156	0.0281738
157	0.0281738
158	0.0281738
159	0.0281737
160	0.0281737
161	0.0281735
162	0.0281718
163	0.0281717
164	0.0281719
165	0.0281726
166	0.0281727
167	0.0281727
168	0.0281725
169	0.0281724
170	0.0281722
171	0.0281724
172	0.0281720
173	0.0281713
174	0.0281711
175	0.0281711
176	0.0281707
177	0.0281700
178	0.0281698
179	0.0281698
180	0.0281698
181	0.0281699
182	0.0281701
183	0.0281703
184	0.0281703
185	0.0281693
186	0.0281695
187	0.0281690
188	0.0281682
189	0.0281685
190	0.0281686
191	0.0281685
192	0.0281687
193	0.0281689
194	0.0281690
195	0.0281685
196	0.0281686
197	0.0281686
198	0.0281686
199	0.0281686
200	0.0281686
201	0.0281687
202	0.0281688
203	0.0281686
204	0.0281679
205	0.0281685
206	0.0281687
207	0.0281685
208	0.0281676
209	0.0281677
210	0.0281680
211	0.0281686
212	0.0281685
213	0.0281687
214	0.0281682
215	0.0281684
216	0.0281683
217	0.0281689
218	0.0281690
219	0.0281695
220	0.0281695
221	0.0281691
222	0.0281690
223	0.0281689
224	0.0281679
225	0.0281679
226	0.0281679
227	0.0281681
228	0.0281677
229	0.0281677
230	0.0281677
231	0.0281676
232	0.0281673
233	0.0281675
234	0.0281674
235	0.0281674
236	0.0281673
237	0.0281673
238	0.0281673
239	0.0281675
240	0.0281677
241	0.0281674
242	0.0281676
243	0.0281675
244	0.0281676
245	0.0281675
246	0.0281673
247	0.0281672
248	0.0281680
249	0.0281691
250	0.0281694
251	0.0281690
252	0.0281680
253	0.0281670
254	0.0281669
255	0.0281658
256	0.0281661
257	0.0281664
258	0.0281661
259	0.0281662
260	0.0281662
261	0.0281661
262	0.0281658
263	0.0281652
264	0.0281652
265	0.0281652
266	0.0281653
267	0.0281658
268	0.0281659
269	0.0281660
270	0.0281644
271	0.0281644
272	0.0281650
273	0.0281650
274	0.0281631
275	0.0281631
276	0.0281643
277	0.0281650
278	0.0281651
279	0.0281650
280	0.0281650
281	0.0281650
282	0.0281643
283	0.0281628
284	0.0281629
285	0.0281644
286	0.0281646
287	0.0281646
288	0.0281645
289	0.0281645
290	0.0281647
291	0.0281642
292	0.0281642
293	0.0281646
294	0.0281642
295	0.0281628
296	0.0281629
297	0.0281635
298	0.0281625
299	0.0281624
300	0.0281624
301	0.0281625
302	0.0281634
303	0.0281636
304	0.0281631
305	0.0281633
306	0.0281633
307	0.0281633
308	0.0281629
309	0.0281640
310	0.0281640
311	0.0281640
312	0.0281636
313	0.0281617
314	0.0281618
315	0.0281620
316	0.0281621
317	0.0281621
318	0.0281619
319	0.0281619
320	0.0281620
321	0.0281621
322	0.0281619
323	0.0281617
324	0.0281617
325	0.0281614
326	0.0281617
327	0.0281617
328	0.0281616
329	0.0281619
330	0.0281618
331	0.0281616
332	0.0281619
333	0.0281617
334	0.0281612
335	0.0281606
336	0.0281607
337	0.0281609
338	0.0281605
339	0.0281604
340	0.0281605
341	0.0281604
342	0.0281605
343	0.0281607
344	0.0281611
345	0.0281611
346	0.0281608
347	0.0281590
348	0.0281594
349	0.0281592
350	0.0281591
351	0.0281606
352	0.0281611
353	0.0281608
354	0.0281597
355	0.0281595
356	0.0281595
357	0.0281594
358	0.0281594
359	0.0281593
360	0.0281594
361	0.0281594
362	0.0281588
363	0.0281588
364	0.0281590
365	0.0281583
366	0.0281584
367	0.0281586
368	0.0281592
369	0.0281591
370	0.0281589
371	0.0281593
372	0.0281594
373	0.0281584
374	0.0281567
375	0.0281570
376	0.0281571
377	0.0281571
378	0.0281572
379	0.0281593
380	0.0281590
381	0.0281588
382	0.0281587
383	0.0281582
384	0.0281578
385	0.0281580
386	0.0281577
387	0.0281571
388	0.0281571
389	0.0281576
390	0.0281576
391	0.0281575
392	0.0281585
393	0.0281573
394	0.0281569
395	0.0281572
396	0.0281572
397	0.0281571
398	0.0281569
399	0.0281569
400	0.0281568
401	0.0281572
402	0.0281572
403	0.0281571
404	0.0281571
405	0.0281563
406	0.0281553
407	0.0281554
408	0.0281567
409	0.0281567
410	0.0281554
411	0.0281552
412	0.0281552
413	0.0281553
414	0.0281554
415	0.0281566
416	0.0281576
417	0.0281574
418	0.0281545
419	0.0281545
420	0.0281557
421	0.0281556
422	0.0281554
423	0.0281552
424	0.0281558
425	0.0281572
426	0.0281563
427	0.0281543
428	0.0281543
429	0.0281543
430	0.0281537
431	0.0281540
432	0.0281545
433	0.0281546
434	0.0281539
435	0.0281532
436	0.0281535
437	0.0281536
438	0.0281533
439	0.0281533
440	0.0281538
441	0.0281536
442	0.0281517
443	0.0281519
444	0.0281534
445	0.0281539
446	0.0281540
447	0.0281541
448	0.0281543
449	0.0281548
450	0.0281549
451	0.0281547
452	0.0281547
453	0.0281549
454	0.0281554
455	0.0281550
456	0.0281552
457	0.0281557
458	0.0281557
459	0.0281559
460	0.0281561
461	0.0281553
462	0.0281554
463	0.0281566
464	0.0281560
465	0.0281561
466	0.0281559
467	0.0281559
468	0.0281565
469	0.0281570
470	0.0281562
471	0.0281561
472	0.0281562
473	0.0281565
474	0.0281559
475	0.0281557
476	0.0281557
477	0.0281556
478	0.0281558
479	0.0281578
480	0.0281578
481	0.0281576
482	0.0281563
483	0.0281561
484	0.0281571
485	0.0281570
486	0.0281570
487	0.0281569
488	0.0281567
489	0.0281567
490	0.0281563
491	0.0281561
492	0.0281563
493	0.0281559
494	0.0281551
495	0.0281563
496	0.0281559
497	0.0281558
498	0.0281557
499	0.0281557
500	0.0281554
501	0.0281546
502	0.0281550
503	0.0281550
504	0.0281551
505	0.0281551
506	0.0281549
507	0.0281550
508	0.0281561
509	0.0281560
510	0.0281553
511	0.0281555
512	0.0281555
513	0.0281550
514	0.0281546
515	0.0281547
516	0.0281555
517	0.0281556
518	0.0281559
519	0.0281569
520	0.0281576
521	0.0281557
522	0.0281551
523	0.0281553
524	0.0281554
525	0.0281552
526	0.0281549
527	0.0281551
528	0.0281557
529	0.0281560
530	0.0281564
531	0.0281565
532	0.0281566
533	0.0281578
534	0.0281578
535	0.0281578
536	0.0281584
537	0.0281591
538	0.0281599
539	0.0281600
540	0.0281612
541	0.0281613
542	0.0281642
543	0.0281644
544	0.0281644
545	0.0281680
546	0.0281694
547	0.0281703
548	0.0281713
549	0.0281722
550	0.0281727
551	0.0281740
552	0.0281747
553	0.0281787
554	0.0281799
555	0.0281823
556	0.0281843
557	0.0281911
558	0.0281914
559	0.0281977
560	0.0282080
561	0.0282100
562	0.0282235
563	0.0282367
564	0.0282541
565	0.0282689
566	0.0282852
567	0.0283089
568	0.0283333
569	0.0283581
570	0.0283834
571	0.0284126
572	0.0284493
573	0.0284860
574	0.0285224
575	0.0285684
576	0.0286131
577	0.0286578
578	0.0287078
579	0.0287528
580	0.0287990
581	0.0288543
582	0.0289042
583	0.0289541
584	0.0290102
585	0.0290627
586	0.0291090
587	0.0291553
588	0.0292017
589	0.0292522
590	0.0292974
591	0.0293411
592	0.0293811
593	0.0294208
594	0.0294605
595	0.0294916
596	0.0295255
597	0.0295661
598	0.0295861
599	0.0296106
600	0.0296334
601	0.0296528
602	0.0296723
603	0.0296903
604	0.0297072
605	0.0297195
606	0.0297287
607	0.0297392
608	0.0297465
609	0.0297541
610	0.0297578
611	0.0297584
612	0.0297616
613	0.0297612
614	0.0297612
615	0.0297562
616	0.0297545
617	0.0297472
618	0.0297420
619	0.0297330
620	0.0297241
621	0.0297156
622	0.0297080
623	0.0297023
624	0.0296900
625	0.0296804
626	0.0296719
627	0.0296641
628	0.0296557
629	0.0296509
630	0.0296460
631	0.0296424
632	0.0296389
633	0.0296363
634	0.0296358
635	0.0296357
636	0.0296357
637	0.0296392
638	0.0296406
639	0.0296492
640	0.0296577
641	0.0296621
642	0.0296710
643	0.0296828
644	0.0296922
645	0.0296998
646	0.0297127
647	0.0297184
648	0.0297340
649	0.0297473
650	0.0297588
651	0.0297710
652	0.0297832
653	0.0297912
654	0.0298045
655	0.0298150
656	0.0298221
657	0.0298362
658	0.0298471
659	0.0298546
660	0.0298695
661	0.0298805
662	0.0298910
663	0.0299016
664	0.0299116
665	0.0299317
666	0.0299455
667	0.0299624
668	0.0299784
669	0.0299927
670	0.0300116
671	0.0300383
672	0.0300611
673	0.0300857
674	0.0301153
675	0.0301412
676	0.0301670
677	0.0302057
678	0.0302453
679	0.0302837
680	0.0303216
681	0.0303646
682	0.0304083
683	0.0304528
684	0.0305097
685	0.0305662
686	0.0306231
687	0.0306822
688	0.0307398
689	0.0308002
690	0.0308605
691	0.0309230
692	0.0309925
693	0.0310693
694	0.0311148
695	0.0311899
696	0.0312516
697	0.0313133
698	0.0313811
699	0.0314475
700	0.0315132
701	0.0315759
702	0.0316384
703	0.0316941
704	0.0317474
705	0.0318008
706	0.0318636
707	0.0319081
708	0.0319540
709	0.0319975
710	0.0320339
711	0.0320682
712	0.0321024
713	0.0321269
714	0.0321512
715	0.0321736
716	0.0321896
717	0.0322016
718	0.0322071
719	0.0322118
720	0.0322136
721	0.0322122
722	0.0322073
723	0.0321955
724	0.0321764
725	0.0321530
726	0.0321285
727	0.0320997
728	0.0320643
729	0.0320260
730	0.0319895
731	0.0319431
732	0.0318953
733	0.0318464
734	0.0317891
735	0.0317305
736	0.0316713
737	0.0316103
738	0.0315449
739	0.0314827
740	0.0314214
741	0.0313494
742	0.0312808
743	0.0312164
744	0.0311521
745	0.0310870
746	0.0310220
747	0.0309425
748	0.0308944
749	0.0308348
750	0.0307786
751	0.0307238
752	0.0306731
753	0.0306221
754	0.0305730
755	0.0305253
756	0.0304798
757	0.0304407
758	0.0304036
759	0.0303666
760	0.0303287
761	0.0302993
762	0.0302707
763	0.0302421
764	0.0302193
765	0.0301965
766	0.0301737
767	0.0301547
768	0.0301337
769	0.0301164
770	0.0300991
771	0.0300853
772	0.0300731
773	0.0300582
774	0.0300503
775	0.0300371
776	0.0300317
777	0.0300180
778	0.0300100
779	0.0300066
780	0.0299969
781	0.0299882
782	0.0299858
783	0.0299770
784	0.0299717
785	0.0299644
786	0.0299590
787	0.0299527
788	0.0299464
789	0.0299452
790	0.0299386
791	0.0299349
792	0.0299290
793	0.0299236
794	0.0299194
795	0.0299137
796	0.0299073
797	0.0299009
798	0.0298924
799	0.0298850
800	0.0298775
801	0.0298746
802	0.0298599
803	0.0298471
804	0.0298385
805	0.0298301
806	0.0298166
807	0.0298022
808	0.0297888
809	0.0297752
810	0.0297607
811	0.0297490
812	0.0297351
813	0.0297240
814	0.0297054
815	0.0296941
816	0.0296828
817	0.0296669
818	0.0296544
819	0.0296481
820	0.0296360
821	0.0296256
822	0.0296198
823	0.0296152
824	0.0296108
825	0.0296081
826	0.0296066
827	0.0296067
828	0.0296075
829	0.0296122
830	0.0296176
831	0.0296264
832	0.0296362
833	0.0296438
834	0.0296522
835	0.0296655
836	0.0296774
837	0.0296896
838	0.0296981
839	0.0297110
840	0.0297240
841	0.0297358
842	0.0297472
843	0.0297607
844	0.0297694
845	0.0297807
846	0.0297915
847	0.0298004
848	0.0298110
849	0.0298160
850	0.0298278
851	0.0298344
852	0.0298394
853	0.0298445
854	0.0298510
855	0.0298542
856	0.0298578
857	0.0298605
858	0.0298632
859	0.0298666
860	0.0298682
861	0.0298698
862	0.0298705
863	0.0298730
864	0.0298738
865	0.0298756
866	0.0298760
867	0.0298763
868	0.0298764
869	0.0298771
870	0.0298769
871	0.0298756
872	0.0298742
873	0.0298725
874	0.0298714
875	0.0298713
876	0.0298710
877	0.0298704
878	0.0298694
879	0.0298678
880	0.0298647
881	0.0298632
882	0.0298629
883	0.0298610
884	0.0298574
885	0.0298559
886	0.0298518
887	0.0298504
888	0.0298470
889	0.0298460
890	0.0298458
891	0.0298425
892	0.0298424
893	0.0298392
894	0.0298369
895	0.0298357
896	0.0298329
897	0.0298304
898	0.0298283
899	0.0298276
900	0.0298263
901	0.0298209
902	0.0298174
903	0.0298149
904	0.0298124
905	0.0298075
906	0.0298069
907	0.0298028
908	0.0298011
909	0.0297971
910	0.0297965
911	0.0297907
912	0.0297854
913	0.0297807
914	0.0297793
915	0.0297757
916	0.0297754
917	0.0297655
918	0.0297611
919	0.0297570
920	0.0297498
921	0.0297461
922	0.0297423
923	0.0297415
924	0.0297351
925	0.0297308
926	0.0297261
927	0.0297198
928	0.0297121
929	0.0297070
930	0.0297036
931	0.0296962
932	0.0296906
933	0.0296884
934	0.0296798
935	0.0296758
936	0.0296662
937	0.0296609
938	0.0296544
939	0.0296473
940	0.0296418
941	0.0296398
942	0.0296336
943	0.0296266
944	0.0296192
945	0.0296148
946	0.0296114
947	0.0296025
948	0.0295981
949	0.0295911
950	0.0295875
951	0.0295825
952	0.0295753
953	0.0295699
954	0.0295665
955	0.0295608
956	0.0295578
957	0.0295480
958	0.0295436
959	0.0295406
960	0.0295350
961	0.0295312
962	0.0295246
963	0.0295214
964	0.0295171
965	0.0295138
966	0.0295100
967	0.0295061
968	0.0295002
969	0.0294961
970	0.0294900
971	0.0294896
972	0.0294875
973	0.0294816
974	0.0294778
975	0.0294737
976	0.0294716
977	0.0294696
978	0.0294669
979	0.0294627
980	0.0294564
981	0.0294515
982	0.0294487
983	0.0294482
984	0.0294440
985	0.0294408
986	0.0294383
987	0.0294348
988	0.0294341
989	0.0294303
990	0.0294268
991	0.0294252
992	0.0294221
993	0.0294197
994	0.0294168
995	0.0294158
996	0.0294154
997	0.0294127
998	0.0294084
999	0.0294082
1000	0.0294051
1001	0.0294044
1002	0.0294037
1003	0.0294013
1004	0.0294002
1005	0.0293993
1006	0.0293969
1007	0.0293965
1008	0.0293944
1009	0.0293936
1010	0.0293920
1011	0.0293919
1012	0.0293899
1013	0.0293899
1014	0.0293899
1015	0.0293901
1016	0.0293902
1017	0.0293900
1018	0.0293904
1019	0.0293914
1020	0.0293922
1021	0.0293935
1022	0.0293940
1023	0.0293943
1024	0.0293967
1025	0.0293984
1026	0.0293996
1027	0.0294000
1028	0.0294031
1029	0.0294051
1030	0.0294077
1031	0.0294105
1032	0.0294114
1033	0.0294139
1034	0.0294170
1035	0.0294202
1036	0.0294232
1037	0.0294239
1038	0.0294293
1039	0.0294293
1040	0.0294347
1041	0.0294395
1042	0.0294430
1043	0.0294432
1044	0.0294496
1045	0.0294531
1046	0.0294566
1047	0.0294610
1048	0.0294658
1049	0.0294703
1050	0.0294749
1051	0.0294797
1052	0.0294849
1053	0.0294853
1054	0.0294931
1055	0.0294988
1056	0.0295024
1057	0.0295084
1058	0.0295134
1059	0.0295192
1060	0.0295236
1061	0.0295282
1062	0.0295345
1063	0.0295409
1064	0.0295480
1065	0.0295534
1066	0.0295583
1067	0.0295634
1068	0.0295701
1069	0.0295769
1070	0.0295822
1071	0.0295889
1072	0.0295971
1073	0.0295997
1074	0.0296094
1075	0.0296137
1076	0.0296200
1077	0.0296283
1078	0.0296347
1079	0.0296403
1080	0.0296464
1081	0.0296514
1082	0.0296623
1083	0.0296673
1084	0.0296768
1085	0.0296861
1086	0.0296930
1087	0.0296993
1088	0.0297062
1089	0.0297144
1090	0.0297204
1091	0.0297282
1092	0.0297337
1093	0.0297425
1094	0.0297484
1095	0.0297563
1096	0.0297642
1097	0.0297717
1098	0.0297751
1099	0.0297851
1100	0.0297904
1101	0.0297981
1102	0.0298058
1103	0.0298126
1104	0.0298220
1105	0.0298285
1106	0.0298376
1107	0.0298416
1108	0.0298500
1109	0.0298582
1110	0.0298646
1111	0.0298708
1112	0.0298752
1113	0.0298846
1114	0.0298898
1115	0.0298980
1116	0.0299057
1117	0.0299080
1118	0.0299152
1119	0.0299246
1120	0.0299277
1121	0.0299376
1122	0.0299411
1123	0.0299513
1124	0.0299577
1125	0.0299623
1126	0.0299666
1127	0.0299760
1128	0.0299813
1129	0.0299857
1130	0.0299953
1131	0.0299980
1132	0.0300048
1133	0.0300091
1134	0.0300152
1135	0.0300217
1136	0.0300273
1137	0.0300315
1138	0.0300372
1139	0.0300381
1140	0.0300474
1141	0.0300512
1142	0.0300580
1143	0.0300589
1144	0.0300678
1145	0.0300692
1146	0.0300762
1147	0.0300820
1148	0.0300823
1149	0.0300867
1150	0.0300911
1151	0.0300973
1152	0.0301025
1153	0.0301025
1154	0.0301113
1155	0.0301160
1156	0.0301196
1157	0.0301209
1158	0.0301260
1159	0.0301291
1160	0.0301348
1161	0.0301375
1162	0.0301426
1163	0.0301466
1164	0.0301470
1165	0.0301492
1166	0.0301545
1167	0.0301545
1168	0.0301595
1169	0.0301644
1170	0.0301651
1171	0.0301667
1172	0.0301731
1173	0.0301751
1174	0.0301769
1175	0.0301803
1176	0.0301837
1177	0.0301874
1178	0.0301884
1179	0.0301917
1180	0.0301934
1181	0.0301967
1182	0.0301997
1183	0.0302013
1184	0.0302013
1185	0.0302027
1186	0.0302027
1187	0.0302075
1188	0.0302083
1189	0.0302091
1190	0.0302130
1191	0.0302137
1192	0.0302154
1193	0.0302156
1194	0.0302202
1195	0.0302207
1196	0.0302214
1197	0.0302240
1198	0.0302246
1199	0.0302266
1200	0.0302283
1201	0.0302290
1202	0.0302292
1203	0.0302309
1204	0.0302321
1205	0.0302321
1206	0.0302326
1207	0.0302331
1208	0.0302358
1209	0.0302358
1210	0.0302357
1211	0.0302340
1212	0.0302346
1213	0.0302360
1214	0.0302358
1215	0.0302353
1216	0.0302361
1217	0.0302364
1218	0.0302370
1219	0.0302371
1220	0.0302365
1221	0.0302357
1222	0.0302362
1223	0.0302360
1224	0.0302340
1225	0.0302333
1226	0.0302333
1227	0.0302335
1228	0.0302335
1229	0.0302329
1230	0.0302318
1231	0.0302318
1232	0.0302303
1233	0.0302290
1234	0.0302263
1235	0.0302260
1236	0.0302235
1237	0.0302207
1238	0.0302193
1239	0.0302187
1240	0.0302187
1241	0.0302183
1242	0.0302159
1243	0.0302135
1244	0.0302112
1245	0.0302110
1246	0.0302107
1247	0.0302054
1248	0.0302035
1249	0.0302033
1250	0.0302013
1251	0.0301981
1252	0.0301950
1253	0.0301934
1254	0.0301923
1255	0.0301878
1256	0.0301842
1257	0.0301819
1258	0.0301807
1259	0.0301776
1260	0.0301735
1261	0.0301731
1262	0.0301688
1263	0.0301676
1264	0.0301623
1265	0.0301590
1266	0.0301551
1267	0.0301513
1268	0.0301506
1269	0.0301445
1270	0.0301412
1271	0.0301406
1272	0.0301394
1273	0.0301310
1274	0.0301284
1275	0.0301256
1276	0.0301169
1277	0.0301159
1278	0.0301109
1279	0.0301092
1280	0.0301053
1281	0.0300986
1282	0.0300931
1283	0.0300881
1284	0.0300839
1285	0.0300768
1286	0.0300727
1287	0.0300669
1288	0.0300639
1289	0.0300571
1290	0.0300514
1291	0.0300473
1292	0.0300454
1293	0.0300373
1294	0.0300351
1295	0.0300267
1296	0.0300217
1297	0.0300128
1298	0.0300087
1299	0.0300018
1300	0.0299936
1301	0.0299875
1302	0.0299814
1303	0.0299738
1304	0.0299695
1305	0.0299622
1306	0.0299549
1307	0.0299505
1308	0.0299412
1309	0.0299348
1310	0.0299244
1311	0.0299156
1312	0.0299082
1313	0.0299009
1314	0.0298941
1315	0.0298866
1316	0.0298776
1317	0.0298686
1318	0.0298609
1319	0.0298532
1320	0.0298434
1321	0.0298341
1322	0.0298237
1323	0.0298165
1324	0.0298060
1325	0.0297960
1326	0.0297842
1327	0.0297768
1328	0.0297651
1329	0.0297578
1330	0.0297444
1331	0.0297352
1332	0.0297251
1333	0.0297133
1334	0.0297018
1335	0.0296926
1336	0.0296793
1337	0.0296701
1338	0.0296559
1339	0.0296441
1340	0.0296339
1341	0.0296203
1342	0.0296097
1343	0.0295951
1344	0.0295817
1345	0.0295680
1346	0.0295572
1347	0.0295425
1348	0.0295311
1349	0.0295227
1350	0.0295072
1351	0.0294901
1352	0.0294756
1353	0.0294626
1354	0.0294476
1355	0.0294346
1356	0.0294200
1357	0.0294060
1358	0.0293902
1359	0.0293768
1360	0.0293607
1361	0.0293462
1362	0.0293344
1363	0.0293182
1364	0.0293020
1365	0.0292915
1366	0.0292717
1367	0.0292579
1368	0.0292427
1369	0.0292290
1370	0.0292148
1371	0.0291965
1372	0.0291798
1373	0.0291684
1374	0.0291503
1375	0.0291353
1376	0.0291267
1377	0.0291056
1378	0.0290889
1379	0.0290747
1380	0.0290594
1381	0.0290433
1382	0.0290270
1383	0.0290131
1384	0.0290021
1385	0.0289847
1386	0.0289721
1387	0.0289528
1388	0.0289358
1389	0.0289230
1390	0.0289102
1391	0.0288957
1392	0.0288815
1393	0.0288656
1394	0.0288497
1395	0.0288337
1396	0.0288200
1397	0.0288081
1398	0.0287925
1399	0.0287764
1400	0.0287644
1401	0.0287520
1402	0.0287371
1403	0.0287292
1404	0.0287112
1405	0.0286973
1406	0.0286844
1407	0.0286778
1408	0.0286600
1409	0.0286458
1410	0.0286323
1411	0.0286233
1412	0.0286099
1413	0.0285968
1414	0.0285854
1415	0.0285741
1416	0.0285609
1417	0.0285504
1418	0.0285399
1419	0.0285284
1420	0.0285166
1421	0.0285096
1422	0.0284968
1423	0.0284876
1424	0.0284783
1425	0.0284666
1426	0.0284571
1427	0.0284457
1428	0.0284364
1429	0.0284271
1430	0.0284201
1431	0.0284115
1432	0.0284013
1433	0.0283919
1434	0.0283826
1435	0.0283767
1436	0.0283668
1437	0.0283622
1438	0.0283578
1439	0.0283434
1440	0.0283403
1441	0.0283292
1442	0.0283223
1443	0.0283148
1444	0.0283089
1445	0.0282998
1446	0.0282948
1447	0.0282942
1448	0.0282829
1449	0.0282740
1450	0.0282678
1451	0.0282653
1452	0.0282585
1453	0.0282550
1454	0.0282470
1455	0.0282414
1456	0.0282366
1457	0.0282319
1458	0.0282276
1459	0.0282244
1460	0.0282179
1461	0.0282169
1462	0.0282102
1463	0.0282038
1464	0.0282021
1465	0.0282008
1466	0.0281957
1467	0.0281912
1468	0.0281861
1469	0.0281821
1470	0.0281777
1471	0.0281766
1472	0.0281722
1473	0.0281678
1474	0.0281653
1475	0.0281630
1476	0.0281594
1477	0.0281574
1478	0.0281531
1479	0.0281530
1480	0.0281480
1481	0.0281443
1482	0.0281438
1483	0.0281419
1484	0.0281391
1485	0.0281383
1486	0.0281350
1487	0.0281324
1488	0.0281293
1489	0.0281284
1490	0.0281276
1491	0.0281236
1492	0.0281235
1493	0.0281213
1494	0.0281210
1495	0.0281192
1496	0.0281172
1497	0.0281137
1498	0.0281133
1499	0.0281113
1500	0.0281078
1501	0.0281071
1502	0.0281061
1503	0.0281055
1504	0.0281047
1505	0.0280998
1506	0.0280997
1507	0.0280996
1508	0.0280981
1509	0.0280963
1510	0.0280965
1511	0.0280964
1512	0.0280933
1513	0.0280930
1514	0.0280927
1515	0.0280905
1516	0.0280886
1517	0.0280882
1518	0.0280877
1519	0.0280878
1520	0.0280877
1521	0.0280871
1522	0.0280868
1523	0.0280861
1524	0.0280857
1525	0.0280848
1526	0.0280806
1527	0.0280809
1528	0.0280807
1529	0.0280805
1530	0.0280802
1531	0.0280800
1532	0.0280791
1533	0.0280791
1534	0.0280777
1535	0.0280773
1536	0.0280747
1537	0.0280741
1538	0.0280729
1539	0.0280725
1540	0.0280719
1541	0.0280710
1542	0.0280692
1543	0.0280704
1544	0.0280704
1545	0.0280703
1546	0.0280700
1547	0.0280691
1548	0.0280690
1549	0.0280677
1550	0.0280677
1551	0.0280676
1552	0.0280673
1553	0.0280673
1554	0.0280677
1555	0.0280679
1556	0.0280678
1557	0.0280679
1558	0.0280685
1559	0.0280685
1560	0.0280694
1561	0.0280694
1562	0.0280695
1563	0.0280694
1564	0.0280699
1565	0.0280707
1566	0.0280711
1567	0.0280715
1568	0.0280715
1569	0.0280715
1570	0.0280717
1571	0.0280742
1572	0.0280752
1573	0.0280758
1574	0.0280764
1575	0.0280779
1576	0.0280785
1577	0.0280805
1578	0.0280810
1579	0.0280810
1580	0.0280810
1581	0.0280816
1582	0.0280858
1583	0.0280860
1584	0.0280861
1585	0.0280868
1586	0.0280878
1587	0.0280886
1588	0.0280889
1589	0.0280893
1590	0.0280900
1591	0.0280903
1592	0.0280903
1593	0.0280904
1594	0.0280910
1595	0.0280911
1596	0.0280921
1597	0.0280930
1598	0.0280932
1599	0.0280932
1600	0.0280932
1601	0.0280932
1602	0.0280932
1603	0.0280951
1604	0.0280949
1605	0.0280949
1606	0.0280951
1607	0.0280951
1608	0.0280951
1609	0.0280958
1610	0.0280960
1611	0.0280968
1612	0.0280969
1613	0.0280964
1614	0.0280964
1615	0.0280976
1616	0.0280973
1617	0.0280973
1618	0.0280983
1619	0.0280984
1620	0.0280982
1621	0.0280976
1622	0.0280972
1623	0.0280976
1624	0.0280985
1625	0.0280985
1626	0.0280982
1627	0.0280982
1628	0.0280982
1629	0.0280981
1630	0.0280991
1631	0.0280994
1632	0.0280993
1633	0.0280994
1634	0.0280996
1635	0.0280998
1636	0.0280998
1637	0.0280998
1638	0.0281006
1639	0.0281007
1640	0.0281008
1641	0.0281009
1642	0.0281006
1643	0.0281005
1644	0.0281004
1645	0.0280996
1646	0.0281005
1647	0.0281008
1648	0.0281007
1649	0.0281005
1650	0.0281001
1651	0.0281005
1652	0.0281007
1653	0.0281009
1654	0.0281007
1655	0.0281009
1656	0.0281007
1657	0.0281008
1658	0.0281015
1659	0.0281013
1660	0.0280993
1661	0.0280994
1662	0.0280988
1663	0.0280990
1664	0.0280994
1665	0.0281004
1666	0.0281006
1667	0.0281005
1668	0.0281001
1669	0.0281003
1670	0.0281001
1671	0.0281002
1672	0.0281004
1673	0.0281003
1674	0.0281001
1675	0.0281003
1676	0.0281005
1677	0.0281003
1678	0.0281008
1679	0.0281011
1680	0.0281014
1681	0.0281012
1682	0.0281011
1683	0.0281010
1684	0.0281012
1685	0.0281018
1686	0.0281016
1687	0.0281010
1688	0.0281011
1689	0.0281010
1690	0.0280999
1691	0.0281003
1692	0.0281009
1693	0.0281005
1694	0.0280998
1695	0.0281008
1696	0.0281004
1697	0.0281004
1698	0.0281007
1699	0.0281007
1700	0.0281007
1701	0.0281006
1702	0.0281007
1703	0.0281009
1704	0.0281005
1705	0.0281004
1706	0.0281005
1707	0.0281005
1708	0.0281001
1709	0.0281000
1710	0.0281002
1711	0.0281002
1712	0.0280997
1713	0.0280996
1714	0.0280990
1715	0.0280991
1716	0.0281007
1717	0.0281008
1718	0.0281007
1719	0.0281010
1720	0.0281009
1721	0.0281009
1722	0.0281005
1723	0.0281003
1724	0.0281002
1725	0.0280996
1726	0.0280998
1727	0.0281005
1728	0.0281008
1729	0.0281005
1730	0.0281006
1731	0.0281003
1732	0.0280993
1733	0.0280995
1734	0.0280995
1735	0.0280998
1736	0.0281007
1737	0.0281008
1738	0.0281007
1739	0.0280999
1740	0.0280999
1741	0.0281001
1742	0.0281000
1743	0.0281000
1744	0.0281003
1745	0.0281003
1746	0.0280995
1747	0.0281008
1748	0.0281008
1749	0.0280992
1750	0.0280994
1751	0.0280994
1752	0.0280994
1753	0.0280995
1754	0.0280999
1755	0.0280996
1756	0.0280996
1757	0.0280998
1758	0.0280994
1759	0.0280997
1760	0.0280998
1761	0.0280994
1762	0.0280999
1763	0.0280999
1764	0.0280996
1765	0.0280990
1766	0.0280989
1767	0.0280990
1768	0.0280991
1769	0.0280993
1770	0.0280997
1771	0.0280995
1772	0.0280995
1773	0.0280990
1774	0.0280990
1775	0.0280990
1776	0.0280991
1777	0.0280993
1778	0.0280988
1779	0.0280990
1780	0.0280992
1781	0.0280993
1782	0.0280994
1783	0.0280986
1784	0.0280983
1785	0.0280983
1786	0.0280989
1787	0.0280988
1788	0.0280989
1789	0.0280990
1790	0.0280991
1791	0.0280992
1792	0.0280986
1793	0.0280987
1794	0.0280986
1795	0.0280982
1796	0.0280980
1797	0.0280979
1798	0.0280987
1799	0.0280987
1800	0.0280986
1801	0.0280988
1802	0.0281000
1803	0.0280997
1804	0.0280993
1805	0.0280962
1806	0.0280976
1807	0.0280989
1808	0.0280988
1809	0.0280982
1810	0.0280982
1811	0.0280979
1812	0.0280978
1813	0.0280980
1814	0.0280981
1815	0.0280981
1816	0.0280981
1817	0.0280975
1818	0.0280979
1819	0.0280982
1820	0.0280984
1821	0.0280985
1822	0.0280985
1823	0.0280982
1824	0.0280977
1825	0.0280977
1826	0.0280978
1827	0.0280982
1828	0.0280977
1829	0.0280977
1830	0.0280977
1831	0.0280975
1832	0.0280971
1833	0.0280970
1834	0.0280971
1835	0.0280971
1836	0.0280972
1837	0.0280973
1838	0.0280975
1839	0.0280976
1840	0.0280980
1841	0.0280976
1842	0.0280957
1843	0.0280963
1844	0.0280964
1845	0.0280962
1846	0.0280964
1847	0.0280970
1848	0.0280974
1849	0.0280971
1850	0.0280966
1851	0.0280961
1852	0.0280957
1853	0.0280963
1854	0.0280968
1855	0.0280969
1856	0.0280969
1857	0.0280972
1858	0.0280971
1859	0.0280965
1860	0.0280968
1861	0.0280963
1862	0.0280955
1863	0.0280958
1864	0.0280959
1865	0.0280960
1866	0.0280960
1867	0.0280946
1868	0.0280956
1869	0.0280953
1870	0.0280953
1871	0.0280959
1872	0.0280958
1873	0.0280961
1874	0.0280957
1875	0.0280958
1876	0.0280952
1877	0.0280946
1878	0.0280946
1879	0.0280946
1880	0.0280965
1881	0.0280961
1882	0.0280958
1883	0.0280957
1884	0.0280958
1885	0.0280957
1886	0.0280954
1887	0.0280957
1888	0.0280984
1889	0.0280978
1890	0.0280970
1891	0.0280974
1892	0.0280965
1893	0.0280965
1894	0.0280962
1895	0.0280952
1896	0.0280952
1897	0.0280954
1898	0.0280954
1899	0.0280953
1900	0.0280952
1901	0.0280951
1902	0.0280953
1903	0.0280952
1904	0.0280952
1905	0.0280951
1906	0.0280952
1907	0.0280950
1908	0.0280952
1909	0.0280963
1910	0.0280962
1911	0.0280960
1912	0.0280959
1913	0.0280953
1914	0.0280953
1915	0.0280955
1916	0.0280960
1917	0.0280966
1918	0.0280963
1919	0.0280950
1920	0.0280946
1921	0.0280946
1922	0.0280947
1923	0.0280957
1924	0.0280957
1925	0.0280962
1926	0.0280960
1927	0.0280960
1928	0.0280959
1929	0.0280959
1930	0.0280956
1931	0.0280946
1932	0.0280942
1933	0.0280948
1934	0.0280949
1935	0.0280951
1936	0.0280952
1937	0.0280952
1938	0.0280953
1939	0.0280945
1940	0.0280940
1941	0.0280942
1942	0.0280951
1943	0.0280949
1944	0.0280949
1945	0.0280950
1946	0.0280949
1947	0.0280945
1948	0.0280944
1949	0.0280943
1950	0.0280944
1951	0.0280945
1952	0.0280943
1953	0.0280937
1954	0.0280937
1955	0.0280944
1956	0.0280948
1957	0.0280947
1958	0.0280946
1959	0.0280943
1960	0.0280944
1961	0.0280944
1962	0.0280943
1963	0.0280942
1964	0.0280942
1965	0.0280946
1966	0.0280945
1967	0.0280936
1968	0.0280943
1969	0.0280946
1970	0.0280948
1971	0.0280944
1972	0.0280938
1973	0.0280939
1974	0.0280938
1975	0.0280941
1976	0.0280937
1977	0.0280927
1978	0.0280927
1979	0.0280926
1980	0.0280934
1981	0.0280934
1982	0.0280934
1983	0.0280938
1984	0.0280938
1985	0.0280940
1986	0.0280940
1987	0.0280936
1988	0.0280935
1989	0.0280934
1990	0.0280938
1991	0.0280938
1992	0.0280932
1993	0.0280925
1994	0.0280931
1995	0.0280931
1996	0.0280936
1997	0.0280936
1998	0.0280933
1999	0.0280932
2000	0.0280937
2001	0.0280936
2002	0.0280937
2003	0.0280936
2004	0.0280930
2005	0.0280929
2006	0.0280928
2007	0.0280929
2008	0.0280927
2009	0.0280927
2010	0.0280927
2011	0.0280926
2012	0.0280923
2013	0.0280928
2014	0.0280933
2015	0.0280935
2016	0.0280934
2017	0.0280925
2018	0.0280922
2019	0.0280921
2020	0.0280921
2021	0.0280924
2022	0.0280931
2023	0.0280930
2024	0.0280931
2025	0.0280935
2026	0.0280938
2027	0.0280931
2028	0.0280927
2029	0.0280929
2030	0.0280929
2031	0.0280926
2032	0.0280924
2033	0.0280925
2034	0.0280925
2035	0.0280924
2036	0.0280924
2037	0.0280927
2038	0.0280922
2039	0.0280916
2040	0.0280917
2041	0.0280923
2042	0.0280919
2043	0.0280927
2044	0.0280926
2045	0.0280923
2046	0.0280923
2047	0.0280920
2048	0.0280929
2049	0.0280929
2050	0.0280930
2051	0.0280929
2052	0.0280926
2053	0.0280920
2054	0.0280919
2055	0.0280912
2056	0.0280914
2057	0.0280915
2058	0.0280917
2059	0.0280918
2060	0.0280918
2061	0.0280920
2062	0.0280922
2063	0.0280920
2064	0.0280907
2065	0.0280908
2066	0.0280913
2067	0.0280913
2068	0.0280912
2069	0.0280919
2070	0.0280915
2071	0.0280915
2072	0.0280917
2073	0.0280915
2074	0.0280908
2075	0.0280908
2076	0.0280923
2077	0.0280929
2078	0.0280929
2079	0.0280929
2080	0.0280928
2081	0.0280928
2082	0.0280919
2083	0.0280906
2084	0.0280906
2085	0.0280909
2086	0.0280916
2087	0.0280918
2088	0.0280914
2089	0.0280908
2090	0.0280907
2091	0.0280908
2092	0.0280908
2093	0.0280913
2094	0.0280913
2095	0.0280913
2096	0.0280908
2097	0.0280909
2098	0.0280911
2099	0.0280911
2100	0.0280911
2101	0.0280914
2102	0.0280918
2103	0.0280915
2104	0.0280915
2105	0.0280914
2106	0.0280914
2107	0.0280910
2108	0.0280904
2109	0.0280904
2110	0.0280904
2111	0.0280903
2112	0.0280902
2113	0.0280902
2114	0.0280902
2115	0.0280902
2116	0.0280909
2117	0.0280908
2118	0.0280906
2119	0.0280906
2120	0.0280918
2121	0.0280916
2122	0.0280909
2123	0.0280906
2124	0.0280905
2125	0.0280902
2126	0.0280903
2127	0.0280903
2128	0.0280903
2129	0.0280909
2130	0.0280908
2131	0.0280906
2132	0.0280905
2133	0.0280905
2134	0.0280905
2135	0.0280910
2136	0.0280916
2137	0.0280906
2138	0.0280905
2139	0.0280908
2140	0.0280908
2141	0.0280909
2142	0.0280904
2143	0.0280904
2144	0.0280905
2145	0.0280903
2146	0.0280901
2147	0.0280906
2148	0.0280916
2149	0.0280915
2150	0.0280913
2151	0.0280904
2152	0.0280902
2153	0.0280900
2154	0.0280901
2155	0.0280899
2156	0.0280899
2157	0.0280900
2158	0.0280901
2159	0.0280900
2160	0.0280900
2161	0.0280900
2162	0.0280900
2163	0.0280905
2164	0.0280904
2165	0.0280905
2166	0.0280908
2167	0.0280904
2168	0.0280904
2169	0.0280905
2170	0.0280904
2171	0.0280900
2172	0.0280895
2173	0.0280897
2174	0.0280898
2175	0.0280891
2176	0.0280892
2177	0.0280903
2178	0.0280905
2179	0.0280900
2180	0.0280898
2181	0.0280899
2182	0.0280895
2183	0.0280894
2184	0.0280898
2185	0.0280893
2186	0.0280892
2187	0.0280892
2188	0.0280894
2189	0.0280893
2190	0.0280892
2191	0.0280894
2192	0.0280894
2193	0.0280896
2194	0.0280903
2195	0.0280902
2196	0.0280900
2197	0.0280902
2198	0.0280902
2199	0.0280902
2200	0.0280903
2201	0.0280904
2202	0.0280904
2203	0.0280895
2204	0.0280898
2205	0.0280899
2206	0.0280902
2207	0.0280907
2208	0.0280912
2209	0.0280912
2210	0.0280912
2211	0.0280918
2212	0.0280921
2213	0.0280924
2214	0.0280924
2215	0.0280921
2216	0.0280916
2217	0.0280921
2218	0.0280936
2219	0.0280936
2220	0.0280945
2221	0.0280943
2222	0.0280929
2223	0.0280932
2224	0.0280942
2225	0.0280939
2226	0.0280940
2227	0.0280941
2228	0.0280939
2229	0.0280935
2230	0.0280937
2231	0.0280944
2232	0.0280935
2233	0.0280937
2234	0.0280943
2235	0.0280942
2236	0.0280939
2237	0.0280929
2238	0.0280930
2239	0.0280935
2240	0.0280936
2241	0.0280936
2242	0.0280936
2243	0.0280947
2244	0.0280945
2245	0.0280940
2246	0.0280936
2247	0.0280939
2248	0.0280947
2249	0.0280936
2250	0.0280921
2251	0.0280921
2252	0.0280930
2253	0.0280929
2254	0.0280928
2255	0.0280928
2256	0.0280923
2257	0.0280922
2258	0.0280921
2259	0.0280922
2260	0.0280922
2261	0.0280922
2262	0.0280926
2263	0.0280931
2264	0.0280946
2265	0.0280942
2266	0.0280934
2267	0.0280937
2268	0.0280936
2269	0.0280938
2270	0.0280936
2271	0.0280930
2272	0.0280931
2273	0.0280929
2274	0.0280925
2275	0.0280926
2276	0.0280927
2277	0.0280927
2278	0.0280946
2279	0.0280946
2280	0.0280946
2281	0.0280942
2282	0.0280949
2283	0.0280956
2284	0.0280964
2285	0.0280982
2286	0.0280987
2287	0.0280999
2288	0.0281001
2289	0.0281008
2290	0.0281010
2291	0.0281021
2292	0.0281037
2293	0.0281038
2294	0.0281070
2295	0.0281072
2296	0.0281075
2297	0.0281076
2298	0.0281122
2299	0.0281130
2300	0.0281156
2301	0.0281175
2302	0.0281195
2303	0.0281218
2304	0.0281268
2305	0.0281297
2306	0.0281322
2307	0.0281396
2308	0.0281459
2309	0.0281572
2310	0.0281619
2311	0.0281811
2312	0.0281976
2313	0.0282133
2314	0.0282297
2315	0.0282506
2316	0.0282714
2317	0.0283013
2318	0.0283289
2319	0.0283565
2320	0.0283937
2321	0.0284282
2322	0.0284713
2323	0.0285131
2324	0.0285550
2325	0.0285994
2326	0.0286479
2327	0.0286962
2328	0.0287426
2329	0.0287878
2330	0.0288395
2331	0.0288890
2332	0.0289356
2333	0.0289860
2334	0.0290327
2335	0.0290802
2336	0.0291271
2337	0.0291690
2338	0.0292109
2339	0.0292531
2340	0.0292901
2341	0.0293271
2342	0.0293610
2343	0.0293949
2344	0.0294205
2345	0.0294457
2346	0.0294714
2347	0.0294940
2348	0.0295133
2349	0.0295283
2350	0.0295417
2351	0.0295522
2352	0.0295594
2353	0.0295666
2354	0.0295716
2355	0.0295733
2356	0.0295730
2357	0.0295717
2358	0.0295655
2359	0.0295570
2360	0.0295489
2361	0.0295407
2362	0.0295265
2363	0.0295190
2364	0.0295004
2365	0.0294838
2366	0.0294666
2367	0.0294494
2368	0.0294348
2369	0.0294172
2370	0.0294018
2371	0.0293853
2372	0.0293691
2373	0.0293571
2374	0.0293405
2375	0.0293289
2376	0.0293221
2377	0.0293137
2378	0.0293044
2379	0.0292976
2380	0.0292951
2381	0.0292929
2382	0.0292925
2383	0.0292944
2384	0.0292944
2385	0.0292973
2386	0.0293065
2387	0.0293144
2388	0.0293215
2389	0.0293293
2390	0.0293391
2391	0.0293448
2392	0.0293563
2393	0.0293665
2394	0.0293707
2395	0.0293849
2396	0.0293957
2397	0.0294039
2398	0.0294100
2399	0.0294168
2400	0.0294236
2401	0.0294266
2402	0.0294317
2403	0.0294341
2404	0.0294356
2405	0.0294404
2406	0.0294407
2407	0.0294405
2408	0.0294387
2409	0.0294369
2410	0.0294366
2411	0.0294281
2412	0.0294229
2413	0.0294178
2414	0.0294125
2415	0.0294047
2416	0.0293990
2417	0.0293937
2418	0.0293883
2419	0.0293804
2420	0.0293748
2421	0.0293692
2422	0.0293651
2423	0.0293622
2424	0.0293599
2425	0.0293555
2426	0.0293553
2427	0.0293553
2428	0.0293562
2429	0.0293570
2430	0.0293604
2431	0.0293665
2432	0.0293761
2433	0.0293804
2434	0.0293944
2435	0.0294057
2436	0.0294197
2437	0.0294324
2438	0.0294454
2439	0.0294532
2440	0.0294724
2441	0.0294883
2442	0.0295058
2443	0.0295222
2444	0.0295385
2445	0.0295566
2446	0.0295705
2447	0.0295814
2448	0.0295994
2449	0.0296143
2450	0.0296273
2451	0.0296359
2452	0.0296486
2453	0.0296598
2454	0.0296701
2455	0.0296764
2456	0.0296837
2457	0.0296890
2458	0.0296895
2459	0.0296952
2460	0.0296969
2461	0.0296967
2462	0.0296957
2463	0.0296901
2464	0.0296873
2465	0.0296786
2466	0.0296689
2467	0.0296603
2468	0.0296466
2469	0.0296342
2470	0.0296172
2471	0.0296003
2472	0.0295830
2473	0.0295618
2474	0.0295421
2475	0.0295199
2476	0.0294977
2477	0.0294702
2478	0.0294469
2479	0.0294212
2480	0.0294009
2481	0.0293708
2482	0.0293441
2483	0.0293212
2484	0.0292972
2485	0.0292731
2486	0.0292528
2487	0.0292373
2488	0.0292181
2489	0.0291970
2490	0.0291930
2491	0.0291777
2492	0.0291692
2493	0.0291602
2494	0.0291571
2495	0.0291570
2496	0.0291559
2497	0.0291563
2498	0.0291580
2499	0.0291670
2500	0.0291681
2501	0.0291753
2502	0.0291919
2503	0.0292048
2504	0.0292153
2505	0.0292295
2506	0.0292437
2507	0.0292597
2508	0.0292721
2509	0.0292846
2510	0.0293028
2511	0.0293090
2512	0.0293261
2513	0.0293407
2514	0.0293544
2515	0.0293658
2516	0.0293788
2517	0.0293879
2518	0.0293910
2519	0.0294029
2520	0.0294119
2521	0.0294159
2522	0.0294202
2523	0.0294241
2524	0.0294280
2525	0.0294285
2526	0.0294321
2527	0.0294328
2528	0.0294328
2529	0.0294318
2530	0.0294316
2531	0.0294313
2532	0.0294278
2533	0.0294268
2534	0.0294241
2535	0.0294221
2536	0.0294201
2537	0.0294198
2538	0.0294174
2539	0.0294167
2540	0.0294160
2541	0.0294151
2542	0.0294156
2543	0.0294166
2544	0.0294200
2545	0.0294265
2546	0.0294318
2547	0.0294391
2548	0.0294470
2549	0.0294549
2550	0.0294762
2551	0.0294930
2552	0.0295130
2553	0.0295370
2554	0.0295606
2555	0.0295870
2556	0.0296133
2557	0.0296489
2558	0.0296902
2559	0.0297288
2560	0.0297701
2561	0.0298101
2562	0.0298674
2563	0.0299169
2564	0.0299713
2565	0.0300303
2566	0.0300892
2567	0.0301554
2568	0.0302148
2569	0.0302846
2570	0.0303544
2571	0.0304333
2572	0.0304983
2573	0.0305751
2574	0.0306501
2575	0.0307190
2576	0.0307880
2577	0.0308608
2578	0.0309389
2579	0.0310141
2580	0.0310890
2581	0.0311560
2582	0.0312271
2583	0.0312911
2584	0.0313516
2585	0.0314317
2586	0.0314859
2587	0.0315391
2588	0.0315924
2589	0.0316463
2590	0.0316880
2591	0.0317377
2592	0.0317839
2593	0.0318231
2594	0.0318572
2595	0.0318888
2596	0.0319198
2597	0.0319465
2598	0.0319718
2599	0.0319916
2600	0.0320088
2601	0.0320207
2602	0.0320326
2603	0.0320400
2604	0.0320401
2605	0.0320415
2606	0.0320414
2607	0.0320380
2608	0.0320291
2609	0.0320154
2610	0.0320022
2611	0.0319816
2612	0.0319633
2613	0.0319374
2614	0.0319136
2615	0.0318828
2616	0.0318504
2617	0.0318194
2618	0.0317824
2619	0.0317469
2620	0.0317063
2621	0.0316657
2622	0.0316201
2623	0.0315754
2624	0.0315306
2625	0.0314832
2626	0.0314313
2627	0.0313837
2628	0.0313350
2629	0.0312874
2630	0.0312399
2631	0.0311932
2632	0.0311455
2633	0.0310996
2634	0.0310545
2635	0.0310124
2636	0.0309722
2637	0.0309359
2638	0.0309033
2639	0.0308754
2640	0.0308484
2641	0.0308269
2642	0.0308058
2643	0.0307885
2644	0.0307742
2645	0.0307630
2646	0.0307596
2647	0.0307559
2648	0.0307544
2649	0.0307546
2650	0.0307571
2651	0.0307680
2652	0.0307798
2653	0.0307936
2654	0.0308079
2655	0.0308232
2656	0.0308383
2657	0.0308598
2658	0.0308804
2659	0.0308978
2660	0.0309158
2661	0.0309354
2662	0.0309561
2663	0.0309734
2664	0.0309945
2665	0.0310100
2666	0.0310268
2667	0.0310378
2668	0.0310562
2669	0.0310680
2670	0.0310741
2671	0.0310855
2672	0.0310936
2673	0.0311001
2674	0.0311053
2675	0.0311064
2676	0.0311064
2677	0.0311057
2678	0.0311045
2679	0.0310992
2680	0.0310905
2681	0.0310806
2682	0.0310691
2683	0.0310576
2684	0.0310408
2685	0.0310231
2686	0.0310050
2687	0.0309813
2688	0.0309574
2689	0.0309336
2690	0.0309033
2691	0.0308730
2692	0.0308436
2693	0.0308075
2694	0.0307766
2695	0.0307364
2696	0.0307001
2697	0.0306630
2698	0.0306224
2699	0.0305832
2700	0.0305439
2701	0.0305047
2702	0.0304593
2703	0.0304141
2704	0.0303695
2705	0.0303264
2706	0.0302867
2707	0.0302471
2708	0.0302015
2709	0.0301598
2710	0.0301242
2711	0.0300853
2712	0.0300492
2713	0.0300153
2714	0.0299852
2715	0.0299552
2716	0.0299272
2717	0.0299028
2718	0.0298807
2719	0.0298613
2720	0.0298440
2721	0.0298285
2722	0.0298158
2723	0.0298048
2724	0.0297974
2725	0.0297913
2726	0.0297910
2727	0.0297855
2728	0.0297832
2729	0.0297799
2730	0.0297800
2731	0.0297809
2732	0.0297818
2733	0.0297830
2734	0.0297873
2735	0.0297924
2736	0.0297939
2737	0.0297954
2738	0.0298006
2739	0.0298034
2740	0.0298062
2741	0.0298105
2742	0.0298113
2743	0.0298115
2744	0.0298136
2745	0.0298148
2746	0.0298148
2747	0.0298134
2748	0.0298122
2749	0.0298110
2750	0.0298101
2751	0.0298082
2752	0.0298008
2753	0.0297961
2754	0.0297870
2755	0.0297822
2756	0.0297771
2757	0.0297659
2758	0.0297535
2759	0.0297417
2760	0.0297293
2761	0.0297170
2762	0.0297079
2763	0.0296903
2764	0.0296728
2765	0.0296542
2766	0.0296376
2767	0.0296135
2768	0.0295944
2769	0.0295703
2770	0.0295452
2771	0.0295188
2772	0.0294945
2773	0.0294698
2774	0.0294471
2775	0.0294220
2776	0.0293933
2777	0.0293691
2778	0.0293469
2779	0.0293211
2780	0.0292978
2781	0.0292786
2782	0.0292610
2783	0.0292433
2784	0.0292296
2785	0.0292189
2786	0.0292095
2787	0.0292031
2788	0.0291993
2789	0.0291959
2790	0.0291962
2791	0.0291981
2792	0.0291984
2793	0.0292084
2794	0.0292188
2795	0.0292263
2796	0.0292339
2797	0.0292500
2798	0.0292648
2799	0.0292784
2800	0.0292934
2801	0.0293082
2802	0.0293239
2803	0.0293388
2804	0.0293524
2805	0.0293681
2806	0.0293779
2807	0.0293910
2808	0.0294021
2809	0.0294132
2810	0.0294239
2811	0.0294317
2812	0.0294390
2813	0.0294470
2814	0.0294505
2815	0.0294524
2816	0.0294581
2817	0.0294595
2818	0.0294622
2819	0.0294622
2820	0.0294594
2821	0.0294582
2822	0.0294569
2823	0.0294506
2824	0.0294490
2825	0.0294420
2826	0.0294338
2827	0.0294280
2828	0.0294197
2829	0.0294106
2830	0.0294057
2831	0.0293949
2832	0.0293841
2833	0.0293743
2834	0.0293663
2835	0.0293545
2836	0.0293423
2837	0.0293329
2838	0.0293199
2839	0.0293104
2840	0.0292979
2841	0.0292868
2842	0.0292775
2843	0.0292673
2844	0.0292580
2845	0.0292520
2846	0.0292459
2847	0.0292372
2848	0.0292357
2849	0.0292348
2850	0.0292340
2851	0.0292337
2852	0.0292345
2853	0.0292401
2854	0.0292440
2855	0.0292534
2856	0.0292645
2857	0.0292752
2858	0.0292874
2859	0.0292998
2860	0.0293171
2861	0.0293337
2862	0.0293521
2863	0.0293710
2864	0.0293899
2865	0.0294083
2866	0.0294308
2867	0.0294552
2868	0.0294770
2869	0.0294963
2870	0.0295180
2871	0.0295375
2872	0.0295547
2873	0.0295708
2874	0.0295883
2875	0.0296070
2876	0.0296253
2877	0.0296384
2878	0.0296414
2879	0.0296616
2880	0.0296759
2881	0.0296848
2882	0.0296955
2883	0.0297069
2884	0.0297122
2885	0.0297137
2886	0.0297213
2887	0.0297234
2888	0.0297273
2889	0.0297285
2890	0.0297296
2891	0.0297293
2892	0.0297288
2893	0.0297273
2894	0.0297198
2895	0.0297144
2896	0.0297098
2897	0.0296975
2898	0.0296922
2899	0.0296799
2900	0.0296670
2901	0.0296528
2902	0.0296392
2903	0.0296244
2904	0.0296056
2905	0.0295864
2906	0.0295685
2907	0.0295483
2908	0.0295272
2909	0.0295066
2910	0.0294857
2911	0.0294658
2912	0.0294413
2913	0.0294176
2914	0.0293939
2915	0.0293708
2916	0.0293496
2917	0.0293311
2918	0.0293126
2919	0.0292951
2920	0.0292779
2921	0.0292624
2922	0.0292523
2923	0.0292377
2924	0.0292274
2925	0.0292199
2926	0.0292139
2927	0.0292110
2928	0.0292094
2929	0.0292097
2930	0.0292102
2931	0.0292163
2932	0.0292195
2933	0.0292299
2934	0.0292375
2935	0.0292505
2936	0.0292619
2937	0.0292727
2938	0.0292823
2939	0.0292951
2940	0.0293045
2941	0.0293213
2942	0.0293338
2943	0.0293463
2944	0.0293568
2945	0.0293699
2946	0.0293810
2947	0.0293886
2948	0.0293982
2949	0.0294058
2950	0.0294133
2951	0.0294149
2952	0.0294244
2953	0.0294285
2954	0.0294327
2955	0.0294330
2956	0.0294358
2957	0.0294368
2958	0.0294366
2959	0.0294366
2960	0.0294336
2961	0.0294317
2962	0.0294285
2963	0.0294268
2964	0.0294210
2965	0.0294150
2966	0.0294076
2967	0.0294068
2968	0.0293974
2969	0.0293883
2970	0.0293793
2971	0.0293743
2972	0.0293726
2973	0.0293580
2974	0.0293475
2975	0.0293432
2976	0.0293301
2977	0.0293204
2978	0.0293118
2979	0.0293023
2980	0.0292902
2981	0.0292798
2982	0.0292734
2983	0.0292602
2984	0.0292518
2985	0.0292420
2986	0.0292281
2987	0.0292212
2988	0.0292065
2989	0.0291963
2990	0.0291881
2991	0.0291772
2992	0.0291667
2993	0.0291558
2994	0.0291469
2995	0.0291379
2996	0.0291303
2997	0.0291167
2998	0.0291083
2999	0.0290968
3000	0.0290900
3001	0.0290791
3002	0.0290674
3003	0.0290570
3004	0.0290479
3005	0.0290388
3006	0.0290293
3007	0.0290222
3008	0.0290111
3009	0.0290019
3010	0.0289915
3011	0.0289846
3012	0.0289738
3013	0.0289660
3014	0.0289565
3015	0.0289476
3016	0.0289403
3017	0.0289329
3018	0.0289229
3019	0.0289179
3020	0.0289112
3021	0.0288986
3022	0.0288894
3023	0.0288830
3024	0.0288766
3025	0.0288689
3026	0.0288628
3027	0.0288567
3028	0.0288496
3029	0.0288401
3030	0.0288342
3031	0.0288265
3032	0.0288176
3033	0.0288109
3034	0.0288067
3035	0.0287979
3036	0.0287908
3037	0.0287848
3038	0.0287783
3039	0.0287731
3040	0.0287673
3041	0.0287588
3042	0.0287542
3043	0.0287495
3044	0.0287424
3045	0.0287368
3046	0.0287329
3047	0.0287280
3048	0.0287242
3049	0.0287193
3050	0.0287144
3051	0.0287089
3052	0.0287024
3053	0.0286975
3054	0.0286937
3055	0.0286893
3056	0.0286881
3057	0.0286832
3058	0.0286817
3059	0.0286769
3060	0.0286724
3061	0.0286679
3062	0.0286652
3063	0.0286642
3064	0.0286601
3065	0.0286573
3066	0.0286565
3067	0.0286535
3068	0.0286503
3069	0.0286486
3070	0.0286446
3071	0.0286436
3072	0.0286432
3073	0.0286409
3074	0.0286406
3075	0.0286403
3076	0.0286402
3077	0.0286366
3078	0.0286364
3079	0.0286336
3080	0.0286309
3081	0.0286299
3082	0.0286296
3083	0.0286292
3084	0.0286284
3085	0.0286271
3086	0.0286269
3087	0.0286270
3088	0.0286270
3089	0.0286269
3090	0.0286269
3091	0.0286266
3092	0.0286264
3093	0.0286259
3094	0.0286260
3095	0.0286257
3096	0.0286256
3097	0.0286256
3098	0.0286257
3099	0.0286250
3100	0.0286237
3101	0.0286240
3102	0.0286243
3103	0.0286245
3104	0.0286248
3105	0.0286248
3106	0.0286249
3107	0.0286249
3108	0.0286250
3109	0.0286242
3110	0.0286243
3111	0.0286246
3112	0.0286245
3113	0.0286245
3114	0.0286249
3115	0.0286247
3116	0.0286237
3117	0.0286238
3118	0.0286238
3119	0.0286238
3120	0.0286243
3121	0.0286237
3122	0.0286231
3123	0.0286225
3124	0.0286221
3125	0.0286219
3126	0.0286218
3127	0.0286213
3128	0.0286213
3129	0.0286208
3130	0.0286205
3131	0.0286202
3132	0.0286196
3133	0.0286183
3134	0.0286180
3135	0.0286162
3136	0.0286152
3137	0.0286144
3138	0.0286126
3139	0.0286111
3140	0.0286110
3141	0.0286087
3142	0.0286089
3143	0.0286089
3144	0.0286056
3145	0.0286050
3146	0.0286030
3147	0.0286028
3148	0.0286006
3149	0.0285991
3150	0.0285975
3151	0.0285957
3152	0.0285952
3153	0.0285922
3154	0.0285919
3155	0.0285897
3156	0.0285875
3157	0.0285863
3158	0.0285845
3159	0.0285832
3160	0.0285812
3161	0.0285793
3162	0.0285762
3163	0.0285751
3164	0.0285740
3165	0.0285699
3166	0.0285683
3167	0.0285660
3168	0.0285635
3169	0.0285628
3170	0.0285621
3171	0.0285614
3172	0.0285613
3173	0.0285560
3174	0.0285547
3175	0.0285514
3176	0.0285482
3177	0.0285471
3178	0.0285438
3179	0.0285424
3180	0.0285383
3181	0.0285347
3182	0.0285333
3183	0.0285323
3184	0.0285274
3185	0.0285249
3186	0.0285235
3187	0.0285230
3188	0.0285191
3189	0.0285178
3190	0.0285172
3191	0.0285149
3192	0.0285111
3193	0.0285091
3194	0.0285054
3195	0.0285029
3196	0.0285006
3197	0.0284986
3198	0.0284955
3199	0.0284946
3200	0.0284927
3201	0.0284905
3202	0.0284874
3203	0.0284863
3204	0.0284813
3205	0.0284795
3206	0.0284777
3207	0.0284765
3208	0.0284715
3209	0.0284676
3210	0.0284674
3211	0.0284630
3212	0.0284628
3213	0.0284599
3214	0.0284549
3215	0.0284537
3216	0.0284524
3217	0.0284481
3218	0.0284476
3219	0.0284423
3220	0.0284403
3221	0.0284397
3222	0.0284362
3223	0.0284340
3224	0.0284305
3225	0.0284288
3226	0.0284277
3227	0.0284257
3228	0.0284209
3229	0.0284176
3230	0.0284146
3231	0.0284143
3232	0.0284101
3233	0.0284083
3234	0.0284062
3235	0.0284054
3236	0.0284012
3237	0.0283971
3238	0.0283956
3239	0.0283929
3240	0.0283919
3241	0.0283885
3242	0.0283860
3243	0.0283835
3244	0.0283812
3245	0.0283787
3246	0.0283762
3247	0.0283734
3248	0.0283707
3249	0.0283681
3250	0.0283647
3251	0.0283635
3252	0.0283617
3253	0.0283593
3254	0.0283564
3255	0.0283549
3256	0.0283528
3257	0.0283512
3258	0.0283481
3259	0.0283450
3260	0.0283426
3261	0.0283409
3262	0.0283392
3263	0.0283367
3264	0.0283327
3265	0.0283295
3266	0.0283292
3267	0.0283246
3268	0.0283244
3269	0.0283224
3270	0.0283197
3271	0.0283189
3272	0.0283153
3273	0.0283132
3274	0.0283127
3275	0.0283071
3276	0.0283061
3277	0.0283045
3278	0.0283006
3279	0.0282992
3280	0.0282978
3281	0.0282942
3282	0.0282928
3283	0.0282895
3284	0.0282862
3285	0.0282853
3286	0.0282829
3287	0.0282801
3288	0.0282795
3289	0.0282766
3290	0.0282764
3291	0.0282739
3292	0.0282716
3293	0.0282700
3294	0.0282696
3295	0.0282631
3296	0.0282624
3297	0.0282589
3298	0.0282575
3299	0.0282560
3300	0.0282524
3301	0.0282519
3302	0.0282503
3303	0.0282477
3304	0.0282466
3305	0.0282449
3306	0.0282441
3307	0.0282411
3308	0.0282411
3309	0.0282409
3310	0.0282372
3311	0.0282338
3312	0.0282328
3313	0.0282317
3314	0.0282309
3315	0.0282266
3316	0.0282238
3317	0.0282234
3318	0.0282213
3319	0.0282210
3320	0.0282179
3321	0.0282167
3322	0.0282155
3323	0.0282120
3324	0.0282107
3325	0.0282099
3326	0.0282094
3327	0.0282086
3328	0.0282056
3329	0.0282047
3330	0.0282013
3331	0.0281997
3332	0.0281986
3333	0.0281964
3334	0.0281951
3335	0.0281939
3336	0.0281927
3337	0.0281918
3338	0.0281896
3339	0.0281889
3340	0.0281882
3341	0.0281875
3342	0.0281832
3343	0.0281818
3344	0.0281804
3345	0.0281781
3346	0.0281780
3347	0.0281779
3348	0.0281777
3349	0.0281768
3350	0.0281737
3351	0.0281731
3352	0.0281691
3353	0.0281691
3354	0.0281688
3355	0.0281671
3356	0.0281667
3357	0.0281666
3358	0.0281661
3359	0.0281640
3360	0.0281627
3361	0.0281607
3362	0.0281604
3363	0.0281602
3364	0.0281555
3365	0.0281549
3366	0.0281541
3367	0.0281526
3368	0.0281525
3369	0.0281504
3370	0.0281497
3371	0.0281489
3372	0.0281474
3373	0.0281461
3374	0.0281454
3375	0.0281452
3376	0.0281437
3377	0.0281434
3378	0.0281424
3379	0.0281416
3380	0.0281392
3381	0.0281367
3382	0.0281372
3383	0.0281364
3384	0.0281356
3385	0.0281347
3386	0.0281335
3387	0.0281330
3388	0.0281329
3389	0.0281316
3390	0.0281313
3391	0.0281310
3392	0.0281267
3393	0.0281266
3394	0.0281250
3395	0.0281241
3396	0.0281236
3397	0.0281235
3398	0.0281208
3399	0.0281203
3400	0.0281191
3401	0.0281193
3402	0.0281181
3403	0.0281181
3404	0.0281171
3405	0.0281151
3406	0.0281150
3407	0.0281147
3408	0.0281139
3409	0.0281139
3410	0.0281120
3411	0.0281083
3412	0.0281088
3413	0.0281083
3414	0.0281076
3415	0.0281051
3416	0.0281040
3417	0.0281039
3418	0.0281040
3419	0.0281039
3420	0.0281036
3421	0.0281021
3422	0.0281008
3423	0.0280997
3424	0.0280996
3425	0.0280996
3426	0.0280994
3427	0.0280969
3428	0.0280966
3429	0.0280961
3430	0.0280961
3431	0.0280961
3432	0.0280956
3433	0.0280941
3434	0.0280932
3435	0.0280923
3436	0.0280910
3437	0.0280905
3438	0.0280884
3439	0.0280889
3440	0.0280890
3441	0.0280889
3442	0.0280888
3443	0.0280883
3444	0.0280867
3445	0.0280858
3446	0.0280851
3447	0.0280851
3448	0.0280822
3449	0.0280814
3450	0.0280810
3451	0.0280805
3452	0.0280806
3453	0.0280800
3454	0.0280798
3455	0.0280796
3456	0.0280791
3457	0.0280787
3458	0.0280787
3459	0.0280772
3460	0.0280769
3461	0.0280766
3462	0.0280767
3463	0.0280767
3464	0.0280766
3465	0.0280765
3466	0.0280763
3467	0.0280738
3468	0.0280735
3469	0.0280735
3470	0.0280732
3471	0.0280713
3472	0.0280712
3473	0.0280711
3474	0.0280711
3475	0.0280711
3476	0.0280696
3477	0.0280689
3478	0.0280690
3479	0.0280688
3480	0.0280688
3481	0.0280682
3482	0.0280677
3483	0.0280677
3484	0.0280664
3485	0.0280661
3486	0.0280663
3487	0.0280661
3488	0.0280660
3489	0.0280648
3490	0.0280649
3491	0.0280649
3492	0.0280650
3493	0.0280648
3494	0.0280649
3495	0.0280645
3496	0.0280644
3497	0.0280631
3498	0.0280632
3499	0.0280630
3500	0.0280624
3501	0.0280620
3502	0.0280620
3503	0.0280622
3504	0.0280642
3505	0.0280641
3506	0.0280620
3507	0.0280614
3508	0.0280617
3509	0.0280619
3510	0.0280613
3511	0.0280615
3512	0.0280613
3513	0.0280609
3514	0.0280613
3515	0.0280627
3516	0.0280625
3517	0.0280622
3518	0.0280620
3519	0.0280620
3520	0.0280615
3521	0.0280613
3522	0.0280608
3523	0.0280610
3524	0.0280615
3525	0.0280616
3526	0.0280627
3527	0.0280625
3528	0.0280607
3529	0.0280619
3530	0.0280642
3531	0.0280637
3532	0.0280626
3533	0.0280626
3534	0.0280621
3535	0.0280623
3536	0.0280623
3537	0.0280626
3538	0.0280629
3539	0.0280628
3540	0.0280629
3541	0.0280637
3542	0.0280638
3543	0.0280637
3544	0.0280641
3545	0.0280637
3546	0.0280641
3547	0.0280637
3548	0.0280638
3549	0.0280638
3550	0.0280637
3551	0.0280638
3552	0.0280648
3553	0.0280651
3554	0.0280647
3555	0.0280646
3556	0.0280636
3557	0.0280639
3558	0.0280655
3559	0.0280657
3560	0.0280657
3561	0.0280662
3562	0.0280652
3563	0.0280652
3564	0.0280641
3565	0.0280641
3566	0.0280652
3567	0.0280652
3568	0.0280658
3569	0.0280660
3570	0.0280664
3571	0.0280671
3572	0.0280669
3573	0.0280670
3574	0.0280669
3575	0.0280670
3576	0.0280667
3577	0.0280665
3578	0.0280663
3579	0.0280661
3580	0.0280660
3581	0.0280658
3582	0.0280657
3583	0.0280646
3584	0.0280646
3585	0.0280647
3586	0.0280647
3587	0.0280649
3588	0.0280651
3589	0.0280652
3590	0.0280652
3591	0.0280653
3592	0.0280656
3593	0.0280664
3594	0.0280667
3595	0.0280667
3596	0.0280667
3597	0.0280668
3598	0.0280665
3599	0.0280667
3600	0.0280667
3601	0.0280667
3602	0.0280667
3603	0.0280662
3604	0.0280660
3605	0.0280672
3606	0.0280671
3607	0.0280664
3608	0.0280665
3609	0.0280664
3610	0.0280666
3611	0.0280666
3612	0.0280666
3613	0.0280673
3614	0.0280660
3615	0.0280651
3616	0.0280653
3617	0.0280648
3618	0.0280655
3619	0.0280665
3620	0.0280666
3621	0.0280668
3622	0.0280663
3623	0.0280661
3624	0.0280657
3625	0.0280658
3626	0.0280663
3627	0.0280672
3628	0.0280672
3629	0.0280685
3630	0.0280682
3631	0.0280679
3632	0.0280677
3633	0.0280677
3634	0.0280669
3635	0.0280669
3636	0.0280668
3637	0.0280666
3638	0.0280663
3639	0.0280662
3640	0.0280661
3641	0.0280662
3642	0.0280662
3643	0.0280661
3644	0.0280656
3645	0.0280658
3646	0.0280663
3647	0.0280670
3648	0.0280671
3649	0.0280671
3650	0.0280670
3651	0.0280667
3652	0.0280671
3653	0.0280676
3654	0.0280660
3655	0.0280666
3656	0.0280668
3657	0.0280668
3658	0.0280657
3659	0.0280656
3660	0.0280658
3661	0.0280659
3662	0.0280659
3663	0.0280659
3664	0.0280659
3665	0.0280667
3666	0.0280666
3667	0.0280666
3668	0.0280669
3669	0.0280671
3670	0.0280664
3671	0.0280672
3672	0.0280670
3673	0.0280670
3674	0.0280672
3675	0.0280680
3676	0.0280674
3677	0.0280678
3678	0.0280678
3679	0.0280673
3680	0.0280669
3681	0.0280670
3682	0.0280670
3683	0.0280664
3684	0.0280663
3685	0.0280664
3686	0.0280664
3687	0.0280660
3688	0.0280660
3689	0.0280660
3690	0.0280659
3691	0.0280653
3692	0.0280656
3693	0.0280659
3694	0.0280662
3695	0.0280678
3696	0.0280677
3697	0.0280673
3698	0.0280674
3699	0.0280679
3700	0.0280683
3701	0.0280686
3702	0.0280697
3703	0.0280694
3704	0.0280693
3705	0.0280692
3706	0.0280691
3707	0.0280690
3708	0.0280690
3709	0.0280704
3710	0.0280704
3711	0.0280699
3712	0.0280700
3713	0.0280705
3714	0.0280704
3715	0.0280699
3716	0.0280699
3717	0.0280697
3718	0.0280699
3719	0.0280712
3720	0.0280711
3721	0.0280712
3722	0.0280713
3723	0.0280712
3724	0.0280713
3725	0.0280713
3726	0.0280710
3727	0.0280711
3728	0.0280723
3729	0.0280724
3730	0.0280723
3731	0.0280721
3732	0.0280721
3733	0.0280720
3734	0.0280717
3735	0.0280713
3736	0.0280720
3737	0.0280722
3738	0.0280728
3739	0.0280728
3740	0.0280726
3741	0.0280722
3742	0.0280706
3743	0.0280708
3744	0.0280706
3745	0.0280707
3746	0.0280711
3747	0.0280714
3748	0.0280705
3749	0.0280707
3750	0.0280703
3751	0.0280707
3752	0.0280707
3753	0.0280706
3754	0.0280706
3755	0.0280706
3756	0.0280706
3757	0.0280709
3758	0.0280713
3759	0.0280718
3760	0.0280718
3761	0.0280718
3762	0.0280716
3763	0.0280699
3764	0.0280697
3765	0.0280698
3766	0.0280699
3767	0.0280713
3768	0.0280712
3769	0.0280711
3770	0.0280709
3771	0.0280714
3772	0.0280713
3773	0.0280703
3774	0.0280712
3775	0.0280711
3776	0.0280711
3777	0.0280717
3778	0.0280715
3779	0.0280716
3780	0.0280721
3781	0.0280725
3782	0.0280734
3783	0.0280735
3784	0.0280745
3785	0.0280752
3786	0.0280759
3787	0.0280763
3788	0.0280764
3789	0.0280765
3790	0.0280802
3791	0.0280805
3792	0.0280806
3793	0.0280827
3794	0.0280844
3795	0.0280854
3796	0.0280872
3797	0.0280877
3798	0.0280877
3799	0.0280894
3800	0.0280919
3801	0.0280941
3802	0.0280964
3803	0.0281015
3804	0.0281024
3805	0.0281097
3806	0.0281143
3807	0.0281213
3808	0.0281315
3809	0.0281413
3810	0.0281508
3811	0.0281616
3812	0.0281747
3813	0.0281938
3814	0.0282158
3815	0.0282367
3816	0.0282597
3817	0.0282882
3818	0.0283160
3819	0.0283469
3820	0.0283778
3821	0.0284141
3822	0.0284457
3823	0.0284915
3824	0.0285282
3825	0.0285766
3826	0.0286234
3827	0.0286672
3828	0.0287111
3829	0.0287634
3830	0.0288092
3831	0.0288551
3832	0.0289029
3833	0.0289507
3834	0.0290091
3835	0.0290494
3836	0.0290897
3837	0.0291339
3838	0.0291781
3839	0.0292184
3840	0.0292569
3841	0.0292945
3842	0.0293322
3843	0.0293699
3844	0.0294012
3845	0.0294260
3846	0.0294535
3847	0.0294767
3848	0.0294997
3849	0.0295227
3850	0.0295416
3851	0.0295577
3852	0.0295680
3853	0.0295797
3854	0.0295917
3855	0.0295998
3856	0.0296050
3857	0.0296078
3858	0.0296111
3859	0.0296110
3860	0.0296092
3861	0.0296075
3862	0.0296010
3863	0.0295911
3864	0.0295806
3865	0.0295690
3866	0.0295583
3867	0.0295458
3868	0.0295279
3869	0.0295130
3870	0.0294958
3871	0.0294772
3872	0.0294583
3873	0.0294412
3874	0.0294217
3875	0.0294041
3876	0.0293882
3877	0.0293739
3878	0.0293571
3879	0.0293471
3880	0.0293371
3881	0.0293287
3882	0.0293223
3883	0.0293175
3884	0.0293119
3885	0.0293103
3886	0.0293110
3887	0.0293133
3888	0.0293186
3889	0.0293272
3890	0.0293359
3891	0.0293512
3892	0.0293636
3893	0.0293739
3894	0.0293886
3895	0.0294053
3896	0.0294218
3897	0.0294374
3898	0.0294554
3899	0.0294711
3900	0.0294876
3901	0.0294997
3902	0.0295192
3903	0.0295371
3904	0.0295516
3905	0.0295675
3906	0.0295800
3907	0.0295919
3908	0.0296043
3909	0.0296151
3910	0.0296255
3911	0.0296347
3912	0.0296423
3913	0.0296526
3914	0.0296604
3915	0.0296654
3916	0.0296728
3917	0.0296781
3918	0.0296826
3919	0.0296855
3920	0.0296886
3921	0.0296914
3922	0.0296937
3923	0.0296951
3924	0.0296976
3925	0.0296985
3926	0.0296994
3927	0.0296988
3928	0.0296988
3929	0.0296976
3930	0.0296970
3931	0.0296967
3932	0.0296934
3933	0.0296931
3934	0.0296891
3935	0.0296885
3936	0.0296858
3937	0.0296826
3938	0.0296771
3939	0.0296753
3940	0.0296717
3941	0.0296681
3942	0.0296631
3943	0.0296589
3944	0.0296519
3945	0.0296478
3946	0.0296449
3947	0.0296368
3948	0.0296325
3949	0.0296284
3950	0.0296233
3951	0.0296187
3952	0.0296107
3953	0.0296064
3954	0.0296013
3955	0.0295922
3956	0.0295869
3957	0.0295814
3958	0.0295739
3959	0.0295687
3960	0.0295619
3961	0.0295520
3962	0.0295469
3963	0.0295381
3964	0.0295311
3965	0.0295231
3966	0.0295195
3967	0.0295106
3968	0.0295044
3969	0.0294949
3970	0.0294874
3971	0.0294788
3972	0.0294718
3973	0.0294615
3974	0.0294552
3975	0.0294521
3976	0.0294392
3977	0.0294291
3978	0.0294232
3979	0.0294157
3980	0.0294054
3981	0.0293988
3982	0.0293905
3983	0.0293794
3984	0.0293735
3985	0.0293641
3986	0.0293554
3987	0.0293474
3988	0.0293417
3989	0.0293308
3990	0.0293237
3991	0.0293136
3992	0.0293049
3993	0.0293024
3994	0.0292891
3995	0.0292788
3996	0.0292717
3997	0.0292616
3998	0.0292528
3999	0.0292428
4000	0.0292376
4001	0.0292266
4002	0.0292177
4003	0.0292088
4004	0.0291994
4005	0.0291904
4006	0.0291821
4007	0.0291789
4008	0.0291643
4009	0.0291572
4010	0.0291445
4011	0.0291348
4012	0.0291297
4013	0.0291215
4014	0.0291077
4015	0.0290972
4016	0.0290895
4017	0.0290780
4018	0.0290743
4019	0.0290624
4020	0.0290520
4021	0.0290409
4022	0.0290308
4023	0.0290223
4024	0.0290139
4025	0.0290030
4026	0.0289919
4027	0.0289838
4028	0.0289746
4029	0.0289660
4030	0.0289576
4031	0.0289460
4032	0.0289356
4033	0.0289268
4034	0.0289180
4035	0.0289090
4036	0.0288992
4037	0.0288896
4038	0.0288829
4039	0.0288718
4040	0.0288615
4041	0.0288529
4042	0.0288432
4043	0.0288340
4044	0.0288252
4045	0.0288169
4046	0.0288084
4047	0.0287992
4048	0.0287898
4049	0.0287824
4050	0.0287707
4051	0.0287641
4052	0.0287548
4053	0.0287448
4054	0.0287356
4055	0.0287274
4056	0.0287189
4057	0.0287114
4058	0.0287021
4059	0.0286936
4060	0.0286835
4061	0.0286770
4062	0.0286687
4063	0.0286639
4064	0.0286533
4065	0.0286451
4066	0.0286361
4067	0.0286271
4068	0.0286189
4069	0.0286108
4070	0.0286029
4071	0.0286024
4072	0.0285894
4073	0.0285799
4074	0.0285719
4075	0.0285640
4076	0.0285596
4077	0.0285524
4078	0.0285425
4079	0.0285344
4080	0.0285278
4081	0.0285194
4082	0.0285131
4083	0.0285096
4084	0.0284996
4085	0.0284904
4086	0.0284863
4087	0.0284794
4088	0.0284703
4089	0.0284638
4090	0.0284612
4091	0.0284520
4092	0.0284485
4093	0.0284369
4094	0.0284301
4095	0.0284233
4096	0.0284166
4097	0.0284090
4098	0.0284025
4099	0.0283960
4100	0.0283906
4101	0.0283839
4102	0.0283820
4103	0.0283727
4104	0.0283703
4105	0.0283622
4106	0.0283537
4107	0.0283503
4108	0.0283440
4109	0.0283370
4110	0.0283339
4111	0.0283265
4112	0.0283199
4113	0.0283155
4114	0.0283102
4115	0.0283084
4116	0.0283000
4117	0.0282954
4118	0.0282904
4119	0.0282838
4120	0.0282811
4121	0.0282759
4122	0.0282706
4123	0.0282661
4124	0.0282614
4125	0.0282554
4126	0.0282513
4127	0.0282440
4128	0.0282395
4129	0.0282360
4130	0.0282329
4131	0.0282273
4132	0.0282231
4133	0.0282189
4134	0.0282166
4135	0.0282097
4136	0.0282059
4137	0.0282021
4138	0.0281991
4139	0.0281955
4140	0.0281926
4141	0.0281873
4142	0.0281855
4143	0.0281827
4144	0.0281788
4145	0.0281772
4146	0.0281741
4147	0.0281679
4148	0.0281644
4149	0.0281599
4150	0.0281563
4151	0.0281561
4152	0.0281558
4153	0.0281489
4154	0.0281455
4155	0.0281447
4156	0.0281384
4157	0.0281369
4158	0.0281321
4159	0.0281306
4160	0.0281264
4161	0.0281253
4162	0.0281242
4163	0.0281208
4164	0.0281176
4165	0.0281166
4166	0.0281139
4167	0.0281129
4168	0.0281096
4169	0.0281069
4170	0.0281057
4171	0.0281049
4172	0.0281003
4173	0.0280994
4174	0.0280972
4175	0.0280951
4176	0.0280932
4177	0.0280913
4178	0.0280911
4179	0.0280879
4180	0.0280867
4181	0.0280861
4182	0.0280826
4183	0.0280826
4184	0.0280825
4185	0.0280799
4186	0.0280796
4187	0.0280761
4188	0.0280746
4189	0.0280730
4190	0.0280714
4191	0.0280709
4192	0.0280685
4193	0.0280681
4194	0.0280663
4195	0.0280662
4196	0.0280636
4197	0.0280615
4198	0.0280614
4199	0.0280609
4200	0.0280606
4201	0.0280603
4202	0.0280600
4203	0.0280596
4204	0.0280568
4205	0.0280563
4206	0.0280524
4207	0.0280521
4208	0.0280517
4209	0.0280517
4210	0.0280517
4211	0.0280507
4212	0.0280507
4213	0.0280495
4214	0.0280477
4215	0.0280480
4216	0.0280478
4217	0.0280473
4218	0.0280449
4219	0.0280450
4220	0.0280459
4221	0.0280454
4222	0.0280433
4223	0.0280441
4224	0.0280441
4225	0.0280441
4226	0.0280452
4227	0.0280443
4228	0.0280441
4229	0.0280439
4230	0.0280425
4231	0.0280424
4232	0.0280421
4233	0.0280418
4234	0.0280421
4235	0.0280426
4236	0.0280426
4237	0.0280424
4238	0.0280424
4239	0.0280425
4240	0.0280427
4241	0.0280442
4242	0.0280451
4243	0.0280450
4244	0.0280448
4245	0.0280447
4246	0.0280440
4247	0.0280441
4248	0.0280450
4249	0.0280440
4250	0.0280439
4251	0.0280439
4252	0.0280442
4253	0.0280442
4254	0.0280444
4255	0.0280446
4256	0.0280446
4257	0.0280463
4258	0.0280481
4259	0.0280481
4260	0.0280471
4261	0.0280478
4262	0.0280483
4263	0.0280483
4264	0.0280484
4265	0.0280484
4266	0.0280485
4267	0.0280488
4268	0.0280490
4269	0.0280492
4270	0.0280493
4271	0.0280504
4272	0.0280498
4273	0.0280506
4274	0.0280506
4275	0.0280504
4276	0.0280502
4277	0.0280508
4278	0.0280520
4279	0.0280522
4280	0.0280529
4281	0.0280526
4282	0.0280525
4283	0.0280529
4284	0.0280528
4285	0.0280518
4286	0.0280515
4287	0.0280514
4288	0.0280515
4289	0.0280519
4290	0.0280520
4291	0.0280518
4292	0.0280519
4293	0.0280526
4294	0.0280525
4295	0.0280525
4296	0.0280523
4297	0.0280513
4298	0.0280511
4299	0.0280511
4300	0.0280519
4301	0.0280523
4302	0.0280532
4303	0.0280545
4304	0.0280541
4305	0.0280543
4306	0.0280546
4307	0.0280548
4308	0.0280550
4309	0.0280551
4310	0.0280556
4311	0.0280559
4312	0.0280557
4313	0.0280554
4314	0.0280554
4315	0.0280554
4316	0.0280549
4317	0.0280549
4318	0.0280557
4319	0.0280557
4320	0.0280557
4321	0.0280558
4322	0.0280558
4323	0.0280559
4324	0.0280557
4325	0.0280558
4326	0.0280558
4327	0.0280557
4328	0.0280556
4329	0.0280554
4330	0.0280553
4331	0.0280561
4332	0.0280560
4333	0.0280559
4334	0.0280558
4335	0.0280558
4336	0.0280560
4337	0.0280565
4338	0.0280565
4339	0.0280565
4340	0.0280544
4341	0.0280543
4342	0.0280552
4343	0.0280549
4344	0.0280551
4345	0.0280556
4346	0.0280556
4347	0.0280557
4348	0.0280551
4349	0.0280552
4350	0.0280552
4351	0.0280550
4352	0.0280550
4353	0.0280551
4354	0.0280551
4355	0.0280552
4356	0.0280553
4357	0.0280552
4358	0.0280552
4359	0.0280553
4360	0.0280558
4361	0.0280559
4362	0.0280569
4363	0.0280570
4364	0.0280570
4365	0.0280571
4366	0.0280571
4367	0.0280563
4368	0.0280564
4369	0.0280579
4370	0.0280579
4371	0.0280582
4372	0.0280581
4373	0.0280575
4374	0.0280575
4375	0.0280579
4376	0.0280587
4377	0.0280586
4378	0.0280589
4379	0.0280591
4380	0.0280592
4381	0.0280597
4382	0.0280595
4383	0.0280598
4384	0.0280607
4385	0.0280611
4386	0.0280610
4387	0.0280611
4388	0.0280606
4389	0.0280609
4390	0.0280603
4391	0.0280604
4392	0.0280602
4393	0.0280600
4394	0.0280599
4395	0.0280598
4396	0.0280601
4397	0.0280593
4398	0.0280589
4399	0.0280589
4400	0.0280587
4401	0.0280591
4402	0.0280610
4403	0.0280608
4404	0.0280607
4405	0.0280604
4406	0.0280605
4407	0.0280605
4408	0.0280608
4409	0.0280611
4410	0.0280608
4411	0.0280607
4412	0.0280596
4413	0.0280597
4414	0.0280599
4415	0.0280603
4416	0.0280602
4417	0.0280595
4418	0.0280596
4419	0.0280602
4420	0.0280592
4421	0.0280587
4422	0.0280586
4423	0.0280587
4424	0.0280586
4425	0.0280589
4426	0.0280591
4427	0.0280594
4428	0.0280597
4429	0.0280596
4430	0.0280598
4431	0.0280601
4432	0.0280603
4433	0.0280600
4434	0.0280598
4435	0.0280596
4436	0.0280599
4437	0.0280595
4438	0.0280591
4439	0.0280587
4440	0.0280587
4441	0.0280587
4442	0.0280589
4443	0.0280591
4444	0.0280591
4445	0.0280595
4446	0.0280588
4447	0.0280592
4448	0.0280604
4449	0.0280605
4450	0.0280606
4451	0.0280606
4452	0.0280609
4453	0.0280607
4454	0.0280612
4455	0.0280626
4456	0.0280626
4457	0.0280624
4458	0.0280624
4459	0.0280625
4460	0.0280632
4461	0.0280633
4462	0.0280637
4463	0.0280649
4464	0.0280655
4465	0.0280667
4466	0.0280671
4467	0.0280682
4468	0.0280689
4469	0.0280707
4470	0.0280742
4471	0.0280752
4472	0.0280765
4473	0.0280780
4474	0.0280783
4475	0.0280835
4476	0.0280865
4477	0.0280887
4478	0.0280942
4479	0.0280982
4480	0.0281053
4481	0.0281130
4482	0.0281180
4483	0.0281305
4484	0.0281451
4485	0.0281587
4486	0.0281727
4487	0.0281894
4488	0.0282114
4489	0.0282343
4490	0.0282572
4491	0.0282831
4492	0.0283125
4493	0.0283448
4494	0.0283771
4495	0.0284151
4496	0.0284500
4497	0.0284849
4498	0.0285282
4499	0.0285671
4500	0.0286177
4501	0.0286650
4502	0.0287095
4503	0.0287525
4504	0.0287956
4505	0.0288443
4506	0.0288929
4507	0.0289535
4508	0.0289807
4509	0.0290302
4510	0.0290675
4511	0.0291086
4512	0.0291492
4513	0.0291884
4514	0.0292252
4515	0.0292617
4516	0.0292922
4517	0.0293213
4518	0.0293500
4519	0.0293718
4520	0.0293970
4521	0.0294209
4522	0.0294429
4523	0.0294613
4524	0.0294759
4525	0.0294898
4526	0.0295001
4527	0.0295116
4528	0.0295230
4529	0.0295311
4530	0.0295355
4531	0.0295431
4532	0.0295457
4533	0.0295483
4534	0.0295509
4535	0.0295518
4536	0.0295526
4537	0.0295535
4538	0.0295538
4539	0.0295533
4540	0.0295507
4541	0.0295489
4542	0.0295468
4543	0.0295434
4544	0.0295389
4545	0.0295344
4546	0.0295314
4547	0.0295250
4548	0.0295230
4549	0.0295139
4550	0.0295084
4551	0.0295027
4552	0.0294967
4553	0.0294920
4554	0.0294845
4555	0.0294788
4556	0.0294733
4557	0.0294688
4558	0.0294601
4559	0.0294525
4560	0.0294453
4561	0.0294413
4562	0.0294300
4563	0.0294280
4564	0.0294179
4565	0.0294110
4566	0.0294046
4567	0.0293963
4568	0.0293869
4569	0.0293829
4570	0.0293756
4571	0.0293713
4572	0.0293636
4573	0.0293549
4574	0.0293499
4575	0.0293407
4576	0.0293321
4577	0.0293236
4578	0.0293138
4579	0.0293075
4580	0.0293057
4581	0.0292933
4582	0.0292887
4583	0.0292758
4584	0.0292678
4585	0.0292631
4586	0.0292533
4587	0.0292470
4588	0.0292378
4589	0.0292292
4590	0.0292190
4591	0.0292111
4592	0.0292035
4593	0.0291922
4594	0.0291856
4595	0.0291751
4596	0.0291653
4597	0.0291576
4598	0.0291447
4599	0.0291358
4600	0.0291244
4601	0.0291140
4602	0.0291049
4603	0.0290990
4604	0.0290856
4605	0.0290729
4606	0.0290622
4607	0.0290514
4608	0.0290405
4609	0.0290292
4610	0.0290208
4611	0.0290060
4612	0.0289963
4613	0.0289885
4614	0.0289732
4615	0.0289615
4616	0.0289477
4617	0.0289374
4618	0.0289215
4619	0.0289094
4620	0.0288976
4621	0.0288847
4622	0.0288737
4623	0.0288572
4624	0.0288429
4625	0.0288287
4626	0.0288170
4627	0.0288040
4628	0.0287924
4629	0.0287787
4630	0.0287642
4631	0.0287536
4632	0.0287390
4633	0.0287251
4634	0.0287131
4635	0.0286968
4636	0.0286822
4637	0.0286711
4638	0.0286549
4639	0.0286468
4640	0.0286291
4641	0.0286157
4642	0.0286023
4643	0.0285912
4644	0.0285763
4645	0.0285660
4646	0.0285477
4647	0.0285346
4648	0.0285216
4649	0.0285099
4650	0.0284950
4651	0.0284812
4652	0.0284680
4653	0.0284590
4654	0.0284471
4655	0.0284337
4656	0.0284254
4657	0.0284140
4658	0.0283881
4659	0.0283520
4660	0.0283159
4661	0.0282817
4662	0.0282499
4663	0.0282236
4664	0.0281987
4665	0.0281788
4666	0.0281584
4667	0.0281419
4668	0.0281266
4669	0.0281124
4670	0.0280985
4671	0.0280899
4672	0.0280793
4673	0.0280729
4674	0.0280671
4675	0.0280605
4676	0.0280554
4677	0.0280511
4678	0.0280477
4679	0.0280459
4680	0.0280437
4681	0.0280433
4682	0.0280416
4683	0.0280416
4684	0.0280427
4685	0.0280436
4686	0.0280455
4687	0.0280454
4688	0.0280467
4689	0.0280468
4690	0.0280476
4691	0.0280480
