x	y
1	-0.4545689
2	-0.4545689
3	-0.4552431
4	-0.4563650
5	-0.4573005
6	-0.4586022
7	-0.4600934
8	-0.4614704
9	-0.4624095
10	-0.4627666
11	-0.4629654
12	-0.4634934
13	-0.4638958
14	-0.4639288
15	-0.4641200
16	-0.4643598
17	-0.4644113
18	-0.4644878
19	-0.4648173
20	-0.4649527
21	-0.4649739
22	-0.4649459
23	-0.4649263
24	-0.4647289
25	-0.4647657
26	-0.4647363
27	-0.4643181
28	-0.4641722
29	-0.4639758
30	-0.4638819
31	-0.4635603
32	-0.4633955
33	-0.4633695
34	-0.4634498
35	-0.4634630
36	-0.4638573
37	-0.4639047
38	-0.4639520
39	-0.4642146
40	-0.4643901
41	-0.4646688
42	-0.4646836
43	-0.4646913
44	-0.4650250
45	-0.4650560
46	-0.4651265
47	-0.4651611
48	-0.4651820
49	-0.4651850
50	-0.4653129
51	-0.4651325
52	-0.4651931
53	-0.4654446
54	-0.4653740
55	-0.4653966
56	-0.4652912
57	-0.4653457
58	-0.4656035
59	-0.4656087
60	-0.4656022
61	-0.4655101
62	-0.4654606
63	-0.4654393
64	-0.4654393
65	-0.4654626
66	-0.4654708
67	-0.4654645
68	-0.4655992
69	-0.4656439
70	-0.4655365
71	-0.4655420
72	-0.4655326
73	-0.4653830
74	-0.4651182
75	-0.4651358
76	-0.4652071
77	-0.4653734
78	-0.4654299
79	-0.4654480
80	-0.4653285
81	-0.4651533
82	-0.4652376
83	-0.4652828
84	-0.4653990
85	-0.4654095
86	-0.4654099
87	-0.4653225
88	-0.4652769
89	-0.4653144
90	-0.4652280
91	-0.4653090
92	-0.4652832
93	-0.4653727
94	-0.4653749
95	-0.4654764
96	-0.4654671
97	-0.4654787
98	-0.4653742
99	-0.4653443
100	-0.4653118
101	-0.4653435
102	-0.4653461
103	-0.4653270
104	-0.4654097
105	-0.4654076
106	-0.4651697
107	-0.4652748
108	-0.4652719
109	-0.4651947
110	-0.4652177
111	-0.4652135
112	-0.4651885
113	-0.4651750
114	-0.4650462
115	-0.4651332
116	-0.4652849
117	-0.4651587
118	-0.4652047
119	-0.4651953
120	-0.4651571
121	-0.4651503
122	-0.4651400
123	-0.4649718
124	-0.4650375
125	-0.4650704
126	-0.4650490
127	-0.4650791
128	-0.4649593
129	-0.4649870
130	-0.4651105
131	-0.4651070
132	-0.4651658
133	-0.4651002
134	-0.4648547
135	-0.4648201
136	-0.4648955
137	-0.4650520
138	-0.4650264
139	-0.4649263
140	-0.4649291
141	-0.4649141
142	-0.4649836
143	-0.4650315
144	-0.4650261
145	-0.4650012
146	-0.4650598
147	-0.4651198
148	-0.4651178
149	-0.4650448
150	-0.4650368
151	-0.4651732
152	-0.4650511
153	-0.4650274
154	-0.4649359
155	-0.4649741
156	-0.4651188
157	-0.4651277
158	-0.4651543
159	-0.4652108
160	-0.4651639
161	-0.4650967
162	-0.4653255
163	-0.4653456
164	-0.4652871
165	-0.4651307
166	-0.4651533
167	-0.4651455
168	-0.4651322
169	-0.4650735
170	-0.4650697
171	-0.4650661
172	-0.4651023
173	-0.4651804
174	-0.4651972
175	-0.4652097
176	-0.4652097
177	-0.4652853
178	-0.4652965
179	-0.4652253
180	-0.4652506
181	-0.4652993
182	-0.4651810
183	-0.4652245
184	-0.4652792
185	-0.4653489
186	-0.4652918
187	-0.4653586
188	-0.4654285
189	-0.4654030
190	-0.4653940
191	-0.4653764
192	-0.4653459
193	-0.4652055
194	-0.4650979
195	-0.4651554
196	-0.4651442
197	-0.4651269
198	-0.4651062
199	-0.4650135
200	-0.4649365
201	-0.4649617
202	-0.4648963
203	-0.4649538
204	-0.4650246
205	-0.4649321
206	-0.4648785
207	-0.4649450
208	-0.4651053
209	-0.4651004
210	-0.4650762
211	-0.4650145
212	-0.4650259
213	-0.4648791
214	-0.4649469
215	-0.4649797
216	-0.4649862
217	-0.4649016
218	-0.4648712
219	-0.4647330
220	-0.4646701
221	-0.4647126
222	-0.4646910
223	-0.4647669
224	-0.4649667
225	-0.4649629
226	-0.4650164
227	-0.4650185
228	-0.4651020
229	-0.4650692
230	-0.4652326
231	-0.4652490
232	-0.4652163
233	-0.4651400
234	-0.4650427
235	-0.4650411
236	-0.4650590
237	-0.4650375
238	-0.4648906
239	-0.4649380
240	-0.4649083
241	-0.4649417
242	-0.4650900
243	-0.4649928
244	-0.4648779
245	-0.4649463
246	-0.4650164
247	-0.4650202
248	-0.4648919
249	-0.4647711
250	-0.4645974
251	-0.4645406
252	-0.4645422
253	-0.4640431
254	-0.4639647
255	-0.4629421
256	-0.4620133
257	-0.4608017
258	-0.4600860
259	-0.4591796
260	-0.4585926
261	-0.4581421
262	-0.4577156
263	-0.4577855
264	-0.4577858
265	-0.4578521
266	-0.4589723
267	-0.4595844
268	-0.4604172
269	-0.4611772
270	-0.4621027
271	-0.4626979
272	-0.4636318
273	-0.4638253
274	-0.4643386
275	-0.4644226
276	-0.4643616
277	-0.4643111
278	-0.4643432
279	-0.4644005
280	-0.4644598
281	-0.4645970
282	-0.4646943
283	-0.4648846
284	-0.4649156
285	-0.4648492
286	-0.4648347
287	-0.4649097
288	-0.4649420
289	-0.4649391
290	-0.4649230
291	-0.4649545
292	-0.4649644
293	-0.4649194
294	-0.4649597
295	-0.4651420
296	-0.4652165
297	-0.4651196
298	-0.4651292
299	-0.4651517
300	-0.4651880
301	-0.4651681
302	-0.4650144
303	-0.4650188
304	-0.4650820
305	-0.4650149
306	-0.4650233
307	-0.4649826
308	-0.4650349
309	-0.4650048
310	-0.4649699
311	-0.4647966
312	-0.4648666
313	-0.4650840
314	-0.4651519
315	-0.4651049
316	-0.4650578
317	-0.4650727
318	-0.4650471
319	-0.4649288
320	-0.4648877
321	-0.4649663
322	-0.4649889
323	-0.4650049
324	-0.4650664
325	-0.4651025
326	-0.4649822
327	-0.4648838
328	-0.4648830
329	-0.4648684
330	-0.4648731
331	-0.4649051
332	-0.4649506
333	-0.4649170
334	-0.4650449
335	-0.4651018
336	-0.4649374
337	-0.4648533
338	-0.4647641
339	-0.4647820
340	-0.4648957
341	-0.4648703
342	-0.4647342
343	-0.4647620
344	-0.4647952
345	-0.4648864
346	-0.4649678
347	-0.4651791
348	-0.4651282
349	-0.4650705
350	-0.4650470
351	-0.4647942
352	-0.4647255
353	-0.4647721
354	-0.4649517
355	-0.4649714
356	-0.4649088
357	-0.4648674
358	-0.4648008
359	-0.4648527
360	-0.4648029
361	-0.4648070
362	-0.4649192
363	-0.4649990
364	-0.4649469
365	-0.4649520
366	-0.4649481
367	-0.4647653
368	-0.4647329
369	-0.4647911
370	-0.4647504
371	-0.4647569
372	-0.4647948
373	-0.4649743
374	-0.4651410
375	-0.4651083
376	-0.4650925
377	-0.4650280
378	-0.4650285
379	-0.4648340
380	-0.4648623
381	-0.4648943
382	-0.4650184
383	-0.4651999
384	-0.4652763
385	-0.4652570
386	-0.4651705
387	-0.4652159
388	-0.4651881
389	-0.4651196
390	-0.4650308
391	-0.4650375
392	-0.4650225
393	-0.4651472
394	-0.4649837
395	-0.4649119
396	-0.4649649
397	-0.4649696
398	-0.4650382
399	-0.4651787
400	-0.4652636
401	-0.4651958
402	-0.4651734
403	-0.4650293
404	-0.4650595
405	-0.4651455
406	-0.4652561
407	-0.4652481
408	-0.4649412
409	-0.4648213
410	-0.4647446
411	-0.4646329
412	-0.4639875
413	-0.4629792
414	-0.4621798
415	-0.4611916
416	-0.4598752
417	-0.4587297
418	-0.4583532
419	-0.4572326
420	-0.4563180
421	-0.4555398
422	-0.4544601
423	-0.4536687
424	-0.4525293
425	-0.4514519
426	-0.4505097
427	-0.4498524
428	-0.4487212
429	-0.4483447
430	-0.4478713
431	-0.4478146
432	-0.4480263
433	-0.4483556
434	-0.4516077
435	-0.4540961
436	-0.4580669
437	-0.4630449
438	-0.4691998
439	-0.4767639
440	-0.4839740
441	-0.4926430
442	-0.5014800
443	-0.5096415
444	-0.5193748
445	-0.5293238
446	-0.5392567
447	-0.5487130
448	-0.5574609
449	-0.5656861
450	-0.5739709
451	-0.5820446
452	-0.5897957
453	-0.5963127
454	-0.6025752
455	-0.6089381
456	-0.6133114
457	-0.6180219
458	-0.6227833
459	-0.6267257
460	-0.6301401
461	-0.6330877
462	-0.6359438
463	-0.6374231
464	-0.6398590
465	-0.6416241
466	-0.6430138
467	-0.6440212
468	-0.6449431
469	-0.6455865
470	-0.6465025
471	-0.6468186
472	-0.6475138
473	-0.6476374
474	-0.6478642
475	-0.6479597
476	-0.6479470
477	-0.6477496
478	-0.6474458
479	-0.6469394
480	-0.6466925
481	-0.6455897
482	-0.6445089
483	-0.6431141
484	-0.6415660
485	-0.6394682
486	-0.6371254
487	-0.6350366
488	-0.6322202
489	-0.6293281
490	-0.6264677
491	-0.6234837
492	-0.6205194
493	-0.6176886
494	-0.6149657
495	-0.6123533
496	-0.6105763
497	-0.6088575
498	-0.6079515
499	-0.6076216
500	-0.6074679
501	-0.6077820
502	-0.6085659
503	-0.6105203
504	-0.6124638
505	-0.6147242
506	-0.6165440
507	-0.6199512
508	-0.6226729
509	-0.6253521
510	-0.6280006
511	-0.6304661
512	-0.6330434
513	-0.6354061
514	-0.6379009
515	-0.6396944
516	-0.6413608
517	-0.6430646
518	-0.6446186
519	-0.6453901
520	-0.6460565
521	-0.6473793
522	-0.6483902
523	-0.6489283
524	-0.6490760
525	-0.6497089
526	-0.6501824
527	-0.6502619
528	-0.6504766
529	-0.6505928
530	-0.6508199
531	-0.6508533
532	-0.6514028
533	-0.6515736
534	-0.6518846
535	-0.6524152
536	-0.6524078
537	-0.6531673
538	-0.6539339
539	-0.6542396
540	-0.6555983
541	-0.6573364
542	-0.6577731
543	-0.6607899
544	-0.6636778
545	-0.6661796
546	-0.6695078
547	-0.6741937
548	-0.6791080
549	-0.6847098
550	-0.6911165
551	-0.6980195
552	-0.7050054
553	-0.7128636
554	-0.7211592
555	-0.7314554
556	-0.7409464
557	-0.7518033
558	-0.7619651
559	-0.7721299
560	-0.7822413
561	-0.7936805
562	-0.8029449
563	-0.8133325
564	-0.8215010
565	-0.8315315
566	-0.8373160
567	-0.8439857
568	-0.8501280
569	-0.8557836
570	-0.8613850
571	-0.8641017
572	-0.8662079
573	-0.8674442
574	-0.8684363
575	-0.8681143
576	-0.8664140
577	-0.8652464
578	-0.8628678
579	-0.8603712
580	-0.8571115
581	-0.8525632
582	-0.8487120
583	-0.8443381
584	-0.8387684
585	-0.8332078
586	-0.8281791
587	-0.8230325
588	-0.8175816
589	-0.8107593
590	-0.8041369
591	-0.7977823
592	-0.7907955
593	-0.7837857
594	-0.7759455
595	-0.7683295
596	-0.7604388
597	-0.7498283
598	-0.7415194
599	-0.7327221
600	-0.7226211
601	-0.7129585
602	-0.7032960
603	-0.6895903
604	-0.6796767
605	-0.6678295
606	-0.6565622
607	-0.6436875
608	-0.6317454
609	-0.6197694
610	-0.6083734
611	-0.5979847
612	-0.5847613
613	-0.5752436
614	-0.5656893
615	-0.5580581
616	-0.5479238
617	-0.5409813
618	-0.5332483
619	-0.5286154
620	-0.5233415
621	-0.5180128
622	-0.5153108
623	-0.5115380
624	-0.5096861
625	-0.5075295
626	-0.5037672
627	-0.5041718
628	-0.5027913
629	-0.5014247
630	-0.5006994
631	-0.5001657
632	-0.4994009
633	-0.4988195
634	-0.4983014
635	-0.4978787
636	-0.4969609
637	-0.4959080
638	-0.4955467
639	-0.4939998
640	-0.4925905
641	-0.4918035
642	-0.4907199
643	-0.4889029
644	-0.4878616
645	-0.4866112
646	-0.4848049
647	-0.4840410
648	-0.4819409
649	-0.4802221
650	-0.4789051
651	-0.4773788
652	-0.4754907
653	-0.4743563
654	-0.4727897
655	-0.4715446
656	-0.4706894
657	-0.4688457
658	-0.4671949
659	-0.4661390
660	-0.4644531
661	-0.4627601
662	-0.4614700
663	-0.4602333
664	-0.4590843
665	-0.4562547
666	-0.4542425
667	-0.4522318
668	-0.4498469
669	-0.4479849
670	-0.4449862
671	-0.4408758
672	-0.4373975
673	-0.4337315
674	-0.4289748
675	-0.4246943
676	-0.4201461
677	-0.4137664
678	-0.4069578
679	-0.4001164
680	-0.3938870
681	-0.3858407
682	-0.3780521
683	-0.3699477
684	-0.3605064
685	-0.3510070
686	-0.3414315
687	-0.3317021
688	-0.3226881
689	-0.3141675
690	-0.3055859
691	-0.2971609
692	-0.2886459
693	-0.2799143
694	-0.2749180
695	-0.2668519
696	-0.2614357
697	-0.2558911
698	-0.2506408
699	-0.2455584
700	-0.2405573
701	-0.2370368
702	-0.2335068
703	-0.2305981
704	-0.2273258
705	-0.2240535
706	-0.2203905
707	-0.2184064
708	-0.2158881
709	-0.2133545
710	-0.2116527
711	-0.2095236
712	-0.2075191
713	-0.2065830
714	-0.2051864
715	-0.2037467
716	-0.2028037
717	-0.2025115
718	-0.2025771
719	-0.2024174
720	-0.2028441
721	-0.2032936
722	-0.2038656
723	-0.2057940
724	-0.2080643
725	-0.2108048
726	-0.2133598
727	-0.2165715
728	-0.2206347
729	-0.2248365
730	-0.2288119
731	-0.2338657
732	-0.2388123
733	-0.2441804
734	-0.2504642
735	-0.2564866
736	-0.2628325
737	-0.2692948
738	-0.2762885
739	-0.2829205
740	-0.2892854
741	-0.2970141
742	-0.3043764
743	-0.3111362
744	-0.3180443
745	-0.3245779
746	-0.3317152
747	-0.3401943
748	-0.3452242
749	-0.3514512
750	-0.3576233
751	-0.3633658
752	-0.3687176
753	-0.3740028
754	-0.3793252
755	-0.3844013
756	-0.3886080
757	-0.3928386
758	-0.3967701
759	-0.4004346
760	-0.4042960
761	-0.4072329
762	-0.4098782
763	-0.4129320
764	-0.4153842
765	-0.4174294
766	-0.4195589
767	-0.4214017
768	-0.4236946
769	-0.4254022
770	-0.4270869
771	-0.4279124
772	-0.4291331
773	-0.4306457
774	-0.4311351
775	-0.4323950
776	-0.4326003
777	-0.4333329
778	-0.4338597
779	-0.4334977
780	-0.4340351
781	-0.4347225
782	-0.4347370
783	-0.4349750
784	-0.4354473
785	-0.4355424
786	-0.4355307
787	-0.4356932
788	-0.4362256
789	-0.4352732
790	-0.4357444
791	-0.4350728
792	-0.4349711
793	-0.4347587
794	-0.4345074
795	-0.4342875
796	-0.4343667
797	-0.4344460
798	-0.4343899
799	-0.4345020
800	-0.4345688
801	-0.4340175
802	-0.4350412
803	-0.4358512
804	-0.4355846
805	-0.4358620
806	-0.4368066
807	-0.4374660
808	-0.4382423
809	-0.4386951
810	-0.4397696
811	-0.4401949
812	-0.4407878
813	-0.4411717
814	-0.4424831
815	-0.4430856
816	-0.4435527
817	-0.4447109
818	-0.4456665
819	-0.4453806
820	-0.4462273
821	-0.4463757
822	-0.4463647
823	-0.4466858
824	-0.4465808
825	-0.4463315
826	-0.4454831
827	-0.4450504
828	-0.4443633
829	-0.4432840
830	-0.4422466
831	-0.4407051
832	-0.4394608
833	-0.4376827
834	-0.4361928
835	-0.4340095
836	-0.4323642
837	-0.4307169
838	-0.4292564
839	-0.4272517
840	-0.4256772
841	-0.4236582
842	-0.4219410
843	-0.4198362
844	-0.4184509
845	-0.4167136
846	-0.4150634
847	-0.4140133
848	-0.4124068
849	-0.4114343
850	-0.4096974
851	-0.4084966
852	-0.4078628
853	-0.4071012
854	-0.4056315
855	-0.4048714
856	-0.4040045
857	-0.4033883
858	-0.4030277
859	-0.4020312
860	-0.4016587
861	-0.4012009
862	-0.4008558
863	-0.4003330
864	-0.3993952
865	-0.3989668
866	-0.3987851
867	-0.3985322
868	-0.3983338
869	-0.3982597
870	-0.3976921
871	-0.3977298
872	-0.3975213
873	-0.3975816
874	-0.3976450
875	-0.3975683
876	-0.3975077
877	-0.3973439
878	-0.3973516
879	-0.3973445
880	-0.3976398
881	-0.3977856
882	-0.3978323
883	-0.3980191
884	-0.3982863
885	-0.3984232
886	-0.3989262
887	-0.3991391
888	-0.3996042
889	-0.3999954
890	-0.4000080
891	-0.4003944
892	-0.4005491
893	-0.4011849
894	-0.4014712
895	-0.4016480
896	-0.4023631
897	-0.4026629
898	-0.4032810
899	-0.4039851
900	-0.4041876
901	-0.4049795
902	-0.4057688
903	-0.4066229
904	-0.4071880
905	-0.4081136
906	-0.4085946
907	-0.4091435
908	-0.4099144
909	-0.4105918
910	-0.4113203
911	-0.4124660
912	-0.4132780
913	-0.4142168
914	-0.4149404
915	-0.4155368
916	-0.4164221
917	-0.4175733
918	-0.4187813
919	-0.4199616
920	-0.4214074
921	-0.4223893
922	-0.4235446
923	-0.4237328
924	-0.4253172
925	-0.4265207
926	-0.4271821
927	-0.4288180
928	-0.4304346
929	-0.4317194
930	-0.4325469
931	-0.4341886
932	-0.4355426
933	-0.4362328
934	-0.4379109
935	-0.4388335
936	-0.4409396
937	-0.4421208
938	-0.4436870
939	-0.4453536
940	-0.4463854
941	-0.4476695
942	-0.4491794
943	-0.4499812
944	-0.4518555
945	-0.4535375
946	-0.4544562
947	-0.4564514
948	-0.4578278
949	-0.4586396
950	-0.4603606
951	-0.4615991
952	-0.4634000
953	-0.4650101
954	-0.4659687
955	-0.4676109
956	-0.4688877
957	-0.4705941
958	-0.4717352
959	-0.4730562
960	-0.4742645
961	-0.4757539
962	-0.4772867
963	-0.4783471
964	-0.4797099
965	-0.4805246
966	-0.4819781
967	-0.4833023
968	-0.4848998
969	-0.4861793
970	-0.4875907
971	-0.4882550
972	-0.4888244
973	-0.4899514
974	-0.4916255
975	-0.4931812
976	-0.4943487
977	-0.4952580
978	-0.4963670
979	-0.4974965
980	-0.4989704
981	-0.5002888
982	-0.5013256
983	-0.5021490
984	-0.5031156
985	-0.5041983
986	-0.5054864
987	-0.5068084
988	-0.5073255
989	-0.5082986
990	-0.5088823
991	-0.5099812
992	-0.5114624
993	-0.5123392
994	-0.5129788
995	-0.5135865
996	-0.5143157
997	-0.5154146
998	-0.5164728
999	-0.5173072
1000	-0.5182607
1001	-0.5188044
1002	-0.5193944
1003	-0.5202986
1004	-0.5209770
1005	-0.5213426
1006	-0.5220969
1007	-0.5226223
1008	-0.5234948
1009	-0.5242169
1010	-0.5249828
1011	-0.5251663
1012	-0.5259690
1013	-0.5263447
1014	-0.5270316
1015	-0.5274871
1016	-0.5280299
1017	-0.5284051
1018	-0.5287152
1019	-0.5288820
1020	-0.5293259
1021	-0.5295521
1022	-0.5299931
1023	-0.5300361
1024	-0.5298108
1025	-0.5302665
1026	-0.5307015
1027	-0.5314469
1028	-0.5313495
1029	-0.5313856
1030	-0.5312786
1031	-0.5310638
1032	-0.5313029
1033	-0.5316081
1034	-0.5312724
1035	-0.5313701
1036	-0.5314926
1037	-0.5316031
1038	-0.5311492
1039	-0.5312571
1040	-0.5310053
1041	-0.5311528
1042	-0.5309723
1043	-0.5311549
1044	-0.5308249
1045	-0.5306008
1046	-0.5302498
1047	-0.5301328
1048	-0.5298453
1049	-0.5296091
1050	-0.5291420
1051	-0.5290288
1052	-0.5284847
1053	-0.5285466
1054	-0.5277375
1055	-0.5273346
1056	-0.5271871
1057	-0.5269293
1058	-0.5264303
1059	-0.5258482
1060	-0.5254879
1061	-0.5253308
1062	-0.5247169
1063	-0.5240464
1064	-0.5235648
1065	-0.5230281
1066	-0.5228524
1067	-0.5223617
1068	-0.5216498
1069	-0.5209202
1070	-0.5203640
1071	-0.5196343
1072	-0.5187389
1073	-0.5185587
1074	-0.5174975
1075	-0.5171266
1076	-0.5168440
1077	-0.5158855
1078	-0.5150260
1079	-0.5144120
1080	-0.5138528
1081	-0.5133107
1082	-0.5121330
1083	-0.5116265
1084	-0.5105878
1085	-0.5095694
1086	-0.5087543
1087	-0.5079787
1088	-0.5072034
1089	-0.5063138
1090	-0.5056819
1091	-0.5048031
1092	-0.5040752
1093	-0.5031091
1094	-0.5024568
1095	-0.5015877
1096	-0.5007045
1097	-0.4996010
1098	-0.4991265
1099	-0.4980097
1100	-0.4972930
1101	-0.4964111
1102	-0.4955293
1103	-0.4946881
1104	-0.4932666
1105	-0.4924293
1106	-0.4914191
1107	-0.4907969
1108	-0.4897896
1109	-0.4888114
1110	-0.4879508
1111	-0.4869261
1112	-0.4864159
1113	-0.4850974
1114	-0.4843249
1115	-0.4830349
1116	-0.4819650
1117	-0.4815144
1118	-0.4805958
1119	-0.4793864
1120	-0.4786175
1121	-0.4774294
1122	-0.4769391
1123	-0.4755268
1124	-0.4742538
1125	-0.4737327
1126	-0.4730009
1127	-0.4717137
1128	-0.4709337
1129	-0.4697798
1130	-0.4685589
1131	-0.4677142
1132	-0.4667239
1133	-0.4660087
1134	-0.4649164
1135	-0.4638667
1136	-0.4627635
1137	-0.4619039
1138	-0.4612327
1139	-0.4604754
1140	-0.4590727
1141	-0.4581566
1142	-0.4571907
1143	-0.4566235
1144	-0.4552019
1145	-0.4549344
1146	-0.4536248
1147	-0.4522629
1148	-0.4515078
1149	-0.4508237
1150	-0.4499995
1151	-0.4486099
1152	-0.4473163
1153	-0.4472828
1154	-0.4457173
1155	-0.4441832
1156	-0.4434602
1157	-0.4426634
1158	-0.4414351
1159	-0.4405775
1160	-0.4391818
1161	-0.4382830
1162	-0.4372655
1163	-0.4358968
1164	-0.4350392
1165	-0.4341139
1166	-0.4330887
1167	-0.4320432
1168	-0.4306383
1169	-0.4299533
1170	-0.4292731
1171	-0.4277904
1172	-0.4262326
1173	-0.4249919
1174	-0.4244985
1175	-0.4226551
1176	-0.4216622
1177	-0.4201423
1178	-0.4189190
1179	-0.4174628
1180	-0.4159889
1181	-0.4148696
1182	-0.4132598
1183	-0.4122930
1184	-0.4109297
1185	-0.4094570
1186	-0.4083812
1187	-0.4068982
1188	-0.4053411
1189	-0.4040455
1190	-0.4024592
1191	-0.4011188
1192	-0.3992728
1193	-0.3979515
1194	-0.3961505
1195	-0.3948027
1196	-0.3928680
1197	-0.3910279
1198	-0.3895982
1199	-0.3875523
1200	-0.3855106
1201	-0.3840922
1202	-0.3824528
1203	-0.3805283
1204	-0.3789029
1205	-0.3768587
1206	-0.3747627
1207	-0.3727030
1208	-0.3703298
1209	-0.3689745
1210	-0.3668947
1211	-0.3650746
1212	-0.3633626
1213	-0.3610497
1214	-0.3587044
1215	-0.3564506
1216	-0.3542681
1217	-0.3520525
1218	-0.3497958
1219	-0.3475300
1220	-0.3454921
1221	-0.3431599
1222	-0.3409716
1223	-0.3386016
1224	-0.3365656
1225	-0.3351166
1226	-0.3324085
1227	-0.3295301
1228	-0.3270928
1229	-0.3249125
1230	-0.3228004
1231	-0.3199325
1232	-0.3174978
1233	-0.3151831
1234	-0.3131613
1235	-0.3108215
1236	-0.3084195
1237	-0.3064099
1238	-0.3040163
1239	-0.3017017
1240	-0.2993229
1241	-0.2964384
1242	-0.2940779
1243	-0.2919589
1244	-0.2898225
1245	-0.2876213
1246	-0.2857721
1247	-0.2832567
1248	-0.2811251
1249	-0.2783858
1250	-0.2759598
1251	-0.2741191
1252	-0.2727248
1253	-0.2703599
1254	-0.2680705
1255	-0.2660370
1256	-0.2642763
1257	-0.2622013
1258	-0.2600170
1259	-0.2582644
1260	-0.2566135
1261	-0.2545480
1262	-0.2526620
1263	-0.2505732
1264	-0.2490636
1265	-0.2474114
1266	-0.2462859
1267	-0.2444442
1268	-0.2428264
1269	-0.2412359
1270	-0.2397423
1271	-0.2377624
1272	-0.2364568
1273	-0.2355823
1274	-0.2340265
1275	-0.2324915
1276	-0.2317763
1277	-0.2304637
1278	-0.2292079
1279	-0.2277165
1280	-0.2266213
1281	-0.2258861
1282	-0.2248011
1283	-0.2242000
1284	-0.2234837
1285	-0.2232482
1286	-0.2220018
1287	-0.2211660
1288	-0.2203396
1289	-0.2198985
1290	-0.2190816
1291	-0.2184616
1292	-0.2177348
1293	-0.2180335
1294	-0.2169368
1295	-0.2170353
1296	-0.2163442
1297	-0.2163892
1298	-0.2156355
1299	-0.2158612
1300	-0.2157672
1301	-0.2157378
1302	-0.2160895
1303	-0.2156560
1304	-0.2155149
1305	-0.2157026
1306	-0.2156345
1307	-0.2155523
1308	-0.2162508
1309	-0.2162051
1310	-0.2165669
1311	-0.2171585
1312	-0.2173364
1313	-0.2179383
1314	-0.2182537
1315	-0.2183530
1316	-0.2192698
1317	-0.2194181
1318	-0.2197727
1319	-0.2204210
1320	-0.2214640
1321	-0.2219715
1322	-0.2228945
1323	-0.2231072
1324	-0.2239387
1325	-0.2249998
1326	-0.2258291
1327	-0.2264344
1328	-0.2273357
1329	-0.2279851
1330	-0.2292422
1331	-0.2301265
1332	-0.2310437
1333	-0.2322429
1334	-0.2333226
1335	-0.2341515
1336	-0.2355803
1337	-0.2363097
1338	-0.2376769
1339	-0.2388974
1340	-0.2397128
1341	-0.2411257
1342	-0.2422541
1343	-0.2437590
1344	-0.2451056
1345	-0.2465092
1346	-0.2476942
1347	-0.2491094
1348	-0.2503432
1349	-0.2512207
1350	-0.2529302
1351	-0.2548100
1352	-0.2564260
1353	-0.2578487
1354	-0.2595215
1355	-0.2609704
1356	-0.2625510
1357	-0.2641298
1358	-0.2658344
1359	-0.2673139
1360	-0.2693295
1361	-0.2710892
1362	-0.2725046
1363	-0.2743437
1364	-0.2763192
1365	-0.2776258
1366	-0.2798881
1367	-0.2814405
1368	-0.2838069
1369	-0.2856108
1370	-0.2874696
1371	-0.2897395
1372	-0.2916645
1373	-0.2931621
1374	-0.2959704
1375	-0.2983019
1376	-0.2995622
1377	-0.3026854
1378	-0.3048484
1379	-0.3071703
1380	-0.3094964
1381	-0.3118707
1382	-0.3142668
1383	-0.3166678
1384	-0.3183351
1385	-0.3217781
1386	-0.3243667
1387	-0.3271771
1388	-0.3302694
1389	-0.3329524
1390	-0.3352845
1391	-0.3383478
1392	-0.3407200
1393	-0.3440561
1394	-0.3473500
1395	-0.3502850
1396	-0.3525405
1397	-0.3553059
1398	-0.3580308
1399	-0.3611539
1400	-0.3631025
1401	-0.3653839
1402	-0.3678529
1403	-0.3691999
1404	-0.3719369
1405	-0.3742619
1406	-0.3763630
1407	-0.3775027
1408	-0.3802819
1409	-0.3818677
1410	-0.3834093
1411	-0.3848897
1412	-0.3868433
1413	-0.3885946
1414	-0.3898725
1415	-0.3917426
1416	-0.3932234
1417	-0.3944109
1418	-0.3956055
1419	-0.3974290
1420	-0.3989695
1421	-0.3999498
1422	-0.4013790
1423	-0.4025045
1424	-0.4040569
1425	-0.4054153
1426	-0.4066235
1427	-0.4080239
1428	-0.4094623
1429	-0.4105005
1430	-0.4112854
1431	-0.4123683
1432	-0.4136773
1433	-0.4147221
1434	-0.4158980
1435	-0.4166929
1436	-0.4179318
1437	-0.4184672
1438	-0.4193285
1439	-0.4209572
1440	-0.4213737
1441	-0.4226375
1442	-0.4235210
1443	-0.4243515
1444	-0.4251983
1445	-0.4263025
1446	-0.4269091
1447	-0.4270579
1448	-0.4284364
1449	-0.4294477
1450	-0.4301732
1451	-0.4304737
1452	-0.4312206
1453	-0.4316042
1454	-0.4324729
1455	-0.4331803
1456	-0.4338809
1457	-0.4344394
1458	-0.4349611
1459	-0.4353392
1460	-0.4360485
1461	-0.4361637
1462	-0.4369137
1463	-0.4376648
1464	-0.4379852
1465	-0.4381253
1466	-0.4387105
1467	-0.4392670
1468	-0.4398650
1469	-0.4404396
1470	-0.4409065
1471	-0.4410379
1472	-0.4415686
1473	-0.4421156
1474	-0.4423947
1475	-0.4427528
1476	-0.4433105
1477	-0.4434332
1478	-0.4439050
1479	-0.4439142
1480	-0.4445116
1481	-0.4449586
1482	-0.4450698
1483	-0.4452816
1484	-0.4456098
1485	-0.4458893
1486	-0.4462747
1487	-0.4465767
1488	-0.4468989
1489	-0.4469623
1490	-0.4470590
1491	-0.4475774
1492	-0.4477994
1493	-0.4480273
1494	-0.4480915
1495	-0.4483047
1496	-0.4485590
1497	-0.4489579
1498	-0.4490146
1499	-0.4492359
1500	-0.4496262
1501	-0.4497209
1502	-0.4498468
1503	-0.4499749
1504	-0.4501574
1505	-0.4506407
1506	-0.4506501
1507	-0.4506685
1508	-0.4509509
1509	-0.4511646
1510	-0.4511598
1511	-0.4512590
1512	-0.4517403
1513	-0.4517489
1514	-0.4517670
1515	-0.4520225
1516	-0.4522518
1517	-0.4522934
1518	-0.4523400
1519	-0.4522818
1520	-0.4523023
1521	-0.4525331
1522	-0.4525859
1523	-0.4527174
1524	-0.4526243
1525	-0.4528180
1526	-0.4532973
1527	-0.4532496
1528	-0.4532872
1529	-0.4533909
1530	-0.4535016
1531	-0.4536082
1532	-0.4535009
1533	-0.4535009
1534	-0.4540070
1535	-0.4540413
1536	-0.4542815
1537	-0.4543098
1538	-0.4544537
1539	-0.4544979
1540	-0.4545567
1541	-0.4546464
1542	-0.4547875
1543	-0.4546646
1544	-0.4549896
1545	-0.4550002
1546	-0.4548910
1547	-0.4550278
1548	-0.4551658
1549	-0.4553522
1550	-0.4553327
1551	-0.4553298
1552	-0.4553618
1553	-0.4553338
1554	-0.4552956
1555	-0.4552960
1556	-0.4552809
1557	-0.4552854
1558	-0.4552498
1559	-0.4552688
1560	-0.4551879
1561	-0.4552199
1562	-0.4552095
1563	-0.4554476
1564	-0.4554826
1565	-0.4554552
1566	-0.4555363
1567	-0.4554228
1568	-0.4553412
1569	-0.4553461
1570	-0.4553226
1571	-0.4550503
1572	-0.4549307
1573	-0.4548734
1574	-0.4548821
1575	-0.4547193
1576	-0.4546779
1577	-0.4544516
1578	-0.4544022
1579	-0.4545099
1580	-0.4545186
1581	-0.4544587
1582	-0.4540780
1583	-0.4541229
1584	-0.4540531
1585	-0.4539655
1586	-0.4538836
1587	-0.4538504
1588	-0.4538561
1589	-0.4538292
1590	-0.4537541
1591	-0.4537318
1592	-0.4537795
1593	-0.4538719
1594	-0.4538273
1595	-0.4538252
1596	-0.4537284
1597	-0.4535880
1598	-0.4535418
1599	-0.4536132
1600	-0.4536302
1601	-0.4536260
1602	-0.4536360
1603	-0.4534337
1604	-0.4534541
1605	-0.4534692
1606	-0.4534556
1607	-0.4535483
1608	-0.4535448
1609	-0.4534649
1610	-0.4534957
1611	-0.4534095
1612	-0.4533751
1613	-0.4534402
1614	-0.4534480
1615	-0.4533131
1616	-0.4534051
1617	-0.4534698
1618	-0.4533595
1619	-0.4533645
1620	-0.4534609
1621	-0.4534651
1622	-0.4535099
1623	-0.4535102
1624	-0.4535154
1625	-0.4534306
1626	-0.4534502
1627	-0.4534801
1628	-0.4536621
1629	-0.4536531
1630	-0.4533769
1631	-0.4533426
1632	-0.4533497
1633	-0.4534057
1634	-0.4533977
1635	-0.4533809
1636	-0.4534018
1637	-0.4534265
1638	-0.4535228
1639	-0.4535064
1640	-0.4535295
1641	-0.4534890
1642	-0.4535134
1643	-0.4535285
1644	-0.4536454
1645	-0.4537054
1646	-0.4535823
1647	-0.4535659
1648	-0.4535360
1649	-0.4535644
1650	-0.4536301
1651	-0.4536195
1652	-0.4535928
1653	-0.4535659
1654	-0.4536015
1655	-0.4537321
1656	-0.4537410
1657	-0.4536099
1658	-0.4535797
1659	-0.4535633
1660	-0.4538042
1661	-0.4538568
1662	-0.4538786
1663	-0.4538565
1664	-0.4538213
1665	-0.4537300
1666	-0.4537083
1667	-0.4537078
1668	-0.4537518
1669	-0.4538669
1670	-0.4538662
1671	-0.4537908
1672	-0.4537192
1673	-0.4537245
1674	-0.4536917
1675	-0.4536867
1676	-0.4536725
1677	-0.4536799
1678	-0.4535947
1679	-0.4535435
1680	-0.4535737
1681	-0.4536328
1682	-0.4536192
1683	-0.4536217
1684	-0.4536386
1685	-0.4535747
1686	-0.4536385
1687	-0.4536219
1688	-0.4536599
1689	-0.4536795
1690	-0.4538033
1691	-0.4538714
1692	-0.4538739
1693	-0.4539202
1694	-0.4539503
1695	-0.4538556
1696	-0.4539748
1697	-0.4540692
1698	-0.4540262
1699	-0.4540054
1700	-0.4540451
1701	-0.4540703
1702	-0.4540934
1703	-0.4541216
1704	-0.4542096
1705	-0.4542315
1706	-0.4542338
1707	-0.4542654
1708	-0.4543142
1709	-0.4543821
1710	-0.4543685
1711	-0.4543647
1712	-0.4543586
1713	-0.4542955
1714	-0.4543198
1715	-0.4543251
1716	-0.4541510
1717	-0.4542557
1718	-0.4543611
1719	-0.4543161
1720	-0.4542779
1721	-0.4540933
1722	-0.4541403
1723	-0.4543070
1724	-0.4543298
1725	-0.4544243
1726	-0.4543432
1727	-0.4542632
1728	-0.4542374
1729	-0.4542854
1730	-0.4543746
1731	-0.4542931
1732	-0.4543610
1733	-0.4543166
1734	-0.4543115
1735	-0.4542983
1736	-0.4542003
1737	-0.4542145
1738	-0.4542589
1739	-0.4543412
1740	-0.4543521
1741	-0.4543759
1742	-0.4544028
1743	-0.4544054
1744	-0.4543817
1745	-0.4542925
1746	-0.4544206
1747	-0.4542950
1748	-0.4543194
1749	-0.4545007
1750	-0.4544811
1751	-0.4545813
1752	-0.4545862
1753	-0.4544922
1754	-0.4544446
1755	-0.4544745
1756	-0.4544863
1757	-0.4544994
1758	-0.4545507
1759	-0.4545294
1760	-0.4544929
1761	-0.4545149
1762	-0.4546115
1763	-0.4545728
1764	-0.4545878
1765	-0.4547497
1766	-0.4547428
1767	-0.4547218
1768	-0.4547143
1769	-0.4546601
1770	-0.4545580
1771	-0.4545695
1772	-0.4545600
1773	-0.4546375
1774	-0.4546506
1775	-0.4546678
1776	-0.4546516
1777	-0.4546282
1778	-0.4547065
1779	-0.4547053
1780	-0.4546815
1781	-0.4546520
1782	-0.4546328
1783	-0.4546568
1784	-0.4545689
1785	-0.4546022
1786	-0.4545408
1787	-0.4545505
1788	-0.4545421
1789	-0.4545563
1790	-0.4545739
1791	-0.4545444
1792	-0.4547410
1793	-0.4548198
1794	-0.4548505
1795	-0.4548836
1796	-0.4548637
1797	-0.4548815
1798	-0.4548084
1799	-0.4548172
1800	-0.4548060
1801	-0.4547177
1802	-0.4546282
1803	-0.4546179
1804	-0.4546749
1805	-0.4549660
1806	-0.4548020
1807	-0.4546669
1808	-0.4546655
1809	-0.4546921
1810	-0.4547022
1811	-0.4547411
1812	-0.4547392
1813	-0.4545975
1814	-0.4545376
1815	-0.4546620
1816	-0.4546417
1817	-0.4547066
1818	-0.4547049
1819	-0.4546706
1820	-0.4546182
1821	-0.4546126
1822	-0.4546899
1823	-0.4547175
1824	-0.4547800
1825	-0.4546809
1826	-0.4545685
1827	-0.4545461
1828	-0.4545638
1829	-0.4545824
1830	-0.4546088
1831	-0.4546105
1832	-0.4545815
1833	-0.4545885
1834	-0.4547060
1835	-0.4546930
1836	-0.4546833
1837	-0.4546786
1838	-0.4546711
1839	-0.4546784
1840	-0.4546759
1841	-0.4547368
1842	-0.4549619
1843	-0.4549087
1844	-0.4548252
1845	-0.4548244
1846	-0.4548138
1847	-0.4548748
1848	-0.4548401
1849	-0.4548744
1850	-0.4549346
1851	-0.4550039
1852	-0.4549947
1853	-0.4549421
1854	-0.4548731
1855	-0.4547382
1856	-0.4548278
1857	-0.4549026
1858	-0.4549094
1859	-0.4549821
1860	-0.4549477
1861	-0.4549679
1862	-0.4550445
1863	-0.4550004
1864	-0.4549253
1865	-0.4547628
1866	-0.4547898
1867	-0.4549308
1868	-0.4548591
1869	-0.4549585
1870	-0.4550017
1871	-0.4549858
1872	-0.4549693
1873	-0.4549372
1874	-0.4549502
1875	-0.4549348
1876	-0.4550080
1877	-0.4551234
1878	-0.4551833
1879	-0.4551554
1880	-0.4549342
1881	-0.4549704
1882	-0.4550123
1883	-0.4550089
1884	-0.4550134
1885	-0.4551977
1886	-0.4552327
1887	-0.4549953
1888	-0.4546215
1889	-0.4546306
1890	-0.4547208
1891	-0.4548161
1892	-0.4548995
1893	-0.4548919
1894	-0.4547975
1895	-0.4549152
1896	-0.4549203
1897	-0.4549050
1898	-0.4549686
1899	-0.4549802
1900	-0.4550028
1901	-0.4549847
1902	-0.4549563
1903	-0.4549634
1904	-0.4549609
1905	-0.4549808
1906	-0.4550108
1907	-0.4549164
1908	-0.4549446
1909	-0.4549649
1910	-0.4551173
1911	-0.4551155
1912	-0.4551263
1913	-0.4551948
1914	-0.4552004
1915	-0.4551529
1916	-0.4550071
1917	-0.4549083
1918	-0.4548581
1919	-0.4550056
1920	-0.4550449
1921	-0.4550895
1922	-0.4550297
1923	-0.4549243
1924	-0.4549446
1925	-0.4548914
1926	-0.4550070
1927	-0.4548479
1928	-0.4548440
1929	-0.4548479
1930	-0.4548100
1931	-0.4549852
1932	-0.4550488
1933	-0.4549602
1934	-0.4549639
1935	-0.4551100
1936	-0.4551197
1937	-0.4551081
1938	-0.4549673
1939	-0.4550798
1940	-0.4551644
1941	-0.4551635
1942	-0.4550509
1943	-0.4549344
1944	-0.4548502
1945	-0.4548357
1946	-0.4548487
1947	-0.4549860
1948	-0.4550045
1949	-0.4551189
1950	-0.4550716
1951	-0.4550891
1952	-0.4550898
1953	-0.4551355
1954	-0.4549662
1955	-0.4549119
1956	-0.4548648
1957	-0.4548484
1958	-0.4548861
1959	-0.4550031
1960	-0.4550405
1961	-0.4550362
1962	-0.4550894
1963	-0.4550952
1964	-0.4550970
1965	-0.4550504
1966	-0.4550674
1967	-0.4553064
1968	-0.4551321
1969	-0.4548818
1970	-0.4548506
1971	-0.4548759
1972	-0.4549483
1973	-0.4549911
1974	-0.4550410
1975	-0.4551838
1976	-0.4552296
1977	-0.4553359
1978	-0.4553405
1979	-0.4553471
1980	-0.4552518
1981	-0.4551249
1982	-0.4551240
1983	-0.4550934
1984	-0.4552259
1985	-0.4551500
1986	-0.4551161
1987	-0.4551190
1988	-0.4551346
1989	-0.4551356
1990	-0.4550972
1991	-0.4551038
1992	-0.4551557
1993	-0.4551292
1994	-0.4549746
1995	-0.4549918
1996	-0.4549686
1997	-0.4549681
1998	-0.4549375
1999	-0.4549472
2000	-0.4549497
2001	-0.4549883
2002	-0.4549954
2003	-0.4550252
2004	-0.4552013
2005	-0.4551855
2006	-0.4551877
2007	-0.4550609
2008	-0.4550921
2009	-0.4552239
2010	-0.4553556
2011	-0.4552869
2012	-0.4551064
2013	-0.4550028
2014	-0.4549380
2015	-0.4549199
2016	-0.4549746
2017	-0.4550549
2018	-0.4550305
2019	-0.4550013
2020	-0.4550078
2021	-0.4549410
2022	-0.4549409
2023	-0.4549533
2024	-0.4548945
2025	-0.4548734
2026	-0.4549862
2027	-0.4549039
2028	-0.4550018
2029	-0.4550191
2030	-0.4550549
2031	-0.4551705
2032	-0.4551852
2033	-0.4551482
2034	-0.4551576
2035	-0.4551482
2036	-0.4551416
2037	-0.4551162
2038	-0.4551794
2039	-0.4552499
2040	-0.4552397
2041	-0.4551883
2042	-0.4552520
2043	-0.4551415
2044	-0.4552016
2045	-0.4552302
2046	-0.4552154
2047	-0.4552569
2048	-0.4551605
2049	-0.4551239
2050	-0.4550475
2051	-0.4550520
2052	-0.4550475
2053	-0.4551221
2054	-0.4552498
2055	-0.4553737
2056	-0.4552990
2057	-0.4554204
2058	-0.4553823
2059	-0.4553960
2060	-0.4553560
2061	-0.4552948
2062	-0.4552380
2063	-0.4552621
2064	-0.4554225
2065	-0.4554086
2066	-0.4553156
2067	-0.4553210
2068	-0.4555922
2069	-0.4555107
2070	-0.4554115
2071	-0.4554276
2072	-0.4553962
2073	-0.4553942
2074	-0.4554738
2075	-0.4554319
2076	-0.4552458
2077	-0.4551923
2078	-0.4551098
2079	-0.4551369
2080	-0.4552514
2081	-0.4551622
2082	-0.4552370
2083	-0.4553940
2084	-0.4555341
2085	-0.4554978
2086	-0.4552716
2087	-0.4551226
2088	-0.4551382
2089	-0.4552534
2090	-0.4551626
2091	-0.4551210
2092	-0.4551321
2093	-0.4551821
2094	-0.4551982
2095	-0.4552498
2096	-0.4552987
2097	-0.4552451
2098	-0.4552018
2099	-0.4552006
2100	-0.4552760
2101	-0.4552702
2102	-0.4552222
2103	-0.4552603
2104	-0.4553105
2105	-0.4553011
2106	-0.4551426
2107	-0.4552707
2108	-0.4553580
2109	-0.4553706
2110	-0.4554721
2111	-0.4553618
2112	-0.4553766
2113	-0.4554025
2114	-0.4554222
2115	-0.4554140
2116	-0.4554818
2117	-0.4554730
2118	-0.4555017
2119	-0.4555673
2120	-0.4554283
2121	-0.4554496
2122	-0.4555137
2123	-0.4555469
2124	-0.4553404
2125	-0.4553448
2126	-0.4553476
2127	-0.4553522
2128	-0.4553519
2129	-0.4554871
2130	-0.4556693
2131	-0.4557028
2132	-0.4557362
2133	-0.4557298
2134	-0.4556890
2135	-0.4556105
2136	-0.4555484
2137	-0.4556839
2138	-0.4556903
2139	-0.4556147
2140	-0.4556437
2141	-0.4556233
2142	-0.4556768
2143	-0.4556690
2144	-0.4556528
2145	-0.4556713
2146	-0.4555968
2147	-0.4555690
2148	-0.4554890
2149	-0.4555656
2150	-0.4555795
2151	-0.4556621
2152	-0.4556627
2153	-0.4556599
2154	-0.4556300
2155	-0.4557963
2156	-0.4557458
2157	-0.4557210
2158	-0.4556272
2159	-0.4555174
2160	-0.4554134
2161	-0.4554214
2162	-0.4554016
2163	-0.4552072
2164	-0.4549301
2165	-0.4545595
2166	-0.4544964
2167	-0.4538864
2168	-0.4537948
2169	-0.4527105
2170	-0.4520799
2171	-0.4508122
2172	-0.4497414
2173	-0.4488282
2174	-0.4469629
2175	-0.4456335
2176	-0.4439921
2177	-0.4425999
2178	-0.4412361
2179	-0.4403907
2180	-0.4398998
2181	-0.4398890
2182	-0.4404192
2183	-0.4416624
2184	-0.4441873
2185	-0.4480431
2186	-0.4515431
2187	-0.4578109
2188	-0.4643539
2189	-0.4720236
2190	-0.4802332
2191	-0.4887151
2192	-0.4972203
2193	-0.5079200
2194	-0.5177101
2195	-0.5273285
2196	-0.5367292
2197	-0.5462585
2198	-0.5551156
2199	-0.5638763
2200	-0.5726312
2201	-0.5798605
2202	-0.5870441
2203	-0.5937951
2204	-0.5993786
2205	-0.6044919
2206	-0.6090358
2207	-0.6133665
2208	-0.6179006
2209	-0.6197308
2210	-0.6226664
2211	-0.6248538
2212	-0.6263750
2213	-0.6279716
2214	-0.6291888
2215	-0.6302678
2216	-0.6312003
2217	-0.6315165
2218	-0.6316410
2219	-0.6316837
2220	-0.6315884
2221	-0.6310297
2222	-0.6304697
2223	-0.6293339
2224	-0.6276893
2225	-0.6262115
2226	-0.6246137
2227	-0.6223711
2228	-0.6197933
2229	-0.6164833
2230	-0.6129840
2231	-0.6093008
2232	-0.6050106
2233	-0.6002809
2234	-0.5959507
2235	-0.5911896
2236	-0.5866844
2237	-0.5822406
2238	-0.5782341
2239	-0.5739429
2240	-0.5704198
2241	-0.5673125
2242	-0.5645890
2243	-0.5628066
2244	-0.5621082
2245	-0.5617613
2246	-0.5619661
2247	-0.5627110
2248	-0.5637575
2249	-0.5661947
2250	-0.5692053
2251	-0.5719656
2252	-0.5748370
2253	-0.5784373
2254	-0.5817016
2255	-0.5848690
2256	-0.5879236
2257	-0.5907460
2258	-0.5933168
2259	-0.5957337
2260	-0.5978126
2261	-0.5994984
2262	-0.6011738
2263	-0.6024109
2264	-0.6034515
2265	-0.6040440
2266	-0.6050424
2267	-0.6050457
2268	-0.6055719
2269	-0.6056393
2270	-0.6056614
2271	-0.6056596
2272	-0.6050971
2273	-0.6046755
2274	-0.6042161
2275	-0.6036692
2276	-0.6025438
2277	-0.6015491
2278	-0.6003668
2279	-0.5988165
2280	-0.5975163
2281	-0.5963203
2282	-0.5948254
2283	-0.5922017
2284	-0.5899769
2285	-0.5878673
2286	-0.5863700
2287	-0.5838255
2288	-0.5816876
2289	-0.5803881
2290	-0.5780624
2291	-0.5764036
2292	-0.5750047
2293	-0.5740891
2294	-0.5736696
2295	-0.5735241
2296	-0.5735210
2297	-0.5745740
2298	-0.5751324
2299	-0.5768920
2300	-0.5785927
2301	-0.5813959
2302	-0.5841774
2303	-0.5872864
2304	-0.5905625
2305	-0.5936292
2306	-0.5967231
2307	-0.5998870
2308	-0.6031486
2309	-0.6051276
2310	-0.6081191
2311	-0.6093023
2312	-0.6099927
2313	-0.6107747
2314	-0.6114158
2315	-0.6113242
2316	-0.6111396
2317	-0.6091264
2318	-0.6077777
2319	-0.6059613
2320	-0.6029359
2321	-0.5998212
2322	-0.5954206
2323	-0.5910963
2324	-0.5869551
2325	-0.5824323
2326	-0.5770850
2327	-0.5717412
2328	-0.5663633
2329	-0.5609745
2330	-0.5551887
2331	-0.5488133
2332	-0.5431741
2333	-0.5362754
2334	-0.5298463
2335	-0.5234035
2336	-0.5169689
2337	-0.5097917
2338	-0.5002437
2339	-0.4887052
2340	-0.4768310
2341	-0.4690471
2342	-0.4586687
2343	-0.4500025
2344	-0.4422462
2345	-0.4333329
2346	-0.4243789
2347	-0.4171343
2348	-0.4096760
2349	-0.4026892
2350	-0.3968199
2351	-0.3908310
2352	-0.3862884
2353	-0.3821026
2354	-0.3786398
2355	-0.3764530
2356	-0.3752683
2357	-0.3749487
2358	-0.3758849
2359	-0.3780042
2360	-0.3808529
2361	-0.3840754
2362	-0.3887859
2363	-0.3933784
2364	-0.3991896
2365	-0.4050668
2366	-0.4114160
2367	-0.4172157
2368	-0.4229926
2369	-0.4291162
2370	-0.4347065
2371	-0.4402390
2372	-0.4452746
2373	-0.4490838
2374	-0.4536710
2375	-0.4571042
2376	-0.4596658
2377	-0.4630337
2378	-0.4659947
2379	-0.4680093
2380	-0.4696835
2381	-0.4703597
2382	-0.4705941
2383	-0.4712070
2384	-0.4712673
2385	-0.4709194
2386	-0.4699018
2387	-0.4687667
2388	-0.4676168
2389	-0.4662694
2390	-0.4646408
2391	-0.4636791
2392	-0.4611165
2393	-0.4593402
2394	-0.4577224
2395	-0.4559480
2396	-0.4532657
2397	-0.4510337
2398	-0.4493043
2399	-0.4475322
2400	-0.4457467
2401	-0.4439347
2402	-0.4426323
2403	-0.4408440
2404	-0.4393921
2405	-0.4376507
2406	-0.4365253
2407	-0.4351181
2408	-0.4346236
2409	-0.4340123
2410	-0.4332635
2411	-0.4338009
2412	-0.4340888
2413	-0.4346442
2414	-0.4353374
2415	-0.4373030
2416	-0.4391327
2417	-0.4415180
2418	-0.4445981
2419	-0.4478645
2420	-0.4529387
2421	-0.4585580
2422	-0.4647767
2423	-0.4711457
2424	-0.4784488
2425	-0.4868679
2426	-0.4947645
2427	-0.5059346
2428	-0.5166444
2429	-0.5271100
2430	-0.5382778
2431	-0.5511594
2432	-0.5624449
2433	-0.5747857
2434	-0.5869231
2435	-0.5988089
2436	-0.6109492
2437	-0.6227405
2438	-0.6340697
2439	-0.6451153
2440	-0.6558907
2441	-0.6642240
2442	-0.6725530
2443	-0.6801580
2444	-0.6845893
2445	-0.6888361
2446	-0.6951066
2447	-0.7037539
2448	-0.7119724
2449	-0.7172353
2450	-0.7216619
2451	-0.7257319
2452	-0.7293338
2453	-0.7302190
2454	-0.7314604
2455	-0.7328238
2456	-0.7337599
2457	-0.7342731
2458	-0.7351641
2459	-0.7348748
2460	-0.7349369
2461	-0.7351030
2462	-0.7352150
2463	-0.7357976
2464	-0.7353865
2465	-0.7356271
2466	-0.7355297
2467	-0.7347891
2468	-0.7345565
2469	-0.7335463
2470	-0.7337003
2471	-0.7324626
2472	-0.7313931
2473	-0.7308326
2474	-0.7296894
2475	-0.7286379
2476	-0.7264950
2477	-0.7243582
2478	-0.7217636
2479	-0.7191530
2480	-0.7145414
2481	-0.7119866
2482	-0.7070889
2483	-0.7015561
2484	-0.6947948
2485	-0.6873620
2486	-0.6814096
2487	-0.6746330
2488	-0.6657503
2489	-0.6570812
2490	-0.6487220
2491	-0.6391700
2492	-0.6291202
2493	-0.6202146
2494	-0.6121321
2495	-0.6028626
2496	-0.5943139
2497	-0.5872857
2498	-0.5811829
2499	-0.5747391
2500	-0.5711958
2501	-0.5676489
2502	-0.5642011
2503	-0.5625594
2504	-0.5619347
2505	-0.5620873
2506	-0.5639977
2507	-0.5660666
2508	-0.5688598
2509	-0.5741997
2510	-0.5776938
2511	-0.5838517
2512	-0.5887815
2513	-0.5939816
2514	-0.5994887
2515	-0.6050465
2516	-0.6101738
2517	-0.6149458
2518	-0.6203901
2519	-0.6256099
2520	-0.6283493
2521	-0.6323712
2522	-0.6351255
2523	-0.6383388
2524	-0.6411624
2525	-0.6436502
2526	-0.6450461
2527	-0.6463455
2528	-0.6470918
2529	-0.6475144
2530	-0.6478551
2531	-0.6478485
2532	-0.6474054
2533	-0.6466926
2534	-0.6458113
2535	-0.6448773
2536	-0.6429697
2537	-0.6419255
2538	-0.6392695
2539	-0.6367575
2540	-0.6343829
2541	-0.6314474
2542	-0.6291019
2543	-0.6258999
2544	-0.6224124
2545	-0.6184113
2546	-0.6141771
2547	-0.6099423
2548	-0.6058169
2549	-0.6014341
2550	-0.5951577
2551	-0.5889494
2552	-0.5824017
2553	-0.5754810
2554	-0.5683001
2555	-0.5607065
2556	-0.5533572
2557	-0.5443218
2558	-0.5337171
2559	-0.5237196
2560	-0.5134305
2561	-0.5030520
2562	-0.4906894
2563	-0.4795325
2564	-0.4678261
2565	-0.4545783
2566	-0.4415136
2567	-0.4275942
2568	-0.4157505
2569	-0.4006406
2570	-0.3891327
2571	-0.3749080
2572	-0.3633696
2573	-0.3506102
2574	-0.3385833
2575	-0.3279301
2576	-0.3180247
2577	-0.3084181
2578	-0.2984690
2579	-0.2895652
2580	-0.2813337
2581	-0.2740026
2582	-0.2669259
2583	-0.2609684
2584	-0.2560641
2585	-0.2490230
2586	-0.2453407
2587	-0.2413319
2588	-0.2374692
2589	-0.2336740
2590	-0.2315484
2591	-0.2282089
2592	-0.2251742
2593	-0.2226290
2594	-0.2202989
2595	-0.2184711
2596	-0.2164366
2597	-0.2147816
2598	-0.2132048
2599	-0.2120267
2600	-0.2104355
2601	-0.2100949
2602	-0.2093841
2603	-0.2088680
2604	-0.2095612
2605	-0.2093774
2606	-0.2094097
2607	-0.2099444
2608	-0.2109314
2609	-0.2124322
2610	-0.2136038
2611	-0.2158524
2612	-0.2174240
2613	-0.2198843
2614	-0.2217743
2615	-0.2249998
2616	-0.2283139
2617	-0.2308835
2618	-0.2346253
2619	-0.2373380
2620	-0.2410620
2621	-0.2446343
2622	-0.2487788
2623	-0.2526118
2624	-0.2561963
2625	-0.2596407
2626	-0.2639771
2627	-0.2676054
2628	-0.2706027
2629	-0.2735345
2630	-0.2760587
2631	-0.2784857
2632	-0.2805799
2633	-0.2818303
2634	-0.2827531
2635	-0.2831477
2636	-0.2831881
2637	-0.2823486
2638	-0.2811823
2639	-0.2788766
2640	-0.2765947
2641	-0.2738500
2642	-0.2713876
2643	-0.2684979
2644	-0.2644529
2645	-0.2620185
2646	-0.2583941
2647	-0.2556694
2648	-0.2528656
2649	-0.2505797
2650	-0.2487817
2651	-0.2470209
2652	-0.2456896
2653	-0.2442753
2654	-0.2445750
2655	-0.2446378
2656	-0.2457934
2657	-0.2461078
2658	-0.2473627
2659	-0.2489890
2660	-0.2507934
2661	-0.2525272
2662	-0.2542424
2663	-0.2560741
2664	-0.2569640
2665	-0.2581805
2666	-0.2595054
2667	-0.2610498
2668	-0.2623929
2669	-0.2644940
2670	-0.2668312
2671	-0.2683443
2672	-0.2698439
2673	-0.2709375
2674	-0.2719574
2675	-0.2729914
2676	-0.2738793
2677	-0.2747447
2678	-0.2752994
2679	-0.2760925
2680	-0.2772708
2681	-0.2782940
2682	-0.2795043
2683	-0.2807181
2684	-0.2822174
2685	-0.2837299
2686	-0.2846233
2687	-0.2866668
2688	-0.2885299
2689	-0.2901968
2690	-0.2924339
2691	-0.2950424
2692	-0.2969024
2693	-0.2997264
2694	-0.3019838
2695	-0.3049622
2696	-0.3076122
2697	-0.3107292
2698	-0.3134078
2699	-0.3161055
2700	-0.3187005
2701	-0.3215076
2702	-0.3244807
2703	-0.3276314
2704	-0.3306417
2705	-0.3337832
2706	-0.3355728
2707	-0.3377032
2708	-0.3407506
2709	-0.3427245
2710	-0.3447493
2711	-0.3463977
2712	-0.3478629
2713	-0.3492060
2714	-0.3507432
2715	-0.3530522
2716	-0.3547427
2717	-0.3562696
2718	-0.3583436
2719	-0.3605006
2720	-0.3624274
2721	-0.3653842
2722	-0.3689808
2723	-0.3725560
2724	-0.3765117
2725	-0.3809924
2726	-0.3846150
2727	-0.3893231
2728	-0.3931437
2729	-0.3983152
2730	-0.4031213
2731	-0.4079708
2732	-0.4127898
2733	-0.4168952
2734	-0.4205735
2735	-0.4240517
2736	-0.4278435
2737	-0.4311326
2738	-0.4338134
2739	-0.4364113
2740	-0.4386236
2741	-0.4402966
2742	-0.4421165
2743	-0.4439251
2744	-0.4449690
2745	-0.4461976
2746	-0.4472331
2747	-0.4480016
2748	-0.4487073
2749	-0.4495688
2750	-0.4500402
2751	-0.4505117
2752	-0.4513216
2753	-0.4517725
2754	-0.4526706
2755	-0.4531938
2756	-0.4534162
2757	-0.4543392
2758	-0.4550458
2759	-0.4558557
2760	-0.4568372
2761	-0.4573311
2762	-0.4578750
2763	-0.4583107
2764	-0.4593097
2765	-0.4595408
2766	-0.4604635
2767	-0.4610069
2768	-0.4611076
2769	-0.4616850
2770	-0.4620962
2771	-0.4615380
2772	-0.4610123
2773	-0.4600842
2774	-0.4588060
2775	-0.4575240
2776	-0.4557321
2777	-0.4532626
2778	-0.4505734
2779	-0.4482718
2780	-0.4455235
2781	-0.4425060
2782	-0.4394269
2783	-0.4366112
2784	-0.4335884
2785	-0.4307979
2786	-0.4287777
2787	-0.4270418
2788	-0.4256130
2789	-0.4250362
2790	-0.4247563
2791	-0.4246167
2792	-0.4252132
2793	-0.4264109
2794	-0.4275699
2795	-0.4300662
2796	-0.4325675
2797	-0.4339467
2798	-0.4364007
2799	-0.4386992
2800	-0.4411043
2801	-0.4431465
2802	-0.4448193
2803	-0.4465297
2804	-0.4484122
2805	-0.4494806
2806	-0.4510730
2807	-0.4521316
2808	-0.4529086
2809	-0.4531112
2810	-0.4538016
2811	-0.4540851
2812	-0.4543175
2813	-0.4539845
2814	-0.4542283
2815	-0.4543341
2816	-0.4538897
2817	-0.4537071
2818	-0.4531438
2819	-0.4528991
2820	-0.4530545
2821	-0.4522909
2822	-0.4516890
2823	-0.4520269
2824	-0.4513325
2825	-0.4508695
2826	-0.4510832
2827	-0.4504923
2828	-0.4502682
2829	-0.4505281
2830	-0.4495853
2831	-0.4495271
2832	-0.4494274
2833	-0.4492951
2834	-0.4490584
2835	-0.4488344
2836	-0.4487219
2837	-0.4487785
2838	-0.4485140
2839	-0.4484844
2840	-0.4483914
2841	-0.4478272
2842	-0.4473423
2843	-0.4476055
2844	-0.4468933
2845	-0.4465533
2846	-0.4452134
2847	-0.4445894
2848	-0.4432761
2849	-0.4423683
2850	-0.4413666
2851	-0.4396772
2852	-0.4380299
2853	-0.4359495
2854	-0.4342410
2855	-0.4317395
2856	-0.4291586
2857	-0.4266098
2858	-0.4242339
2859	-0.4217945
2860	-0.4184367
2861	-0.4149278
2862	-0.4115487
2863	-0.4084550
2864	-0.4048958
2865	-0.4019169
2866	-0.3981350
2867	-0.3939129
2868	-0.3901250
2869	-0.3870927
2870	-0.3838089
2871	-0.3802199
2872	-0.3773240
2873	-0.3740839
2874	-0.3715198
2875	-0.3678553
2876	-0.3649240
2877	-0.3623623
2878	-0.3611107
2879	-0.3574964
2880	-0.3545678
2881	-0.3526816
2882	-0.3509866
2883	-0.3481522
2884	-0.3467083
2885	-0.3454270
2886	-0.3434798
2887	-0.3423989
2888	-0.3405834
2889	-0.3400412
2890	-0.3384336
2891	-0.3377546
2892	-0.3366034
2893	-0.3356255
2894	-0.3354392
2895	-0.3352662
2896	-0.3345744
2897	-0.3350588
2898	-0.3347589
2899	-0.3351029
2900	-0.3360497
2901	-0.3365061
2902	-0.3373369
2903	-0.3380155
2904	-0.3393464
2905	-0.3406437
2906	-0.3417589
2907	-0.3433655
2908	-0.3447604
2909	-0.3462510
2910	-0.3483600
2911	-0.3495621
2912	-0.3517752
2913	-0.3532864
2914	-0.3557875
2915	-0.3573508
2916	-0.3590702
2917	-0.3607864
2918	-0.3620341
2919	-0.3634245
2920	-0.3647688
2921	-0.3661721
2922	-0.3668233
2923	-0.3680501
2924	-0.3685427
2925	-0.3688806
2926	-0.3692069
2927	-0.3693301
2928	-0.3694935
2929	-0.3693866
2930	-0.3686817
2931	-0.3677042
2932	-0.3669105
2933	-0.3656548
2934	-0.3647565
2935	-0.3631650
2936	-0.3616831
2937	-0.3603115
2938	-0.3589872
2939	-0.3574783
2940	-0.3561323
2941	-0.3543452
2942	-0.3530135
2943	-0.3515677
2944	-0.3502693
2945	-0.3488118
2946	-0.3475867
2947	-0.3466361
2948	-0.3456040
2949	-0.3446065
2950	-0.3438022
2951	-0.3436260
2952	-0.3425893
2953	-0.3421395
2954	-0.3416724
2955	-0.3416415
2956	-0.3413280
2957	-0.3413226
2958	-0.3413396
2959	-0.3413306
2960	-0.3417002
2961	-0.3419222
2962	-0.3422696
2963	-0.3425395
2964	-0.3432256
2965	-0.3439303
2966	-0.3448039
2967	-0.3448960
2968	-0.3459270
2969	-0.3469422
2970	-0.3480154
2971	-0.3485589
2972	-0.3487743
2973	-0.3504037
2974	-0.3515544
2975	-0.3520479
2976	-0.3535406
2977	-0.3546770
2978	-0.3556898
2979	-0.3567804
2980	-0.3580495
2981	-0.3591705
2982	-0.3598959
2983	-0.3613350
2984	-0.3621537
2985	-0.3632170
2986	-0.3645252
2987	-0.3652622
2988	-0.3668436
2989	-0.3679290
2990	-0.3687958
2991	-0.3699485
2992	-0.3707923
2993	-0.3719038
2994	-0.3728074
2995	-0.3736245
2996	-0.3744563
2997	-0.3758975
2998	-0.3763891
2999	-0.3776044
3000	-0.3782196
3001	-0.3792723
3002	-0.3803660
3003	-0.3814137
3004	-0.3823263
3005	-0.3833057
3006	-0.3837846
3007	-0.3844598
3008	-0.3854877
3009	-0.3864857
3010	-0.3873745
3011	-0.3878027
3012	-0.3888987
3013	-0.3897127
3014	-0.3901217
3015	-0.3908394
3016	-0.3914322
3017	-0.3918411
3018	-0.3928157
3019	-0.3930544
3020	-0.3937115
3021	-0.3948627
3022	-0.3952402
3023	-0.3957966
3024	-0.3964615
3025	-0.3970504
3026	-0.3975990
3027	-0.3979406
3028	-0.3983623
3029	-0.3992197
3030	-0.3996721
3031	-0.3999313
3032	-0.4005360
3033	-0.4010423
3034	-0.4014953
3035	-0.4021611
3036	-0.4024569
3037	-0.4027934
3038	-0.4034304
3039	-0.4033704
3040	-0.4035754
3041	-0.4042043
3042	-0.4045535
3043	-0.4049128
3044	-0.4051434
3045	-0.4056736
3046	-0.4058222
3047	-0.4057424
3048	-0.4058604
3049	-0.4061656
3050	-0.4062243
3051	-0.4068013
3052	-0.4071805
3053	-0.4076308
3054	-0.4073765
3055	-0.4074501
3056	-0.4073790
3057	-0.4075657
3058	-0.4077163
3059	-0.4076919
3060	-0.4078342
3061	-0.4079009
3062	-0.4079089
3063	-0.4078714
3064	-0.4079564
3065	-0.4077626
3066	-0.4076461
3067	-0.4073663
3068	-0.4076730
3069	-0.4074013
3070	-0.4076812
3071	-0.4073305
3072	-0.4073038
3073	-0.4068253
3074	-0.4064585
3075	-0.4064920
3076	-0.4058589
3077	-0.4060692
3078	-0.4059045
3079	-0.4055989
3080	-0.4055396
3081	-0.4053069
3082	-0.4050657
3083	-0.4048503
3084	-0.4046241
3085	-0.4043770
3086	-0.4039531
3087	-0.4034896
3088	-0.4031468
3089	-0.4028022
3090	-0.4026428
3091	-0.4025195
3092	-0.4019798
3093	-0.4015675
3094	-0.4013854
3095	-0.4013863
3096	-0.4007735
3097	-0.4002027
3098	-0.4000227
3099	-0.3995650
3100	-0.3996831
3101	-0.3990996
3102	-0.3990096
3103	-0.3983382
3104	-0.3981637
3105	-0.3977025
3106	-0.3975079
3107	-0.3970459
3108	-0.3965960
3109	-0.3963950
3110	-0.3957116
3111	-0.3953707
3112	-0.3950109
3113	-0.3947464
3114	-0.3943413
3115	-0.3939727
3116	-0.3938649
3117	-0.3932638
3118	-0.3927976
3119	-0.3925769
3120	-0.3923513
3121	-0.3919065
3122	-0.3918432
3123	-0.3917772
3124	-0.3912078
3125	-0.3907148
3126	-0.3903151
3127	-0.3901026
3128	-0.3897839
3129	-0.3896313
3130	-0.3894728
3131	-0.3888594
3132	-0.3885680
3133	-0.3882148
3134	-0.3881559
3135	-0.3879437
3136	-0.3878792
3137	-0.3875210
3138	-0.3875489
3139	-0.3875443
3140	-0.3871791
3141	-0.3867779
3142	-0.3864486
3143	-0.3862603
3144	-0.3861617
3145	-0.3860700
3146	-0.3860160
3147	-0.3854743
3148	-0.3852802
3149	-0.3852438
3150	-0.3853094
3151	-0.3849889
3152	-0.3849813
3153	-0.3849355
3154	-0.3848745
3155	-0.3843181
3156	-0.3843295
3157	-0.3841931
3158	-0.3842127
3159	-0.3841673
3160	-0.3843488
3161	-0.3837212
3162	-0.3837298
3163	-0.3836580
3164	-0.3834924
3165	-0.3836731
3166	-0.3835823
3167	-0.3835670
3168	-0.3837043
3169	-0.3833027
3170	-0.3833414
3171	-0.3826650
3172	-0.3826105
3173	-0.3829267
3174	-0.3829667
3175	-0.3828300
3176	-0.3828251
3177	-0.3829056
3178	-0.3830582
3179	-0.3827922
3180	-0.3831701
3181	-0.3832031
3182	-0.3831035
3183	-0.3831637
3184	-0.3836237
3185	-0.3836138
3186	-0.3833917
3187	-0.3831396
3188	-0.3829999
3189	-0.3829294
3190	-0.3828696
3191	-0.3829925
3192	-0.3832356
3193	-0.3833024
3194	-0.3835993
3195	-0.3831234
3196	-0.3831759
3197	-0.3833025
3198	-0.3835611
3199	-0.3835466
3200	-0.3834612
3201	-0.3836905
3202	-0.3837376
3203	-0.3837154
3204	-0.3839895
3205	-0.3839187
3206	-0.3840560
3207	-0.3841673
3208	-0.3842625
3209	-0.3846150
3210	-0.3843199
3211	-0.3845215
3212	-0.3845285
3213	-0.3847676
3214	-0.3850612
3215	-0.3851905
3216	-0.3851133
3217	-0.3855833
3218	-0.3852621
3219	-0.3855640
3220	-0.3856519
3221	-0.3856503
3222	-0.3858095
3223	-0.3860840
3224	-0.3862706
3225	-0.3863855
3226	-0.3859901
3227	-0.3861260
3228	-0.3866246
3229	-0.3869717
3230	-0.3872053
3231	-0.3868811
3232	-0.3873215
3233	-0.3874640
3234	-0.3876026
3235	-0.3876052
3236	-0.3877704
3237	-0.3881619
3238	-0.3882649
3239	-0.3884812
3240	-0.3884764
3241	-0.3885658
3242	-0.3888029
3243	-0.3890024
3244	-0.3892512
3245	-0.3893420
3246	-0.3895603
3247	-0.3897606
3248	-0.3900455
3249	-0.3903363
3250	-0.3907006
3251	-0.3905237
3252	-0.3907047
3253	-0.3909377
3254	-0.3911749
3255	-0.3912357
3256	-0.3914669
3257	-0.3915442
3258	-0.3916764
3259	-0.3919686
3260	-0.3922278
3261	-0.3923622
3262	-0.3925341
3263	-0.3926100
3264	-0.3930076
3265	-0.3933634
3266	-0.3933177
3267	-0.3938429
3268	-0.3938409
3269	-0.3939134
3270	-0.3941375
3271	-0.3942405
3272	-0.3946272
3273	-0.3948188
3274	-0.3948483
3275	-0.3954931
3276	-0.3956286
3277	-0.3957237
3278	-0.3961808
3279	-0.3964907
3280	-0.3965715
3281	-0.3968800
3282	-0.3970539
3283	-0.3973912
3284	-0.3976967
3285	-0.3977974
3286	-0.3982032
3287	-0.3984299
3288	-0.3984327
3289	-0.3987827
3290	-0.3988245
3291	-0.3991053
3292	-0.3993745
3293	-0.3996722
3294	-0.3996442
3295	-0.4003681
3296	-0.4004240
3297	-0.4008137
3298	-0.4010430
3299	-0.4012613
3300	-0.4017168
3301	-0.4019924
3302	-0.4024140
3303	-0.4027134
3304	-0.4028399
3305	-0.4032079
3306	-0.4033014
3307	-0.4037978
3308	-0.4038181
3309	-0.4038588
3310	-0.4043570
3311	-0.4047829
3312	-0.4049065
3313	-0.4050459
3314	-0.4052682
3315	-0.4057485
3316	-0.4062645
3317	-0.4063427
3318	-0.4071608
3319	-0.4071981
3320	-0.4075564
3321	-0.4080546
3322	-0.4082387
3323	-0.4086777
3324	-0.4089104
3325	-0.4093159
3326	-0.4096879
3327	-0.4098592
3328	-0.4107461
3329	-0.4109049
3330	-0.4113377
3331	-0.4115584
3332	-0.4120373
3333	-0.4123872
3334	-0.4127979
3335	-0.4131210
3336	-0.4135047
3337	-0.4138015
3338	-0.4143874
3339	-0.4148082
3340	-0.4153194
3341	-0.4154491
3342	-0.4159825
3343	-0.4163961
3344	-0.4167980
3345	-0.4171228
3346	-0.4176344
3347	-0.4177235
3348	-0.4178355
3349	-0.4180475
3350	-0.4189240
3351	-0.4191082
3352	-0.4199281
3353	-0.4200886
3354	-0.4203109
3355	-0.4205523
3356	-0.4210702
3357	-0.4210960
3358	-0.4211941
3359	-0.4221022
3360	-0.4223134
3361	-0.4228338
3362	-0.4231615
3363	-0.4233512
3364	-0.4241943
3365	-0.4243388
3366	-0.4246804
3367	-0.4250560
3368	-0.4250810
3369	-0.4255267
3370	-0.4257627
3371	-0.4262908
3372	-0.4267796
3373	-0.4269808
3374	-0.4270854
3375	-0.4274721
3376	-0.4278079
3377	-0.4279992
3378	-0.4282762
3379	-0.4286422
3380	-0.4289678
3381	-0.4293799
3382	-0.4293949
3383	-0.4296767
3384	-0.4299584
3385	-0.4302061
3386	-0.4304069
3387	-0.4306336
3388	-0.4308953
3389	-0.4311002
3390	-0.4313507
3391	-0.4316012
3392	-0.4321968
3393	-0.4322209
3394	-0.4324128
3395	-0.4327398
3396	-0.4331064
3397	-0.4331040
3398	-0.4334056
3399	-0.4335782
3400	-0.4338158
3401	-0.4338261
3402	-0.4341835
3403	-0.4342712
3404	-0.4347581
3405	-0.4349560
3406	-0.4349712
3407	-0.4350357
3408	-0.4351961
3409	-0.4352719
3410	-0.4355795
3411	-0.4360448
3412	-0.4360009
3413	-0.4363384
3414	-0.4364884
3415	-0.4367670
3416	-0.4369980
3417	-0.4372245
3418	-0.4373806
3419	-0.4374193
3420	-0.4374863
3421	-0.4377107
3422	-0.4378710
3423	-0.4380161
3424	-0.4380442
3425	-0.4380629
3426	-0.4381787
3427	-0.4387145
3428	-0.4387210
3429	-0.4387552
3430	-0.4388577
3431	-0.4389240
3432	-0.4391185
3433	-0.4393213
3434	-0.4394702
3435	-0.4396374
3436	-0.4396843
3437	-0.4399140
3438	-0.4401464
3439	-0.4401765
3440	-0.4402453
3441	-0.4402945
3442	-0.4404319
3443	-0.4405164
3444	-0.4406804
3445	-0.4407930
3446	-0.4410644
3447	-0.4410656
3448	-0.4414828
3449	-0.4416414
3450	-0.4417050
3451	-0.4417440
3452	-0.4418398
3453	-0.4419562
3454	-0.4419791
3455	-0.4420044
3456	-0.4420594
3457	-0.4420602
3458	-0.4422054
3459	-0.4424706
3460	-0.4425433
3461	-0.4425881
3462	-0.4426656
3463	-0.4427543
3464	-0.4427655
3465	-0.4427698
3466	-0.4427953
3467	-0.4430181
3468	-0.4431009
3469	-0.4432891
3470	-0.4433291
3471	-0.4435491
3472	-0.4435643
3473	-0.4436000
3474	-0.4436534
3475	-0.4437131
3476	-0.4438902
3477	-0.4439925
3478	-0.4440985
3479	-0.4442265
3480	-0.4442623
3481	-0.4443405
3482	-0.4443733
3483	-0.4443860
3484	-0.4445436
3485	-0.4446492
3486	-0.4446566
3487	-0.4447238
3488	-0.4449013
3489	-0.4450257
3490	-0.4449996
3491	-0.4450983
3492	-0.4450709
3493	-0.4451415
3494	-0.4451495
3495	-0.4454289
3496	-0.4454418
3497	-0.4455863
3498	-0.4455772
3499	-0.4455250
3500	-0.4455968
3501	-0.4456553
3502	-0.4456468
3503	-0.4456463
3504	-0.4454467
3505	-0.4454618
3506	-0.4457321
3507	-0.4460126
3508	-0.4458945
3509	-0.4458998
3510	-0.4459571
3511	-0.4459474
3512	-0.4460513
3513	-0.4460844
3514	-0.4460394
3515	-0.4458621
3516	-0.4459340
3517	-0.4460170
3518	-0.4460685
3519	-0.4460986
3520	-0.4461566
3521	-0.4461983
3522	-0.4462526
3523	-0.4462027
3524	-0.4461545
3525	-0.4462119
3526	-0.4460880
3527	-0.4462145
3528	-0.4464566
3529	-0.4463322
3530	-0.4460807
3531	-0.4460712
3532	-0.4461900
3533	-0.4461920
3534	-0.4463137
3535	-0.4463806
3536	-0.4464204
3537	-0.4462455
3538	-0.4462297
3539	-0.4462714
3540	-0.4463224
3541	-0.4463206
3542	-0.4462997
3543	-0.4462776
3544	-0.4462297
3545	-0.4462500
3546	-0.4462267
3547	-0.4464269
3548	-0.4464412
3549	-0.4463060
3550	-0.4463192
3551	-0.4465037
3552	-0.4464577
3553	-0.4464546
3554	-0.4464626
3555	-0.4464935
3556	-0.4466120
3557	-0.4465417
3558	-0.4464056
3559	-0.4463549
3560	-0.4463119
3561	-0.4462864
3562	-0.4464925
3563	-0.4464739
3564	-0.4466462
3565	-0.4465989
3566	-0.4463693
3567	-0.4463395
3568	-0.4462599
3569	-0.4462103
3570	-0.4462032
3571	-0.4460780
3572	-0.4461931
3573	-0.4463132
3574	-0.4463457
3575	-0.4462544
3576	-0.4462104
3577	-0.4462518
3578	-0.4463294
3579	-0.4463811
3580	-0.4463786
3581	-0.4462491
3582	-0.4462831
3583	-0.4464247
3584	-0.4464519
3585	-0.4464600
3586	-0.4465614
3587	-0.4465689
3588	-0.4465818
3589	-0.4465576
3590	-0.4465731
3591	-0.4465908
3592	-0.4465977
3593	-0.4464722
3594	-0.4464557
3595	-0.4464796
3596	-0.4464658
3597	-0.4464104
3598	-0.4464671
3599	-0.4464416
3600	-0.4464373
3601	-0.4465101
3602	-0.4466579
3603	-0.4467648
3604	-0.4468205
3605	-0.4467094
3606	-0.4468395
3607	-0.4469122
3608	-0.4466147
3609	-0.4466500
3610	-0.4466800
3611	-0.4467417
3612	-0.4467396
3613	-0.4467496
3614	-0.4469180
3615	-0.4470420
3616	-0.4470351
3617	-0.4470971
3618	-0.4470194
3619	-0.4469218
3620	-0.4468886
3621	-0.4468912
3622	-0.4469708
3623	-0.4470150
3624	-0.4471207
3625	-0.4470780
3626	-0.4470535
3627	-0.4469757
3628	-0.4469512
3629	-0.4468036
3630	-0.4467755
3631	-0.4467436
3632	-0.4469161
3633	-0.4469240
3634	-0.4470155
3635	-0.4471709
3636	-0.4472112
3637	-0.4471587
3638	-0.4470042
3639	-0.4470228
3640	-0.4470582
3641	-0.4471062
3642	-0.4471184
3643	-0.4471429
3644	-0.4472350
3645	-0.4471916
3646	-0.4471635
3647	-0.4471389
3648	-0.4470655
3649	-0.4470366
3650	-0.4471327
3651	-0.4471937
3652	-0.4471473
3653	-0.4470826
3654	-0.4472858
3655	-0.4472264
3656	-0.4472333
3657	-0.4472414
3658	-0.4473767
3659	-0.4473782
3660	-0.4473406
3661	-0.4473237
3662	-0.4473116
3663	-0.4474819
3664	-0.4475446
3665	-0.4470931
3666	-0.4470867
3667	-0.4469383
3668	-0.4468606
3669	-0.4467059
3670	-0.4462521
3671	-0.4460693
3672	-0.4452578
3673	-0.4445470
3674	-0.4437080
3675	-0.4428096
3676	-0.4413609
3677	-0.4401946
3678	-0.4389206
3679	-0.4378421
3680	-0.4375392
3681	-0.4364617
3682	-0.4359820
3683	-0.4359962
3684	-0.4360744
3685	-0.4370734
3686	-0.4397349
3687	-0.4425879
3688	-0.4469221
3689	-0.4525978
3690	-0.4579736
3691	-0.4656156
3692	-0.4736971
3693	-0.4823375
3694	-0.4911000
3695	-0.5009000
3696	-0.5108969
3697	-0.5204600
3698	-0.5299751
3699	-0.5411472
3700	-0.5496560
3701	-0.5584091
3702	-0.5658658
3703	-0.5749282
3704	-0.5813534
3705	-0.5892445
3706	-0.5948689
3707	-0.6002147
3708	-0.6050886
3709	-0.6096258
3710	-0.6135929
3711	-0.6168187
3712	-0.6200397
3713	-0.6226860
3714	-0.6250262
3715	-0.6268585
3716	-0.6282223
3717	-0.6298313
3718	-0.6308742
3719	-0.6315522
3720	-0.6323773
3721	-0.6330040
3722	-0.6334948
3723	-0.6337173
3724	-0.6337092
3725	-0.6336837
3726	-0.6335192
3727	-0.6327837
3728	-0.6320903
3729	-0.6306395
3730	-0.6291253
3731	-0.6267692
3732	-0.6243936
3733	-0.6220220
3734	-0.6185140
3735	-0.6150200
3736	-0.6108452
3737	-0.6062465
3738	-0.6010574
3739	-0.5963834
3740	-0.5917348
3741	-0.5845171
3742	-0.5809060
3743	-0.5764288
3744	-0.5719927
3745	-0.5669137
3746	-0.5638481
3747	-0.5614530
3748	-0.5599124
3749	-0.5590967
3750	-0.5591299
3751	-0.5592536
3752	-0.5610173
3753	-0.5630917
3754	-0.5665875
3755	-0.5702859
3756	-0.5742948
3757	-0.5785698
3758	-0.5828448
3759	-0.5872181
3760	-0.5916094
3761	-0.5961147
3762	-0.6001829
3763	-0.6043797
3764	-0.6078367
3765	-0.6114463
3766	-0.6146481
3767	-0.6168551
3768	-0.6192367
3769	-0.6213369
3770	-0.6231542
3771	-0.6249109
3772	-0.6264666
3773	-0.6270875
3774	-0.6282278
3775	-0.6291257
3776	-0.6298455
3777	-0.6300487
3778	-0.6310232
3779	-0.6310378
3780	-0.6310477
3781	-0.6315499
3782	-0.6316184
3783	-0.6316195
3784	-0.6317003
3785	-0.6316386
3786	-0.6315329
3787	-0.6313791
3788	-0.6312979
3789	-0.6312476
3790	-0.6307947
3791	-0.6304139
3792	-0.6301456
3793	-0.6296697
3794	-0.6290122
3795	-0.6287810
3796	-0.6281347
3797	-0.6274891
3798	-0.6273956
3799	-0.6269759
3800	-0.6257862
3801	-0.6249376
3802	-0.6245810
3803	-0.6232742
3804	-0.6228016
3805	-0.6213245
3806	-0.6203013
3807	-0.6189707
3808	-0.6169830
3809	-0.6150516
3810	-0.6133632
3811	-0.6114132
3812	-0.6092041
3813	-0.6062943
3814	-0.6030745
3815	-0.6000482
3816	-0.5965928
3817	-0.5927526
3818	-0.5889801
3819	-0.5843292
3820	-0.5806219
3821	-0.5757807
3822	-0.5708480
3823	-0.5647064
3824	-0.5602711
3825	-0.5537051
3826	-0.5475709
3827	-0.5417971
3828	-0.5359055
3829	-0.5296698
3830	-0.5232595
3831	-0.5169561
3832	-0.5107283
3833	-0.5047614
3834	-0.4971912
3835	-0.4915746
3836	-0.4859694
3837	-0.4800231
3838	-0.4743346
3839	-0.4692914
3840	-0.4635499
3841	-0.4582980
3842	-0.4537083
3843	-0.4478691
3844	-0.4432191
3845	-0.4399080
3846	-0.4357674
3847	-0.4319440
3848	-0.4282018
3849	-0.4251522
3850	-0.4216578
3851	-0.4187747
3852	-0.4167426
3853	-0.4143616
3854	-0.4115915
3855	-0.4095138
3856	-0.4075134
3857	-0.4062267
3858	-0.4048272
3859	-0.4035338
3860	-0.4026064
3861	-0.4014801
3862	-0.4010767
3863	-0.4006864
3864	-0.4008696
3865	-0.4010344
3866	-0.4007322
3867	-0.4005937
3868	-0.4015106
3869	-0.4018791
3870	-0.4022697
3871	-0.4031315
3872	-0.4040289
3873	-0.4046058
3874	-0.4054954
3875	-0.4058791
3876	-0.4063238
3877	-0.4061295
3878	-0.4068982
3879	-0.4064953
3880	-0.4065319
3881	-0.4060130
3882	-0.4052850
3883	-0.4043144
3884	-0.4032383
3885	-0.4020341
3886	-0.4007208
3887	-0.3994959
3888	-0.3969185
3889	-0.3944928
3890	-0.3918163
3891	-0.3888463
3892	-0.3862101
3893	-0.3835376
3894	-0.3806730
3895	-0.3774907
3896	-0.3739242
3897	-0.3705894
3898	-0.3675742
3899	-0.3644914
3900	-0.3610401
3901	-0.3590045
3902	-0.3548415
3903	-0.3516880
3904	-0.3485528
3905	-0.3452511
3906	-0.3424822
3907	-0.3397744
3908	-0.3370002
3909	-0.3341983
3910	-0.3318412
3911	-0.3300533
3912	-0.3275027
3913	-0.3249306
3914	-0.3229745
3915	-0.3208250
3916	-0.3187726
3917	-0.3171024
3918	-0.3150834
3919	-0.3133220
3920	-0.3121920
3921	-0.3103553
3922	-0.3085719
3923	-0.3068984
3924	-0.3055451
3925	-0.3040290
3926	-0.3025774
3927	-0.3019808
3928	-0.3005899
3929	-0.2993334
3930	-0.2983188
3931	-0.2969777
3932	-0.2959550
3933	-0.2950394
3934	-0.2940653
3935	-0.2931468
3936	-0.2919574
3937	-0.2909007
3938	-0.2902948
3939	-0.2895471
3940	-0.2888914
3941	-0.2879235
3942	-0.2872021
3943	-0.2866298
3944	-0.2863306
3945	-0.2856075
3946	-0.2847713
3947	-0.2844738
3948	-0.2841579
3949	-0.2833653
3950	-0.2827043
3951	-0.2824129
3952	-0.2822167
3953	-0.2818554
3954	-0.2813218
3955	-0.2812879
3956	-0.2806265
3957	-0.2802413
3958	-0.2799662
3959	-0.2797989
3960	-0.2801584
3961	-0.2800160
3962	-0.2795123
3963	-0.2797892
3964	-0.2791800
3965	-0.2790857
3966	-0.2788077
3967	-0.2791705
3968	-0.2787238
3969	-0.2789038
3970	-0.2788670
3971	-0.2787454
3972	-0.2788131
3973	-0.2793265
3974	-0.2789402
3975	-0.2789985
3976	-0.2792508
3977	-0.2795447
3978	-0.2793704
3979	-0.2797118
3980	-0.2805576
3981	-0.2801686
3982	-0.2805820
3983	-0.2814936
3984	-0.2808688
3985	-0.2811156
3986	-0.2816694
3987	-0.2820717
3988	-0.2821557
3989	-0.2825114
3990	-0.2826233
3991	-0.2834769
3992	-0.2839301
3993	-0.2837014
3994	-0.2845011
3995	-0.2852337
3996	-0.2854427
3997	-0.2862685
3998	-0.2869526
3999	-0.2879478
4000	-0.2877210
4001	-0.2884465
4002	-0.2893299
4003	-0.2900276
4004	-0.2907201
4005	-0.2912278
4006	-0.2917457
4007	-0.2918037
4008	-0.2933239
4009	-0.2936085
4010	-0.2948347
4011	-0.2955704
4012	-0.2960925
4013	-0.2968404
4014	-0.2983259
4015	-0.2990042
4016	-0.2994339
4017	-0.3006908
4018	-0.3010893
4019	-0.3022660
4020	-0.3032992
4021	-0.3042010
4022	-0.3053181
4023	-0.3062378
4024	-0.3070491
4025	-0.3082265
4026	-0.3094803
4027	-0.3104103
4028	-0.3113842
4029	-0.3123316
4030	-0.3132402
4031	-0.3145168
4032	-0.3157132
4033	-0.3169106
4034	-0.3179209
4035	-0.3190168
4036	-0.3204272
4037	-0.3215914
4038	-0.3223705
4039	-0.3236423
4040	-0.3252591
4041	-0.3264531
4042	-0.3277157
4043	-0.3289872
4044	-0.3302016
4045	-0.3312282
4046	-0.3323407
4047	-0.3336727
4048	-0.3349512
4049	-0.3361260
4050	-0.3378057
4051	-0.3396818
4052	-0.3411169
4053	-0.3427558
4054	-0.3440117
4055	-0.3453914
4056	-0.3469841
4057	-0.3483971
4058	-0.3500098
4059	-0.3514954
4060	-0.3531460
4061	-0.3545418
4062	-0.3555503
4063	-0.3568122
4064	-0.3587040
4065	-0.3601814
4066	-0.3617199
4067	-0.3632507
4068	-0.3649025
4069	-0.3661779
4070	-0.3675899
4071	-0.3680704
4072	-0.3702683
4073	-0.3718306
4074	-0.3732390
4075	-0.3743414
4076	-0.3753800
4077	-0.3765269
4078	-0.3778559
4079	-0.3791697
4080	-0.3803192
4081	-0.3816148
4082	-0.3826449
4083	-0.3832492
4084	-0.3845234
4085	-0.3862757
4086	-0.3870810
4087	-0.3880526
4088	-0.3891288
4089	-0.3900878
4090	-0.3905674
4091	-0.3917923
4092	-0.3926818
4093	-0.3939884
4094	-0.3947432
4095	-0.3962184
4096	-0.3971308
4097	-0.3981250
4098	-0.3988498
4099	-0.4000789
4100	-0.4008543
4101	-0.4015905
4102	-0.4022182
4103	-0.4032946
4104	-0.4037680
4105	-0.4047462
4106	-0.4059027
4107	-0.4065625
4108	-0.4074634
4109	-0.4081900
4110	-0.4085703
4111	-0.4094656
4112	-0.4104239
4113	-0.4109468
4114	-0.4115695
4115	-0.4121127
4116	-0.4132169
4117	-0.4137180
4118	-0.4141691
4119	-0.4149163
4120	-0.4152926
4121	-0.4160855
4122	-0.4167270
4123	-0.4172757
4124	-0.4178369
4125	-0.4185503
4126	-0.4193957
4127	-0.4201819
4128	-0.4206968
4129	-0.4212483
4130	-0.4215884
4131	-0.4222930
4132	-0.4229102
4133	-0.4233768
4134	-0.4236040
4135	-0.4243756
4136	-0.4248622
4137	-0.4253659
4138	-0.4257682
4139	-0.4261971
4140	-0.4266266
4141	-0.4274319
4142	-0.4276469
4143	-0.4279688
4144	-0.4284289
4145	-0.4286459
4146	-0.4290773
4147	-0.4298521
4148	-0.4302383
4149	-0.4307039
4150	-0.4311402
4151	-0.4311744
4152	-0.4312266
4153	-0.4319618
4154	-0.4323355
4155	-0.4324260
4156	-0.4331057
4157	-0.4332564
4158	-0.4336409
4159	-0.4336963
4160	-0.4340028
4161	-0.4341642
4162	-0.4342989
4163	-0.4346022
4164	-0.4349632
4165	-0.4350929
4166	-0.4353081
4167	-0.4353986
4168	-0.4358031
4169	-0.4360404
4170	-0.4361853
4171	-0.4363445
4172	-0.4367459
4173	-0.4368355
4174	-0.4370791
4175	-0.4373008
4176	-0.4374843
4177	-0.4377348
4178	-0.4378091
4179	-0.4381546
4180	-0.4383434
4181	-0.4384112
4182	-0.4387870
4183	-0.4385472
4184	-0.4385530
4185	-0.4390145
4186	-0.4390716
4187	-0.4394730
4188	-0.4398098
4189	-0.4399827
4190	-0.4400940
4191	-0.4400676
4192	-0.4403197
4193	-0.4404305
4194	-0.4406156
4195	-0.4406003
4196	-0.4409123
4197	-0.4412228
4198	-0.4412857
4199	-0.4414191
4200	-0.4414999
4201	-0.4414839
4202	-0.4415266
4203	-0.4416490
4204	-0.4419671
4205	-0.4420156
4206	-0.4424223
4207	-0.4424458
4208	-0.4425886
4209	-0.4425900
4210	-0.4425734
4211	-0.4426846
4212	-0.4427524
4213	-0.4429342
4214	-0.4431291
4215	-0.4432622
4216	-0.4432944
4217	-0.4433704
4218	-0.4436492
4219	-0.4436878
4220	-0.4437223
4221	-0.4438169
4222	-0.4440729
4223	-0.4441406
4224	-0.4441421
4225	-0.4441641
4226	-0.4440624
4227	-0.4442255
4228	-0.4443124
4229	-0.4444623
4230	-0.4446068
4231	-0.4446653
4232	-0.4447187
4233	-0.4448001
4234	-0.4448408
4235	-0.4448821
4236	-0.4448895
4237	-0.4449606
4238	-0.4451636
4239	-0.4451466
4240	-0.4451155
4241	-0.4448221
4242	-0.4447258
4243	-0.4449061
4244	-0.4449553
4245	-0.4449614
4246	-0.4448895
4247	-0.4447465
4248	-0.4446787
4249	-0.4448103
4250	-0.4448297
4251	-0.4448289
4252	-0.4447854
4253	-0.4447600
4254	-0.4446901
4255	-0.4447270
4256	-0.4447551
4257	-0.4445835
4258	-0.4443764
4259	-0.4443639
4260	-0.4444750
4261	-0.4443933
4262	-0.4443326
4263	-0.4443348
4264	-0.4443458
4265	-0.4444996
4266	-0.4442636
4267	-0.4442111
4268	-0.4441984
4269	-0.4441788
4270	-0.4442676
4271	-0.4441333
4272	-0.4441764
4273	-0.4440654
4274	-0.4439455
4275	-0.4439667
4276	-0.4440021
4277	-0.4439500
4278	-0.4438161
4279	-0.4438199
4280	-0.4437411
4281	-0.4437480
4282	-0.4436925
4283	-0.4436106
4284	-0.4436251
4285	-0.4437554
4286	-0.4439283
4287	-0.4440023
4288	-0.4439988
4289	-0.4439345
4290	-0.4438767
4291	-0.4438717
4292	-0.4438449
4293	-0.4437740
4294	-0.4437594
4295	-0.4437527
4296	-0.4437707
4297	-0.4437561
4298	-0.4437223
4299	-0.4437765
4300	-0.4437255
4301	-0.4436817
4302	-0.4436094
4303	-0.4434999
4304	-0.4435893
4305	-0.4436654
4306	-0.4436241
4307	-0.4436229
4308	-0.4436082
4309	-0.4436079
4310	-0.4435376
4311	-0.4433187
4312	-0.4433183
4313	-0.4433735
4314	-0.4434141
4315	-0.4434268
4316	-0.4434288
4317	-0.4434367
4318	-0.4434192
4319	-0.4436152
4320	-0.4436024
4321	-0.4435511
4322	-0.4434980
4323	-0.4434465
4324	-0.4435312
4325	-0.4435382
4326	-0.4435354
4327	-0.4435123
4328	-0.4434755
4329	-0.4434950
4330	-0.4434738
4331	-0.4432289
4332	-0.4431787
4333	-0.4429774
4334	-0.4429723
4335	-0.4429598
4336	-0.4428825
4337	-0.4425353
4338	-0.4422386
4339	-0.4420020
4340	-0.4417299
4341	-0.4410930
4342	-0.4404757
4343	-0.4393769
4344	-0.4387346
4345	-0.4377420
4346	-0.4370347
4347	-0.4361103
4348	-0.4356611
4349	-0.4350993
4350	-0.4348325
4351	-0.4349651
4352	-0.4353303
4353	-0.4368116
4354	-0.4390124
4355	-0.4421795
4356	-0.4466592
4357	-0.4511512
4358	-0.4572558
4359	-0.4647584
4360	-0.4722150
4361	-0.4805079
4362	-0.4903421
4363	-0.5010820
4364	-0.5091968
4365	-0.5202994
4366	-0.5289660
4367	-0.5379069
4368	-0.5472695
4369	-0.5564707
4370	-0.5642241
4371	-0.5735406
4372	-0.5800818
4373	-0.5863089
4374	-0.5918009
4375	-0.5972589
4376	-0.6032076
4377	-0.6062969
4378	-0.6098762
4379	-0.6126738
4380	-0.6150518
4381	-0.6162936
4382	-0.6186308
4383	-0.6204546
4384	-0.6212933
4385	-0.6215664
4386	-0.6225856
4387	-0.6230916
4388	-0.6233129
4389	-0.6233222
4390	-0.6232801
4391	-0.6230593
4392	-0.6228409
4393	-0.6224813
4394	-0.6224048
4395	-0.6212037
4396	-0.6202095
4397	-0.6196575
4398	-0.6188242
4399	-0.6179097
4400	-0.6167079
4401	-0.6156893
4402	-0.6143874
4403	-0.6136950
4404	-0.6125497
4405	-0.6108097
4406	-0.6095989
4407	-0.6086032
4408	-0.6078535
4409	-0.6064968
4410	-0.6049949
4411	-0.6037845
4412	-0.6029580
4413	-0.6020041
4414	-0.6007930
4415	-0.5992402
4416	-0.5980912
4417	-0.5973809
4418	-0.5959442
4419	-0.5944424
4420	-0.5941182
4421	-0.5928618
4422	-0.5916983
4423	-0.5905082
4424	-0.5898193
4425	-0.5883089
4426	-0.5869843
4427	-0.5859230
4428	-0.5847929
4429	-0.5834581
4430	-0.5822033
4431	-0.5809080
4432	-0.5800983
4433	-0.5792933
4434	-0.5773483
4435	-0.5760260
4436	-0.5754918
4437	-0.5745789
4438	-0.5728101
4439	-0.5710957
4440	-0.5697219
4441	-0.5685790
4442	-0.5670202
4443	-0.5654082
4444	-0.5639767
4445	-0.5620551
4446	-0.5607717
4447	-0.5590948
4448	-0.5572430
4449	-0.5555235
4450	-0.5532778
4451	-0.5516936
4452	-0.5498697
4453	-0.5481566
4454	-0.5457477
4455	-0.5438148
4456	-0.5421759
4457	-0.5402323
4458	-0.5376392
4459	-0.5354772
4460	-0.5333303
4461	-0.5309417
4462	-0.5285373
4463	-0.5261518
4464	-0.5235129
4465	-0.5215654
4466	-0.5183959
4467	-0.5154772
4468	-0.5129004
4469	-0.5101643
4470	-0.5074953
4471	-0.5050056
4472	-0.5020564
4473	-0.4995035
4474	-0.4971225
4475	-0.4934834
4476	-0.4910012
4477	-0.4878658
4478	-0.4843562
4479	-0.4812484
4480	-0.4778959
4481	-0.4744828
4482	-0.4713365
4483	-0.4674598
4484	-0.4632408
4485	-0.4591396
4486	-0.4553872
4487	-0.4506635
4488	-0.4460313
4489	-0.4411191
4490	-0.4360254
4491	-0.4310323
4492	-0.4256448
4493	-0.4201735
4494	-0.4143554
4495	-0.4079024
4496	-0.4017094
4497	-0.3959703
4498	-0.3891296
4499	-0.3830277
4500	-0.3755655
4501	-0.3684978
4502	-0.3622707
4503	-0.3556773
4504	-0.3495418
4505	-0.3428263
4506	-0.3355613
4507	-0.3273348
4508	-0.3235345
4509	-0.3161932
4510	-0.3113855
4511	-0.3050672
4512	-0.2992236
4513	-0.2939634
4514	-0.2891175
4515	-0.2841649
4516	-0.2797747
4517	-0.2758457
4518	-0.2725381
4519	-0.2691237
4520	-0.2659491
4521	-0.2623207
4522	-0.2591484
4523	-0.2567763
4524	-0.2547159
4525	-0.2528279
4526	-0.2511930
4527	-0.2498776
4528	-0.2484790
4529	-0.2475578
4530	-0.2468862
4531	-0.2459737
4532	-0.2456316
4533	-0.2451962
4534	-0.2447849
4535	-0.2447647
4536	-0.2448532
4537	-0.2449250
4538	-0.2451770
4539	-0.2453294
4540	-0.2459501
4541	-0.2466044
4542	-0.2470170
4543	-0.2476946
4544	-0.2489903
4545	-0.2499148
4546	-0.2509460
4547	-0.2525537
4548	-0.2533982
4549	-0.2550347
4550	-0.2562670
4551	-0.2575128
4552	-0.2593235
4553	-0.2607510
4554	-0.2618313
4555	-0.2631560
4556	-0.2652317
4557	-0.2662848
4558	-0.2681703
4559	-0.2693994
4560	-0.2713440
4561	-0.2724845
4562	-0.2743870
4563	-0.2752673
4564	-0.2764391
4565	-0.2774112
4566	-0.2793249
4567	-0.2809044
4568	-0.2824079
4569	-0.2833025
4570	-0.2843175
4571	-0.2847982
4572	-0.2866908
4573	-0.2877701
4574	-0.2887919
4575	-0.2899112
4576	-0.2911572
4577	-0.2921662
4578	-0.2938097
4579	-0.2947637
4580	-0.2953468
4581	-0.2967227
4582	-0.2972481
4583	-0.2988633
4584	-0.2999338
4585	-0.3008745
4586	-0.3019522
4587	-0.3028385
4588	-0.3042395
4589	-0.3052980
4590	-0.3066823
4591	-0.3075929
4592	-0.3084782
4593	-0.3098519
4594	-0.3106529
4595	-0.3118390
4596	-0.3133047
4597	-0.3141480
4598	-0.3156552
4599	-0.3169105
4600	-0.3181611
4601	-0.3194750
4602	-0.3205253
4603	-0.3211738
4604	-0.3226864
4605	-0.3242168
4606	-0.3254118
4607	-0.3268194
4608	-0.3280572
4609	-0.3292951
4610	-0.3302029
4611	-0.3318017
4612	-0.3329362
4613	-0.3340198
4614	-0.3357750
4615	-0.3370281
4616	-0.3385473
4617	-0.3396822
4618	-0.3417539
4619	-0.3431027
4620	-0.3444348
4621	-0.3458772
4622	-0.3471032
4623	-0.3489528
4624	-0.3505509
4625	-0.3522127
4626	-0.3536990
4627	-0.3551258
4628	-0.3564548
4629	-0.3580511
4630	-0.3596625
4631	-0.3608138
4632	-0.3624207
4633	-0.3637922
4634	-0.3651646
4635	-0.3669542
4636	-0.3687260
4637	-0.3699338
4638	-0.3717170
4639	-0.3727232
4640	-0.3746680
4641	-0.3761482
4642	-0.3776370
4643	-0.3788983
4644	-0.3805514
4645	-0.3819213
4646	-0.3838214
4647	-0.3851450
4648	-0.3866064
4649	-0.3879315
4650	-0.3895754
4651	-0.3911328
4652	-0.3925808
4653	-0.3935283
4654	-0.3948647
4655	-0.3963310
4656	-0.3972148
4657	-0.3984888
4658	-0.4013501
4659	-0.4055809
4660	-0.4096166
4661	-0.4136612
4662	-0.4175333
4663	-0.4206345
4664	-0.4233899
4665	-0.4256482
4666	-0.4280942
4667	-0.4302499
4668	-0.4322403
4669	-0.4338595
4670	-0.4357556
4671	-0.4370660
4672	-0.4383114
4673	-0.4391403
4674	-0.4397872
4675	-0.4405247
4676	-0.4411272
4677	-0.4415971
4678	-0.4419769
4679	-0.4422142
4680	-0.4424807
4681	-0.4427091
4682	-0.4428879
4683	-0.4429050
4684	-0.4428854
4685	-0.4427687
4686	-0.4425788
4687	-0.4428579
4688	-0.4427168
4689	-0.4427224
4690	-0.4426474
4691	-0.4427234
