x	y
1	4545.6890769
2	4545.6890769
3	4552.4306667
4	4563.6503000
5	4573.0045167
6	4586.0217333
7	4600.9336346
8	4614.7038462
9	4624.0952077
10	4627.6663125
11	4629.6540714
12	4634.9336106
13	4638.9582500
14	4639.2882615
15	4641.2004856
16	4643.5980144
17	4644.1130600
18	4644.8777163
19	4648.1725714
20	4649.5269087
21	4649.7389042
22	4649.4594667
23	4649.2627500
24	4647.2894783
25	4647.6572000
26	4647.3629818
27	4643.1812308
28	4641.7220687
29	4639.7577905
30	4638.8188393
31	4635.6028125
32	4633.9552452
33	4633.6950000
34	4634.4984337
35	4634.6300378
36	4638.5731298
37	4639.0466587
38	4639.5201875
39	4642.1461202
40	4643.9013077
41	4646.6876923
42	4646.8364038
43	4646.9131070
44	4650.2495014
45	4650.5600625
46	4651.2650446
47	4651.6112763
48	4651.8202516
49	4651.8503308
50	4653.1292500
51	4651.3248320
52	4651.9309069
53	4654.4459856
54	4653.7397500
55	4653.9662971
56	4652.9124783
57	4653.4571111
58	4656.0351091
59	4656.0872538
60	4656.0218571
61	4655.1006562
62	4654.6061667
63	4654.3932981
64	4654.3925154
65	4654.6264286
66	4654.7075710
67	4654.6452222
68	4655.9924109
69	4656.4389689
70	4655.3645368
71	4655.4195369
72	4655.3262021
73	4653.8304000
74	4651.1819567
75	4651.3584087
76	4652.0710500
77	4653.7340913
78	4654.2993750
79	4654.4802505
80	4653.2853765
81	4651.5329696
82	4652.3763000
83	4652.8275912
84	4653.9898432
85	4654.0948451
86	4654.0985526
87	4653.2246569
88	4652.7691184
89	4653.1441937
90	4652.2800288
91	4653.0901154
92	4652.8318269
93	4653.7267051
94	4653.7494405
95	4654.7639588
96	4654.6705312
97	4654.7869271
98	4653.7417067
99	4653.4429792
100	4653.1176960
101	4653.4346713
102	4653.4614621
103	4653.2697841
104	4654.0971795
105	4654.0763077
106	4651.6969231
107	4652.7476875
108	4652.7193413
109	4651.9472669
110	4652.1765000
111	4652.1352308
112	4651.8851639
113	4651.7503522
114	4650.4623739
115	4651.3324763
116	4652.8494375
117	4651.5873462
118	4652.0468984
119	4651.9529753
120	4651.5708462
121	4651.5029423
122	4651.3995000
123	4649.7177327
124	4650.3750625
125	4650.7044692
126	4650.4904588
127	4650.7912363
128	4649.5930991
129	4649.8699946
130	4651.1053324
131	4651.0703462
132	4651.6584427
133	4651.0024615
134	4648.5474167
135	4648.2006518
136	4648.9551706
137	4650.5203235
138	4650.2639700
139	4649.2627500
140	4649.2914487
141	4649.1406500
142	4649.8364243
143	4650.3149363
144	4650.2610181
145	4650.0115256
146	4650.5982188
147	4651.1975110
148	4651.1780897
149	4650.4484231
150	4650.3679842
151	4651.7321442
152	4650.5115000
153	4650.2738462
154	4649.3588077
155	4649.7409038
156	4651.1881731
157	4651.2774000
158	4651.5425314
159	4652.1081452
160	4651.6387751
161	4650.9670625
162	4653.2551330
163	4653.4564471
164	4652.8705385
165	4651.3067433
166	4651.5334038
167	4651.4550000
168	4651.3222500
169	4650.7353297
170	4650.6972527
171	4650.6610857
172	4651.0225826
173	4651.8039763
174	4651.9718438
175	4652.0972143
176	4652.0972143
177	4652.8530714
178	4652.9646000
179	4652.2528433
180	4652.5061226
181	4652.9930954
182	4651.8099946
183	4652.2448077
184	4652.7924808
185	4653.4892179
186	4652.9175172
187	4653.5862000
188	4654.2850256
189	4654.0304643
190	4653.9401676
191	4653.7640769
192	4653.4585500
193	4652.0545423
194	4650.9792115
195	4651.5538022
196	4651.4422929
197	4651.2690513
198	4651.0615785
199	4650.1346646
200	4649.3645000
201	4649.6172885
202	4648.9627179
203	4649.5380144
204	4650.2462452
205	4649.3208929
206	4648.7847134
207	4649.4500625
208	4651.0525048
209	4651.0042240
210	4650.7616222
211	4650.1445833
212	4650.2594375
213	4648.7910000
214	4649.4691154
215	4649.7969375
216	4649.8623029
217	4649.0162019
218	4648.7117143
219	4647.3298558
220	4646.7012789
221	4647.1260000
222	4646.9102900
223	4647.6686667
224	4649.6674889
225	4649.6289423
226	4650.1638214
227	4650.1854375
228	4651.0195385
229	4650.6924679
230	4652.3261518
231	4652.4896786
232	4652.1626250
233	4651.3995000
234	4650.4273962
235	4650.4110714
236	4650.5904561
237	4650.3747321
238	4648.9055069
239	4649.3801538
240	4649.0834423
241	4649.4172500
242	4650.9001388
243	4649.9275167
244	4648.7790462
245	4649.4633429
246	4650.1639673
247	4650.2024567
248	4648.9193437
249	4647.7110625
250	4645.9744639
251	4645.4055000
252	4645.4215096
253	4640.4314192
254	4639.6473750
255	4629.4211828
256	4620.1325077
257	4608.0169385
258	4600.8602750
259	4591.7959154
260	4585.9255962
261	4581.4209375
262	4577.1559167
263	4577.8551218
264	4577.8577308
265	4578.5210625
266	4589.7226939
267	4595.8440000
268	4604.1718462
269	4611.7717885
270	4621.0271250
271	4626.9795000
272	4636.3180467
273	4638.2534000
274	4643.3857744
275	4644.2261250
276	4643.6156250
277	4643.1111057
278	4643.4324750
279	4644.0051942
280	4644.5976464
281	4645.9701385
282	4646.9428500
283	4648.8460595
284	4649.1559125
285	4648.4916791
286	4648.3470000
287	4649.0974062
288	4649.4204625
289	4649.3914183
290	4649.2300673
291	4649.5451062
292	4649.6443125
293	4649.1942644
294	4649.5970714
295	4651.4198500
296	4652.1648240
297	4651.1958791
298	4651.2915860
299	4651.5169038
300	4651.8795513
301	4651.6812692
302	4650.1441401
303	4650.1877246
304	4650.8195250
305	4650.1493838
306	4650.2325666
307	4649.8262885
308	4650.3485064
309	4650.0480513
310	4649.6987308
311	4647.9660897
312	4648.6655769
313	4650.8404616
314	4651.5186202
315	4651.0492452
316	4650.5783253
317	4650.7267901
318	4650.4707051
319	4649.2881875
320	4648.8773446
321	4649.6625000
322	4649.8885125
323	4650.0485731
324	4650.6641812
325	4651.0253795
326	4649.8223750
327	4648.8383510
328	4648.8299303
329	4648.6840555
330	4648.7306267
331	4649.0513156
332	4649.5064867
333	4649.1699693
334	4650.4485288
335	4651.0179375
336	4649.3737500
337	4648.5332884
338	4647.6413077
339	4647.8199872
340	4648.9575000
341	4648.7033819
342	4647.3421722
343	4647.6204006
344	4647.9521752
345	4648.8635769
346	4649.6775769
347	4651.7908462
348	4651.2820962
349	4650.7054049
350	4650.4704242
351	4647.9415654
352	4647.2549962
353	4647.7206429
354	4649.5172436
355	4649.7143086
356	4649.0876246
357	4648.6742399
358	4648.0078333
359	4648.5274952
360	4648.0288763
361	4648.0704287
362	4649.1922187
363	4649.9898000
364	4649.4692435
365	4649.5202217
366	4649.4807857
367	4647.6526704
368	4647.3295000
369	4647.9109286
370	4647.5044121
371	4647.5686125
372	4647.9479715
373	4649.7431785
374	4651.4103357
375	4651.0831026
376	4650.9252434
377	4650.2802500
378	4650.2853375
379	4648.3403471
380	4648.6232904
381	4648.9429643
382	4650.1841923
383	4651.9990148
384	4652.7629500
385	4652.5696250
386	4651.7047500
387	4652.1587115
388	4651.8812260
389	4651.1960000
390	4650.3076442
391	4650.3747981
392	4650.2254615
393	4651.4721786
394	4649.8374698
395	4649.1192634
396	4649.6492894
397	4649.6961659
398	4650.3816033
399	4651.7873294
400	4652.6362861
401	4651.9575385
402	4651.7337308
403	4650.2927993
404	4650.5947500
405	4651.4554103
406	4652.5605385
407	4652.4809571
408	4649.4119088
409	4648.2126005
410	4647.4461811
411	4646.3294120
412	4639.8745861
413	4629.7919744
414	4621.7978813
415	4611.9159995
416	4598.7524846
417	4587.2970000
418	4583.5322500
419	4572.3258750
420	4563.1795096
421	4555.3983750
422	4544.6011346
423	4536.6865500
424	4525.2930937
425	4514.5193341
426	4505.0966971
427	4498.5240385
428	4487.2121779
429	4483.4465893
430	4478.7132321
431	4478.1460263
432	4480.2627776
433	4483.5556071
434	4516.0771072
435	4540.9607088
436	4580.6687143
437	4630.4488970
438	4691.9977500
439	4767.6387000
440	4839.7404000
441	4926.4297500
442	5014.7996250
443	5096.4148654
444	5193.7481455
445	5293.2385000
446	5392.5673718
447	5487.1296474
448	5574.6085577
449	5656.8614128
450	5739.7086522
451	5820.4459500
452	5897.9572500
453	5963.1265833
454	6025.7515342
455	6089.3813750
456	6133.1144134
457	6180.2186875
458	6227.8326000
459	6267.2573333
460	6301.4009808
461	6330.8771731
462	6359.4376154
463	6374.2305000
464	6398.5904936
465	6416.2405313
466	6430.1380718
467	6440.2121415
468	6449.4308970
469	6455.8650365
470	6465.0250440
471	6468.1864500
472	6475.1378013
473	6476.3744551
474	6478.6420266
475	6479.5965686
476	6479.4698809
477	6477.4960793
478	6474.4579933
479	6469.3943144
480	6466.9247500
481	6455.8966154
482	6445.0887527
483	6431.1413100
484	6415.6597083
485	6394.6822500
486	6371.2543125
487	6350.3655000
488	6322.2020962
489	6293.2805962
490	6264.6770577
491	6234.8369135
492	6205.1943990
493	6176.8863750
494	6149.6565096
495	6123.5330357
496	6105.7631250
497	6088.5746429
498	6079.5147930
499	6076.2162643
500	6074.6785000
501	6077.8201524
502	6085.6593600
503	6105.2035000
504	6124.6377500
505	6147.2419038
506	6165.4395000
507	6199.5115501
508	6226.7287802
509	6253.5207572
510	6280.0063661
511	6304.6612500
512	6330.4344309
513	6354.0605192
514	6379.0088365
515	6396.9438750
516	6413.6077500
517	6430.6458434
518	6446.1862500
519	6453.9007500
520	6460.5653750
521	6473.7928750
522	6483.9019984
523	6489.2826202
524	6490.7596875
525	6497.0887067
526	6501.8239952
527	6502.6186500
528	6504.7663577
529	6505.9278731
530	6508.1992462
531	6508.5333440
532	6514.0276203
533	6515.7363462
534	6518.8461226
535	6524.1520559
536	6524.0777250
537	6531.6731668
538	6539.3386184
539	6542.3955000
540	6555.9827763
541	6573.3645000
542	6577.7305000
543	6607.8993750
544	6636.7782054
545	6661.7961264
546	6695.0784396
547	6741.9373043
548	6791.0799000
549	6847.0976357
550	6911.1652500
551	6980.1953571
552	7050.0540000
553	7128.6363077
554	7211.5923000
555	7314.5539077
556	7409.4640714
557	7518.0325210
558	7619.6505000
559	7721.2987500
560	7822.4128125
561	7936.8052500
562	8029.4486250
563	8133.3252000
564	8215.0101000
565	8315.3152500
566	8373.1601250
567	8439.8572500
568	8501.2803333
569	8557.8363750
570	8613.8497500
571	8641.0170000
572	8662.0792500
573	8674.4418750
574	8684.3625000
575	8681.1428393
576	8664.1396875
577	8652.4638750
578	8628.6778558
579	8603.7119279
580	8571.1147500
581	8525.6325000
582	8487.1201250
583	8443.3815000
584	8387.6836923
585	8332.0781474
586	8281.7907468
587	8230.3249286
588	8175.8160000
589	8107.5926250
590	8041.3686375
591	7977.8232187
592	7907.9553094
593	7837.8565547
594	7759.4550000
595	7683.2951250
596	7604.3880000
597	7498.2831000
598	7415.1940500
599	7327.2210000
600	7226.2110000
601	7129.5855000
602	7032.9600000
603	6895.9027500
604	6796.7669423
605	6678.2947212
606	6565.6222500
607	6436.8745833
608	6317.4540000
609	6197.6942500
610	6083.7342500
611	5979.8475000
612	5847.6132000
613	5752.4362500
614	5656.8930000
615	5580.5805000
616	5479.2375000
617	5409.8126923
618	5332.4826923
619	5286.1540165
620	5233.4150907
621	5180.1282802
622	5153.1084000
623	5115.3795000
624	5096.8610000
625	5075.2948452
626	5037.6715714
627	5041.7181923
628	5027.9125165
629	5014.2474542
630	5006.9937601
631	5001.6570409
632	4994.0091432
633	4988.1947953
634	4983.0144904
635	4978.7873929
636	4969.6087500
637	4959.0796071
638	4955.4665165
639	4939.9982802
640	4925.9053462
641	4918.0353750
642	4907.1990000
643	4889.0293571
644	4878.6165000
645	4866.1123500
646	4848.0485942
647	4840.4103000
648	4819.4091000
649	4802.2213667
650	4789.0506000
651	4773.7875714
652	4754.9068943
653	4743.5632933
654	4727.8967154
655	4715.4461750
656	4706.8939500
657	4688.4568500
658	4671.9494699
659	4661.3895000
660	4644.5313750
661	4627.6009018
662	4614.7004554
663	4602.3329851
664	4590.8425962
665	4562.5471511
666	4542.4252500
667	4522.3178846
668	4498.4692500
669	4479.8490000
670	4449.8617096
671	4408.7579708
672	4373.9751682
673	4337.3150780
674	4289.7482140
675	4246.9432500
676	4201.4610000
677	4137.6637500
678	4069.5784643
679	4001.1642124
680	3938.8696875
681	3858.4069615
682	3780.5212500
683	3699.4773750
684	3605.0635500
685	3510.0697500
686	3414.3151731
687	3317.0209286
688	3226.8810000
689	3141.6752857
690	3055.8590714
691	2971.6087500
692	2886.4585357
693	2799.1425000
694	2749.1802584
695	2668.5188416
696	2614.3566267
697	2558.9107500
698	2506.4077500
699	2455.5836250
700	2405.5735000
701	2370.3680000
702	2335.0675333
703	2305.9806000
704	2273.2578000
705	2240.5350000
706	2203.9050000
707	2184.0637500
708	2158.8806250
709	2133.5448750
710	2116.5271875
711	2095.2360000
712	2075.1912500
713	2065.8302500
714	2051.8638512
715	2037.4674375
716	2028.0373929
717	2025.1147359
718	2025.7708125
719	2024.1738000
720	2028.4412221
721	2032.9359286
722	2038.6557321
723	2057.9400000
724	2080.6426511
725	2108.0476058
726	2133.5983655
727	2165.7154727
728	2206.3470000
729	2248.3653261
730	2288.1186087
731	2338.6573913
732	2388.1233750
733	2441.8037679
734	2504.6416607
735	2564.8659000
736	2628.3246000
737	2692.9480600
738	2762.8849050
739	2829.2050463
740	2892.8542500
741	2970.1406429
742	3043.7640357
743	3111.3623750
744	3180.4433571
745	3245.7794178
746	3317.1517500
747	3401.9434167
748	3452.2418333
749	3514.5117028
750	3576.2326875
751	3633.6578437
752	3687.1758000
753	3740.0283077
754	3793.2515625
755	3844.0132500
756	3886.0796071
757	3928.3858036
758	3967.7012768
759	4004.3458125
760	4042.9599375
761	4072.3293482
762	4098.7819256
763	4129.3202500
764	4153.8420000
765	4174.2943244
766	4195.5885714
767	4214.0174718
768	4236.9463125
769	4254.0221429
770	4270.8690357
771	4279.1238672
772	4291.3308489
773	4306.4569368
774	4311.3510000
775	4323.9495000
776	4326.0030000
777	4333.3290000
778	4338.5967429
779	4334.9773500
780	4340.3513154
781	4347.2251429
782	4347.3705000
783	4349.7498846
784	4354.4734327
785	4355.4235832
786	4355.3070000
787	4356.9323571
788	4362.2561896
789	4352.7319423
790	4357.4437500
791	4350.7282500
792	4349.7107500
793	4347.5870449
794	4345.0741875
795	4342.8750000
796	4343.6674167
797	4344.4598333
798	4343.8989987
799	4345.0197520
800	4345.6875873
801	4340.1753214
802	4350.4118187
803	4358.5115659
804	4355.8456765
805	4358.6204588
806	4368.0664500
807	4374.6598500
808	4382.4233750
809	4386.9512500
810	4397.6960500
811	4401.9492000
812	4407.8778333
813	4411.7172000
814	4424.8313214
815	4430.8563750
816	4435.5267000
817	4447.1087571
818	4456.6645357
819	4453.8062179
820	4462.2733833
821	4463.7573183
822	4463.6470200
823	4466.8575600
824	4465.8075000
825	4463.3146250
826	4454.8306131
827	4450.5043000
828	4443.6327833
829	4432.8405000
830	4422.4656339
831	4407.0505089
832	4394.6079375
833	4376.8271250
834	4361.9280179
835	4340.0953750
836	4323.6424000
837	4307.1690750
838	4292.5642500
839	4272.5167250
840	4256.7723000
841	4236.5817083
842	4219.4097000
843	4198.3615385
844	4184.5094500
845	4167.1363643
846	4150.6343778
847	4140.1335000
848	4124.0675714
849	4114.3426500
850	4096.9739250
851	4084.9657292
852	4078.6284000
853	4071.0124125
854	4056.3146250
855	4048.7139000
856	4040.0448000
857	4033.8834462
858	4030.2768000
859	4020.3120833
860	4016.5871202
861	4012.0091529
862	4008.5582625
863	4003.3302692
864	3993.9520500
865	3989.6683750
866	3987.8514107
867	3985.3221964
868	3983.3380714
869	3982.5967500
870	3976.9205536
871	3977.2984821
872	3975.2132679
873	3975.8158393
874	3976.4498529
875	3975.6825952
876	3975.0769405
877	3973.4392500
878	3973.5155625
879	3973.4448078
880	3976.3978269
881	3977.8556031
882	3978.3232500
883	3980.1906618
884	3982.8628654
885	3984.2320179
886	3989.2619341
887	3991.3906434
888	3996.0424995
889	3999.9543496
890	4000.0797454
891	4003.9439000
892	4005.4905000
893	4011.8494475
894	4014.7121282
895	4016.4795000
896	4023.6310714
897	4026.6290625
898	4032.8103750
899	4039.8506923
900	4041.8763000
901	4049.7953571
902	4057.6882500
903	4066.2293798
904	4071.8802123
905	4081.1363139
906	4085.9456786
907	4091.4353333
908	4099.1441071
909	4105.9177500
910	4113.2030500
911	4124.6601000
912	4132.7797500
913	4142.1678833
914	4149.4041346
915	4155.3682500
916	4164.2205000
917	4175.7327857
918	4187.8130824
919	4199.6161482
920	4214.0743474
921	4223.8932411
922	4235.4462454
923	4237.3278750
924	4253.1718036
925	4265.2073750
926	4271.8211250
927	4288.1797500
928	4304.3455125
929	4317.1943571
930	4325.4688125
931	4341.8857837
932	4355.4258947
933	4362.3277500
934	4379.1086731
935	4388.3350500
936	4409.3957346
937	4421.2077000
938	4436.8698000
939	4453.5359423
940	4463.8539000
941	4476.6947500
942	4491.7944500
943	4499.8123500
944	4518.5547000
945	4535.3754286
946	4544.5620000
947	4564.5142500
948	4578.2782500
949	4586.3957857
950	4603.6060714
951	4615.9905000
952	4634.0002500
953	4650.1008133
954	4659.6870375
955	4676.1093606
956	4688.8774105
957	4705.9414135
958	4717.3517628
959	4730.5618550
960	4742.6453088
961	4757.5392857
962	4772.8673186
963	4783.4710000
964	4797.0987167
965	4805.2455000
966	4819.7812143
967	4833.0232500
968	4848.9980000
969	4861.7930625
970	4875.9070847
971	4882.5500625
972	4888.2441490
973	4899.5143592
974	4916.2547500
975	4931.8124368
976	4943.4874611
977	4952.5795000
978	4963.6702500
979	4974.9645000
980	4989.7037143
981	5002.8876071
982	5013.2563235
983	5021.4896875
984	5031.1555462
985	5041.9828643
986	5054.8636875
987	5068.0839196
988	5073.2550000
989	5082.9861016
990	5088.8227500
991	5099.8117500
992	5114.6236429
993	5123.3923125
994	5129.7880268
995	5135.8645966
996	5143.1572500
997	5154.1462500
998	5164.7282500
999	5173.0717500
1000	5182.6071786
1001	5188.0443907
1002	5193.9441807
1003	5202.9862500
1004	5209.7695833
1005	5213.4258000
1006	5220.9691089
1007	5226.2230429
1008	5234.9483476
1009	5242.1692060
1010	5249.8282353
1011	5251.6627232
1012	5259.6900714
1013	5263.4465153
1014	5270.3156786
1015	5274.8708294
1016	5280.2991492
1017	5284.0510735
1018	5287.1517979
1019	5288.8201682
1020	5293.2588500
1021	5295.5206071
1022	5299.9308750
1023	5300.3610000
1024	5298.1079643
1025	5302.6649990
1026	5307.0154500
1027	5314.4693643
1028	5313.4945024
1029	5313.8557149
1030	5312.7864706
1031	5310.6377500
1032	5313.0288750
1033	5316.0813750
1034	5312.7236250
1035	5313.7014313
1036	5314.9257857
1037	5316.0305000
1038	5311.4921813
1039	5312.5710000
1040	5310.0526875
1041	5311.5280625
1042	5309.7232113
1043	5311.5486548
1044	5308.2487762
1045	5306.0081250
1046	5302.4977500
1047	5301.3276250
1048	5298.4531875
1049	5296.0911339
1050	5291.4198256
1051	5290.2877500
1052	5284.8471176
1053	5285.4661681
1054	5277.3751905
1055	5273.3463750
1056	5271.8710000
1057	5269.2933333
1058	5264.3029421
1059	5258.4817106
1060	5254.8787500
1061	5253.3080378
1062	5247.1688361
1063	5240.4644517
1064	5235.6480000
1065	5230.2806875
1066	5228.5235433
1067	5223.6170116
1068	5216.4980515
1069	5209.2023695
1070	5203.6403571
1071	5196.3434286
1072	5187.3894286
1073	5185.5870000
1074	5174.9750735
1075	5171.2656875
1076	5168.4397024
1077	5158.8549664
1078	5150.2600840
1079	5144.1199615
1080	5138.5276250
1081	5133.1074808
1082	5121.3301978
1083	5116.2647250
1084	5105.8775036
1085	5095.6938676
1086	5087.5428910
1087	5079.7870971
1088	5072.0340000
1089	5063.1381429
1090	5056.8187717
1091	5048.0311750
1092	5040.7516893
1093	5031.0905268
1094	5024.5676250
1095	5015.8771805
1096	5007.0448214
1097	4996.0101000
1098	4991.2648500
1099	4980.0969286
1100	4972.9295000
1101	4964.1111667
1102	4955.2928333
1103	4946.8815000
1104	4932.6655714
1105	4924.2930000
1106	4914.1906786
1107	4907.9693929
1108	4897.8961429
1109	4888.1136071
1110	4879.5084643
1111	4869.2607857
1112	4864.1587500
1113	4850.9737390
1114	4843.2491250
1115	4830.3486786
1116	4819.6503929
1117	4815.1443214
1118	4805.9577500
1119	4793.8640357
1120	4786.1746429
1121	4774.2941190
1122	4769.3907381
1123	4755.2678783
1124	4742.5384286
1125	4737.3273750
1126	4730.0086429
1127	4717.1367088
1128	4709.3374595
1129	4697.7976779
1130	4685.5890439
1131	4677.1422500
1132	4667.2386240
1133	4660.0870119
1134	4649.1642302
1135	4638.6674358
1136	4627.6348185
1137	4619.0393559
1138	4612.3275000
1139	4604.7543929
1140	4590.7274286
1141	4581.5662946
1142	4571.9073125
1143	4566.2347500
1144	4552.0185771
1145	4549.3442500
1146	4536.2475714
1147	4522.6288076
1148	4515.0779808
1149	4508.2372500
1150	4499.9955000
1151	4486.0993571
1152	4473.1625714
1153	4472.8282500
1154	4457.1732857
1155	4441.8315000
1156	4434.6019643
1157	4426.6337500
1158	4414.3510714
1159	4405.7750000
1160	4391.8182917
1161	4382.8303750
1162	4372.6553750
1163	4358.9675774
1164	4350.3924750
1165	4341.1390393
1166	4330.8870000
1167	4320.4321875
1168	4306.3834196
1169	4299.5334643
1170	4292.7307500
1171	4277.9043214
1172	4262.3256696
1173	4249.9194375
1174	4244.9845625
1175	4226.5510964
1176	4216.6217500
1177	4201.4232392
1178	4189.1899500
1179	4174.6280714
1180	4159.8888571
1181	4148.6963571
1182	4132.5980536
1183	4122.9295673
1184	4109.2966429
1185	4094.5696518
1186	4083.8115935
1187	4068.9817732
1188	4053.4108738
1189	4040.4550053
1190	4024.5917206
1191	4011.1885000
1192	3992.7281429
1193	3979.5151040
1194	3961.5052795
1195	3948.0271875
1196	3928.6801518
1197	3910.2786093
1198	3895.9820625
1199	3875.5233750
1200	3855.1059534
1201	3840.9221988
1202	3824.5281250
1203	3805.2828393
1204	3789.0294677
1205	3768.5874286
1206	3747.6269286
1207	3727.0298214
1208	3703.2978452
1209	3689.7445962
1210	3668.9473434
1211	3650.7463929
1212	3633.6255577
1213	3610.4970000
1214	3587.0436250
1215	3564.5060000
1216	3542.6806250
1217	3520.5245625
1218	3497.9578661
1219	3475.2999245
1220	3454.9212500
1221	3431.5986964
1222	3409.7157600
1223	3386.0161500
1224	3365.6559750
1225	3351.1663109
1226	3324.0851604
1227	3295.3011513
1228	3270.9281786
1229	3249.1246071
1230	3228.0042143
1231	3199.3252500
1232	3174.9776490
1233	3151.8307599
1234	3131.6133026
1235	3108.2153929
1236	3084.1951250
1237	3064.0995000
1238	3040.1628125
1239	3017.0167640
1240	2993.2290799
1241	2964.3844389
1242	2940.7785000
1243	2919.5890625
1244	2898.2251964
1245	2876.2132798
1246	2857.7214286
1247	2832.5673750
1248	2811.2507500
1249	2783.8581964
1250	2759.5980893
1251	2741.1910298
1252	2727.2480921
1253	2703.5992500
1254	2680.7055000
1255	2660.3700357
1256	2642.7627662
1257	2622.0127083
1258	2600.1702325
1259	2582.6438663
1260	2566.1350000
1261	2545.4797500
1262	2526.6202104
1263	2505.7318393
1264	2490.6365000
1265	2474.1142381
1266	2462.8587500
1267	2444.4420000
1268	2428.2637500
1269	2412.3594423
1270	2397.4230641
1271	2377.6237644
1272	2364.5682500
1273	2355.8225952
1274	2340.2645357
1275	2324.9148214
1276	2317.7632500
1277	2304.6375000
1278	2292.0786429
1279	2277.1650000
1280	2266.2126446
1281	2258.8609018
1282	2248.0113348
1283	2241.9997527
1284	2234.8370000
1285	2232.4822143
1286	2220.0178393
1287	2211.6598036
1288	2203.3962500
1289	2198.9846607
1290	2190.8155893
1291	2184.6161071
1292	2177.3482500
1293	2180.3349118
1294	2169.3681429
1295	2170.3529375
1296	2163.4424167
1297	2163.8918125
1298	2156.3553805
1299	2158.6117143
1300	2157.6717381
1301	2157.3778887
1302	2160.8946765
1303	2156.5603919
1304	2155.1489841
1305	2157.0257063
1306	2156.3452196
1307	2155.5228750
1308	2162.5084038
1309	2162.0505288
1310	2165.6688036
1311	2171.5848393
1312	2173.3643462
1313	2179.3832500
1314	2182.5375000
1315	2183.5295625
1316	2192.6979643
1317	2194.1806071
1318	2197.7273214
1319	2204.2102500
1320	2214.6396250
1321	2219.7150119
1322	2228.9451905
1323	2231.0722500
1324	2239.3866786
1325	2249.9977500
1326	2258.2914743
1327	2264.3445000
1328	2273.3566429
1329	2279.8512000
1330	2292.4216857
1331	2301.2652143
1332	2310.4372500
1333	2322.4292143
1334	2333.2264406
1335	2341.5146071
1336	2355.8032143
1337	2363.0967885
1338	2376.7694022
1339	2388.9737143
1340	2397.1282500
1341	2411.2569643
1342	2422.5408531
1343	2437.5904133
1344	2451.0557500
1345	2465.0924048
1346	2476.9421471
1347	2491.0943750
1348	2503.4315625
1349	2512.2075000
1350	2529.3015000
1351	2548.0995330
1352	2564.2598929
1353	2578.4874500
1354	2595.2151500
1355	2609.7043500
1356	2625.5099238
1357	2641.2977250
1358	2658.3435224
1359	2673.1385132
1360	2693.2948821
1361	2710.8918179
1362	2725.0462305
1363	2743.4369958
1364	2763.1916042
1365	2776.2576476
1366	2798.8808571
1367	2814.4050000
1368	2838.0691429
1369	2856.1079643
1370	2874.6955089
1371	2897.3948438
1372	2916.6446719
1373	2931.6210000
1374	2959.7040000
1375	2983.0192857
1376	2995.6217500
1377	3026.8541548
1378	3048.4835526
1379	3071.7030000
1380	3094.9641071
1381	3118.7070952
1382	3142.6681190
1383	3166.6780357
1384	3183.3505000
1385	3217.7807619
1386	3243.6672540
1387	3271.7712500
1388	3302.6935595
1389	3329.5238281
1390	3352.8450040
1391	3383.4782143
1392	3407.2005000
1393	3440.5609333
1394	3473.4998310
1395	3502.8503452
1396	3525.4049286
1397	3553.0591250
1398	3580.3077750
1399	3611.5392107
1400	3631.0250625
1401	3653.8388661
1402	3678.5288949
1403	3691.9987500
1404	3719.3695000
1405	3742.6193750
1406	3763.6299620
1407	3775.0267500
1408	3802.8190357
1409	3818.6775000
1410	3834.0926250
1411	3848.8972500
1412	3868.4332500
1413	3885.9458118
1414	3898.7248235
1415	3917.4258750
1416	3932.2338917
1417	3944.1089242
1418	3956.0551817
1419	3974.2895893
1420	3989.6954897
1421	3999.4979605
1422	4013.7903929
1423	4025.0447628
1424	4040.5687566
1425	4054.1525307
1426	4066.2352500
1427	4080.2385938
1428	4094.6235000
1429	4105.0053917
1430	4112.8537083
1431	4123.6833000
1432	4136.7731952
1433	4147.2209821
1434	4158.9803750
1435	4166.9286154
1436	4179.3175165
1437	4184.6722500
1438	4193.2846607
1439	4209.5719286
1440	4213.7369698
1441	4226.3752143
1442	4235.2095369
1443	4243.5145359
1444	4251.9831929
1445	4263.0253000
1446	4269.0905273
1447	4270.5793126
1448	4284.3635083
1449	4294.4768123
1450	4301.7317488
1451	4304.7372500
1452	4312.2058215
1453	4316.0421223
1454	4324.7291683
1455	4331.8027500
1456	4338.8089643
1457	4344.3943125
1458	4349.6114712
1459	4353.3918920
1460	4360.4847156
1461	4361.6374154
1462	4369.1371731
1463	4376.6477701
1464	4379.8518750
1465	4381.2532500
1466	4387.1046577
1467	4392.6696000
1468	4398.6495929
1469	4404.3957222
1470	4409.0649167
1471	4410.3794087
1472	4415.6863348
1473	4421.1564264
1474	4423.9467929
1475	4427.5279690
1476	4433.1046563
1477	4434.3323115
1478	4439.0501571
1479	4439.1417321
1480	4445.1159107
1481	4449.5863354
1482	4450.6976250
1483	4452.8164178
1484	4456.0976429
1485	4458.8933452
1486	4462.7469246
1487	4465.7668000
1488	4468.9891918
1489	4469.6231250
1490	4470.5897500
1491	4475.7744778
1492	4477.9940192
1493	4480.2731058
1494	4480.9146000
1495	4483.0471135
1496	4485.5903508
1497	4489.5790610
1498	4490.1457993
1499	4492.3587365
1500	4496.2624696
1501	4497.2088158
1502	4498.4679946
1503	4499.7486066
1504	4501.5737990
1505	4506.4066892
1506	4506.5005074
1507	4506.6853487
1508	4509.5086826
1509	4511.6464730
1510	4511.5978103
1511	4512.5897937
1512	4517.4029206
1513	4517.4890440
1514	4517.6703471
1515	4520.2252500
1516	4522.5178269
1517	4522.9337494
1518	4523.3995614
1519	4522.8176807
1520	4523.0228777
1521	4525.3312500
1522	4525.8585000
1523	4527.1741595
1524	4526.2430622
1525	4528.1802500
1526	4532.9730048
1527	4532.4960440
1528	4532.8720556
1529	4533.9087750
1530	4535.0158933
1531	4536.0816398
1532	4535.0092404
1533	4535.0094706
1534	4540.0696092
1535	4540.4134637
1536	4542.8150491
1537	4543.0981875
1538	4544.5365625
1539	4544.9787837
1540	4545.5669769
1541	4546.4639423
1542	4547.8753974
1543	4546.6460250
1544	4549.8961899
1545	4550.0015550
1546	4548.9100135
1547	4550.2785000
1548	4551.6578681
1549	4553.5218143
1550	4553.3270357
1551	4553.2981146
1552	4553.6177500
1553	4553.3377138
1554	4552.9563750
1555	4552.9600089
1556	4552.8094028
1557	4552.8543343
1558	4552.4985000
1559	4552.6884333
1560	4551.8793667
1561	4552.1987413
1562	4552.0954902
1563	4554.4760412
1564	4554.8258586
1565	4554.5520000
1566	4555.3633571
1567	4554.2282500
1568	4553.4124561
1569	4553.4614098
1570	4553.2262056
1571	4550.5025685
1572	4549.3070290
1573	4548.7337500
1574	4548.8209643
1575	4547.1929643
1576	4546.7790789
1577	4544.5157871
1578	4544.0221162
1579	4545.0989088
1580	4545.1860585
1581	4544.5874375
1582	4540.7803961
1583	4541.2290444
1584	4540.5307619
1585	4539.6553211
1586	4538.8364708
1587	4538.5037368
1588	4538.5607599
1589	4538.2923257
1590	4537.5412500
1591	4537.3181827
1592	4537.7953197
1593	4538.7189482
1594	4538.2729827
1595	4538.2523819
1596	4537.2840797
1597	4535.8797060
1598	4535.4175449
1599	4536.1321439
1600	4536.3023667
1601	4536.2595662
1602	4536.3604128
1603	4534.3373135
1604	4534.5410786
1605	4534.6924795
1606	4534.5556143
1607	4535.4834774
1608	4535.4481071
1609	4534.6486429
1610	4534.9566412
1611	4534.0946753
1612	4533.7510625
1613	4534.4015357
1614	4534.4803217
1615	4533.1307788
1616	4534.0513960
1617	4534.6981377
1618	4533.5952000
1619	4533.6454550
1620	4534.6086696
1621	4534.6508110
1622	4535.0992500
1623	4535.1022426
1624	4535.1535452
1625	4534.3061985
1626	4534.5020744
1627	4534.8010948
1628	4536.6213353
1629	4536.5310179
1630	4533.7692321
1631	4533.4255053
1632	4533.4970267
1633	4534.0570906
1634	4533.9772069
1635	4533.8090354
1636	4534.0180165
1637	4534.2654032
1638	4535.2283011
1639	4535.0636397
1640	4535.2952600
1641	4534.8899357
1642	4535.1341357
1643	4535.2853071
1644	4536.4544672
1645	4537.0544425
1646	4535.8234640
1647	4535.6588750
1648	4535.3601600
1649	4535.6443393
1650	4536.3013536
1651	4536.1950192
1652	4535.9277857
1653	4535.6588750
1654	4536.0150000
1655	4537.3206492
1656	4537.4104286
1657	4536.0993071
1658	4535.7967407
1659	4535.6334375
1660	4538.0421742
1661	4538.5678972
1662	4538.7856204
1663	4538.5647353
1664	4538.2128000
1665	4537.2998594
1666	4537.0833750
1667	4537.0775424
1668	4537.5182351
1669	4538.6690606
1670	4538.6616971
1671	4537.9082829
1672	4537.1923929
1673	4537.2445504
1674	4536.9173543
1675	4536.8673519
1676	4536.7252834
1677	4536.7991957
1678	4535.9471667
1679	4535.4346481
1680	4535.7365092
1681	4536.3279595
1682	4536.1916648
1683	4536.2173348
1684	4536.3856256
1685	4535.7468554
1686	4536.3847127
1687	4536.2185000
1688	4536.5985663
1689	4536.7947147
1690	4538.0334474
1691	4538.7140179
1692	4538.7390880
1693	4539.2018100
1694	4539.5030668
1695	4538.5559547
1696	4539.7484423
1697	4540.6919423
1698	4540.2621566
1699	4540.0541222
1700	4540.4513000
1701	4540.7027679
1702	4540.9339957
1703	4541.2159904
1704	4542.0963219
1705	4542.3151833
1706	4542.3384632
1707	4542.6541875
1708	4543.1419890
1709	4543.8206786
1710	4543.6854964
1711	4543.6466052
1712	4543.5860167
1713	4542.9554211
1714	4543.1979380
1715	4543.2505556
1716	4541.5095000
1717	4542.5569265
1718	4543.6110841
1719	4543.1613118
1720	4542.7793979
1721	4540.9331359
1722	4541.4026625
1723	4543.0700372
1724	4543.2979670
1725	4544.2434783
1726	4543.4322554
1727	4542.6323839
1728	4542.3743750
1729	4542.8540536
1730	4543.7455774
1731	4542.9312110
1732	4543.6097807
1733	4543.1660548
1734	4543.1145783
1735	4542.9834214
1736	4542.0025962
1737	4542.1454375
1738	4542.5887768
1739	4543.4123571
1740	4543.5209058
1741	4543.7593056
1742	4544.0278125
1743	4544.0544613
1744	4543.8166965
1745	4542.9247500
1746	4544.2063771
1747	4542.9502849
1748	4543.1938033
1749	4545.0071487
1750	4544.8106894
1751	4545.8130777
1752	4545.8624730
1753	4544.9217589
1754	4544.4457143
1755	4544.7451500
1756	4544.8632336
1757	4544.9943164
1758	4545.5072500
1759	4545.2943435
1760	4544.9293627
1761	4545.1485588
1762	4546.1151227
1763	4545.7278514
1764	4545.8782165
1765	4547.4971134
1766	4547.4280098
1767	4547.2175574
1768	4547.1431581
1769	4546.6006339
1770	4545.5795000
1771	4545.6949471
1772	4545.5998500
1773	4546.3750508
1774	4546.5058723
1775	4546.6781303
1776	4546.5156000
1777	4546.2815750
1778	4547.0647935
1779	4547.0528948
1780	4546.8150638
1781	4546.5203571
1782	4546.3279940
1783	4546.5684830
1784	4545.6891582
1785	4546.0224118
1786	4545.4075692
1787	4545.5051148
1788	4545.4208919
1789	4545.5627280
1790	4545.7393929
1791	4545.4436102
1792	4547.4099591
1793	4548.1980662
1794	4548.5046223
1795	4548.8355000
1796	4548.6366962
1797	4548.8151500
1798	4548.0843700
1799	4548.1720401
1800	4548.0599242
1801	4547.1769750
1802	4546.2815750
1803	4546.1794647
1804	4546.7485539
1805	4549.6596750
1806	4548.0197349
1807	4546.6689518
1808	4546.6551429
1809	4546.9207500
1810	4547.0219559
1811	4547.4110000
1812	4547.3920849
1813	4545.9748379
1814	4545.3760000
1815	4546.6202571
1816	4546.4174412
1817	4547.0655343
1818	4547.0492222
1819	4546.7059972
1820	4546.1820714
1821	4546.1259635
1822	4546.8986161
1823	4547.1754096
1824	4547.8000441
1825	4546.8090504
1826	4545.6852082
1827	4545.4613555
1828	4545.6382019
1829	4545.8237000
1830	4546.0882500
1831	4546.1049000
1832	4545.8147143
1833	4545.8847500
1834	4547.0596703
1835	4546.9302033
1836	4546.8326463
1837	4546.7863762
1838	4546.7110857
1839	4546.7840919
1840	4546.7588550
1841	4547.3680248
1842	4549.6190535
1843	4549.0870486
1844	4548.2522884
1845	4548.2436161
1846	4548.1377857
1847	4548.7482365
1848	4548.4013667
1849	4548.7440814
1850	4549.3459448
1851	4550.0387735
1852	4549.9465214
1853	4549.4208095
1854	4548.7308429
1855	4547.3815259
1856	4548.2781407
1857	4549.0259551
1858	4549.0937885
1859	4549.8205742
1860	4549.4771336
1861	4549.6785714
1862	4550.4446483
1863	4550.0036869
1864	4549.2532105
1865	4547.6277717
1866	4547.8982142
1867	4549.3080000
1868	4548.5913000
1869	4549.5847500
1870	4550.0170165
1871	4549.8576514
1872	4549.6933771
1873	4549.3720000
1874	4549.5015000
1875	4549.3482143
1876	4550.0799808
1877	4551.2336692
1878	4551.8334911
1879	4551.5536088
1880	4549.3417026
1881	4549.7042885
1882	4550.1234637
1883	4550.0886316
1884	4550.1336511
1885	4551.9770465
1886	4552.3274258
1887	4549.9532537
1888	4546.2154375
1889	4546.3062857
1890	4547.2082211
1891	4548.1614062
1892	4548.9948338
1893	4548.9187500
1894	4547.9752476
1895	4549.1520556
1896	4549.2026614
1897	4549.0497672
1898	4549.6858393
1899	4549.8021250
1900	4550.0278561
1901	4549.8469114
1902	4549.5631594
1903	4549.6340906
1904	4549.6085357
1905	4549.8075577
1906	4550.1076138
1907	4549.1637162
1908	4549.4460000
1909	4549.6495000
1910	4551.1729038
1911	4551.1546839
1912	4551.2634173
1913	4551.9478529
1914	4552.0042857
1915	4551.5288824
1916	4550.0710357
1917	4549.0834622
1918	4548.5811250
1919	4550.0565000
1920	4550.4489643
1921	4550.8954912
1922	4550.2970667
1923	4549.2425000
1924	4549.4460000
1925	4548.9137692
1926	4550.0703386
1927	4548.4793750
1928	4548.4395545
1929	4548.4785675
1930	4548.0998728
1931	4549.8518819
1932	4550.4881283
1933	4549.6023299
1934	4549.6387895
1935	4551.1000897
1936	4551.1969479
1937	4551.0812679
1938	4549.6733801
1939	4550.7978214
1940	4551.6438000
1941	4551.6350786
1942	4550.5086218
1943	4549.3442500
1944	4548.5021557
1945	4548.3565220
1946	4548.4872019
1947	4549.8595224
1948	4550.0454055
1949	4551.1886103
1950	4550.7160250
1951	4550.8914380
1952	4550.8984533
1953	4551.3546511
1954	4549.6617726
1955	4549.1192274
1956	4548.6479508
1957	4548.4842202
1958	4548.8609375
1959	4550.0310625
1960	4550.4054503
1961	4550.3617500
1962	4550.8944038
1963	4550.9515192
1964	4550.9696310
1965	4550.5042000
1966	4550.6739851
1967	4553.0640169
1968	4551.3211071
1969	4548.8175494
1970	4548.5059687
1971	4548.7591875
1972	4549.4831779
1973	4549.9107236
1974	4550.4102024
1975	4551.8383501
1976	4552.2957629
1977	4553.3591704
1978	4553.4049616
1979	4553.4714384
1980	4552.5176241
1981	4551.2487467
1982	4551.2404768
1983	4550.9342538
1984	4552.2587929
1985	4551.4996492
1986	4551.1612143
1987	4551.1902857
1988	4551.3457099
1989	4551.3563684
1990	4550.9722500
1991	4551.0383769
1992	4551.5573125
1993	4551.2921289
1994	4549.7463067
1995	4549.9184107
1996	4549.6862362
1997	4549.6812955
1998	4549.3746429
1999	4549.4716512
2000	4549.4968750
2001	4549.8826771
2002	4549.9544313
2003	4550.2517759
2004	4552.0129512
2005	4551.8552946
2006	4551.8770982
2007	4550.6088571
2008	4550.9213750
2009	4552.2389071
2010	4553.5564391
2011	4552.8691607
2012	4551.0638250
2013	4550.0283386
2014	4549.3800937
2015	4549.1993884
2016	4549.7459643
2017	4550.5487192
2018	4550.3046658
2019	4550.0128929
2020	4550.0783036
2021	4549.4100882
2022	4549.4091016
2023	4549.5332143
2024	4548.9445179
2025	4548.7337500
2026	4549.8623240
2027	4549.0390000
2028	4550.0177381
2029	4550.1911895
2030	4550.5493361
2031	4551.7052591
2032	4551.8520882
2033	4551.4824536
2034	4551.5758487
2035	4551.4820175
2036	4551.4163887
2037	4551.1622430
2038	4551.7940769
2039	4552.4985000
2040	4552.3967500
2041	4551.8831548
2042	4552.5198761
2043	4551.4146300
2044	4552.0155949
2045	4552.3022211
2046	4552.1541154
2047	4552.5690456
2048	4551.6047744
2049	4551.2391860
2050	4550.4746698
2051	4550.5197843
2052	4550.4750490
2053	4551.2212697
2054	4552.4985000
2055	4553.7367192
2056	4552.9896750
2057	4554.2044748
2058	4553.8232850
2059	4553.9600000
2060	4553.5600498
2061	4552.9475775
2062	4552.3804898
2063	4552.6206000
2064	4554.2254760
2065	4554.0858000
2066	4553.1559615
2067	4553.2102978
2068	4555.9220415
2069	4555.1070000
2070	4554.1145294
2071	4554.2761227
2072	4553.9624279
2073	4553.9424649
2074	4554.7376920
2075	4554.3190982
2076	4552.4576882
2077	4551.9234327
2078	4551.0982262
2079	4551.3687516
2080	4552.5136945
2081	4551.6217017
2082	4552.3696167
2083	4553.9403493
2084	4555.3412585
2085	4554.9776779
2086	4552.7156971
2087	4551.2258423
2088	4551.3815981
2089	4552.5337212
2090	4551.6263571
2091	4551.2096667
2092	4551.3212275
2093	4551.8209121
2094	4551.9823500
2095	4552.4985000
2096	4552.9869000
2097	4552.4513343
2098	4552.0176352
2099	4552.0059375
2100	4552.7601429
2101	4552.7020000
2102	4552.2217400
2103	4552.6025625
2104	4553.1053661
2105	4553.0108134
2106	4551.4255568
2107	4552.7073553
2108	4553.5799571
2109	4553.7060824
2110	4554.7205262
2111	4553.6177500
2112	4553.7664615
2113	4554.0247500
2114	4554.2223798
2115	4554.1401971
2116	4554.8184000
2117	4554.7303222
2118	4555.0174080
2119	4555.6731000
2120	4554.2834857
2121	4554.4965000
2122	4555.1368846
2123	4555.4688173
2124	4553.4038141
2125	4553.4481667
2126	4553.4764306
2127	4553.5216528
2128	4553.5193917
2129	4554.8706168
2130	4556.6933992
2131	4557.0275690
2132	4557.3617387
2133	4557.2983937
2134	4556.8903526
2135	4556.1046518
2136	4555.4839121
2137	4556.8393346
2138	4556.9028214
2139	4556.1465546
2140	4556.4365604
2141	4556.2327250
2142	4556.7680865
2143	4556.6904151
2144	4556.5281368
2145	4556.7132945
2146	4555.9681601
2147	4555.6896925
2148	4554.8896250
2149	4555.6557147
2150	4555.7952000
2151	4556.6208286
2152	4556.6272392
2153	4556.5987641
2154	4556.2999582
2155	4557.9625413
2156	4557.4580417
2157	4557.2104500
2158	4556.2725000
2159	4555.1743255
2160	4554.1342557
2161	4554.2138723
2162	4554.0155925
2163	4552.0721369
2164	4549.3010062
2165	4545.5951908
2166	4544.9643750
2167	4538.8637327
2168	4537.9482500
2169	4527.1046071
2170	4520.7994615
2171	4508.1220824
2172	4497.4142926
2173	4488.2815312
2174	4469.6290604
2175	4456.3353577
2176	4439.9207346
2177	4425.9986511
2178	4412.3608906
2179	4403.9071607
2180	4398.9982823
2181	4398.8897229
2182	4404.1919410
2183	4416.6240938
2184	4441.8726295
2185	4480.4307949
2186	4515.4305326
2187	4578.1089750
2188	4643.5393125
2189	4720.2357231
2190	4802.3317500
2191	4887.1512574
2192	4972.2027143
2193	5079.2000069
2194	5177.1010500
2195	5273.2853250
2196	5367.2917800
2197	5462.5851835
2198	5551.1563601
2199	5638.7629468
2200	5726.3119900
2201	5798.6053125
2202	5870.4408125
2203	5937.9507027
2204	5993.7862716
2205	6044.9187448
2206	6090.3575391
2207	6133.6653720
2208	6179.0061667
2209	6197.3076000
2210	6226.6641067
2211	6248.5382405
2212	6263.7499090
2213	6279.7163786
2214	6291.8881012
2215	6302.6783346
2216	6312.0029077
2217	6315.1646250
2218	6316.4099519
2219	6316.8369070
2220	6315.8843223
2221	6310.2971429
2222	6304.6969286
2223	6293.3392500
2224	6276.8927500
2225	6262.1150449
2226	6246.1365000
2227	6223.7114167
2228	6197.9329712
2229	6164.8329135
2230	6129.8397187
2231	6093.0081755
2232	6050.1058750
2233	6002.8090833
2234	5959.5067500
2235	5911.8961957
2236	5866.8439500
2237	5822.4063333
2238	5782.3405962
2239	5739.4292083
2240	5704.1977569
2241	5673.1253368
2242	5645.8901263
2243	5628.0660174
2244	5621.0821949
2245	5617.6133843
2246	5619.6607222
2247	5627.1095710
2248	5637.5750357
2249	5661.9465833
2250	5692.0532778
2251	5719.6557917
2252	5748.3703498
2253	5784.3734090
2254	5817.0162339
2255	5848.6904112
2256	5879.2356847
2257	5907.4596429
2258	5933.1677308
2259	5957.3365886
2260	5978.1255769
2261	5994.9843088
2262	6011.7380921
2263	6024.1087500
2264	6034.5146442
2265	6040.4396250
2266	6050.4236786
2267	6050.4573750
2268	6055.7190833
2269	6056.3925714
2270	6056.6142411
2271	6056.5960714
2272	6050.9707500
2273	6046.7553929
2274	6042.1607654
2275	6036.6918333
2276	6025.4384573
2277	6015.4905555
2278	6003.6678972
2279	5988.1645030
2280	5975.1633661
2281	5963.2027330
2282	5948.2541250
2283	5922.0171607
2284	5899.7694425
2285	5878.6729025
2286	5863.6998750
2287	5838.2546796
2288	5816.8756365
2289	5803.8808790
2290	5780.6239071
2291	5764.0357500
2292	5750.0465786
2293	5740.8909107
2294	5736.6956015
2295	5735.2405000
2296	5735.2099750
2297	5745.7396464
2298	5751.3242679
2299	5768.9197500
2300	5785.9265357
2301	5813.9586607
2302	5841.7738681
2303	5872.8635247
2304	5905.6252645
2305	5936.2923833
2306	5967.2305000
2307	5998.8699048
2308	6031.4856250
2309	6051.2760000
2310	6081.1905000
2311	6093.0225714
2312	6099.9270357
2313	6107.7472500
2314	6114.1575000
2315	6113.2417500
2316	6111.3957143
2317	6091.2637500
2318	6077.7770298
2319	6059.6130397
2320	6029.3593323
2321	5998.2118925
2322	5954.2065000
2323	5910.9627500
2324	5869.5505000
2325	5824.3226250
2326	5770.8500929
2327	5717.4124464
2328	5663.6332107
2329	5609.7449571
2330	5551.8870000
2331	5488.1333571
2332	5431.7406000
2333	5362.7541000
2334	5298.4626357
2335	5234.0345357
2336	5169.6885625
2337	5097.9166562
2338	5002.4370000
2339	4887.0525000
2340	4768.3102500
2341	4690.4715000
2342	4586.6865000
2343	4500.0245714
2344	4422.4620000
2345	4333.3290000
2346	4243.7890000
2347	4171.3430000
2348	4096.7602500
2349	4026.8919167
2350	3968.1986902
2351	3908.3099736
2352	3862.8839615
2353	3821.0255957
2354	3786.3980523
2355	3764.5302207
2356	3752.6829345
2357	3749.4866925
2358	3758.8485000
2359	3780.0424895
2360	3808.5291939
2361	3840.7540368
2362	3887.8588492
2363	3933.7841442
2364	3991.8962527
2365	4050.6675000
2366	4114.1595000
2367	4172.1570000
2368	4229.9255625
2369	4291.1621042
2370	4347.0652500
2371	4402.3898558
2372	4452.7456699
2373	4490.8380000
2374	4536.7102917
2375	4571.0424375
2376	4596.6580000
2377	4630.3372500
2378	4659.9465000
2379	4680.0930000
2380	4696.8347885
2381	4703.5972500
2382	4705.9414135
2383	4712.0704584
2384	4712.6725673
2385	4709.1935000
2386	4699.0185000
2387	4687.6672253
2388	4676.1683571
2389	4662.6937500
2390	4646.4082500
2391	4636.7911071
2392	4611.1646429
2393	4593.4020000
2394	4577.2237500
2395	4559.4801154
2396	4532.6572500
2397	4510.3370000
2398	4493.0425833
2399	4475.3224295
2400	4457.4666090
2401	4439.3466857
2402	4426.3229093
2403	4408.4395082
2404	4393.9211250
2405	4376.5067285
2406	4365.2525285
2407	4351.1807885
2408	4346.2355962
2409	4340.1227692
2410	4332.6352500
2411	4338.0095000
2412	4340.8875714
2413	4346.4420423
2414	4353.3737500
2415	4373.0300000
2416	4391.3265000
2417	4415.1796071
2418	4445.9813448
2419	4478.6447720
2420	4529.3867143
2421	4585.5799687
2422	4647.7668293
2423	4711.4574375
2424	4784.4885000
2425	4868.6793571
2426	4947.6446250
2427	5059.3462174
2428	5166.4440963
2429	5271.0999752
2430	5382.7785000
2431	5511.5940000
2432	5624.4492857
2433	5747.8575000
2434	5869.2307143
2435	5988.0892500
2436	6109.4915357
2437	6227.4052500
2438	6340.6966071
2439	6451.1535000
2440	6558.9067500
2441	6642.2400000
2442	6725.5296429
2443	6801.5805000
2444	6845.8926250
2445	6888.3611369
2446	6951.0657857
2447	7037.5387500
2448	7119.7236786
2449	7172.3526548
2450	7216.6187500
2451	7257.3187500
2452	7293.3382500
2453	7302.1905000
2454	7314.6040000
2455	7328.2385000
2456	7337.5995000
2457	7342.7306071
2458	7351.6410000
2459	7348.7483929
2460	7349.3685833
2461	7351.0305000
2462	7352.1497500
2463	7357.9761488
2464	7353.8649643
2465	7356.2706250
2466	7355.2967321
2467	7347.8907857
2468	7345.5650714
2469	7335.4627500
2470	7337.0025582
2471	7324.6263750
2472	7313.9313789
2473	7308.3260250
2474	7296.8944125
2475	7286.3785500
2476	7264.9500000
2477	7243.5825000
2478	7217.6362500
2479	7191.5301071
2480	7145.4141000
2481	7119.8661286
2482	7070.8887000
2483	7015.5607500
2484	6947.9478750
2485	6873.6195000
2486	6814.0957500
2487	6746.3302500
2488	6657.5025000
2489	6570.8115000
2490	6487.2199615
2491	6391.7001923
2492	6291.2025000
2493	6202.1458125
2494	6121.3210913
2495	6028.6264500
2496	5943.1390071
2497	5872.8573750
2498	5811.8291786
2499	5747.3913800
2500	5711.9579196
2501	5676.4889598
2502	5642.0105251
2503	5625.5939266
2504	5619.3472500
2505	5620.8735000
2506	5639.9770625
2507	5660.6655769
2508	5688.5983000
2509	5741.9967000
2510	5776.9376500
2511	5838.5167500
2512	5887.8146250
2513	5939.8161429
2514	5994.8872681
2515	6050.4646846
2516	6101.7382269
2517	6149.4583058
2518	6203.9010000
2519	6256.0987500
2520	6283.4929808
2521	6323.7116250
2522	6351.2545673
2523	6383.3880000
2524	6411.6236250
2525	6436.5015000
2526	6450.4608173
2527	6463.4554663
2528	6470.9184375
2529	6475.1437308
2530	6478.5505769
2531	6478.4854000
2532	6474.0535115
2533	6466.9263154
2534	6458.1132000
2535	6448.7725500
2536	6429.6967731
2537	6419.2548750
2538	6392.6953297
2539	6367.5753791
2540	6343.8290536
2541	6314.4739922
2542	6291.0193500
2543	6258.9986250
2544	6224.1238125
2545	6184.1125817
2546	6141.7708846
2547	6099.4233173
2548	6058.1691000
2549	6014.3407500
2550	5951.5766538
2551	5889.4935000
2552	5824.0173750
2553	5754.8104167
2554	5683.0007579
2555	5607.0653790
2556	5533.5720000
2557	5443.2180000
2558	5337.1710192
2559	5237.1960536
2560	5134.3050000
2561	5030.5200000
2562	4906.8937500
2563	4795.3248750
2564	4678.2615000
2565	4545.7830000
2566	4415.1360000
2567	4275.9420000
2568	4157.5050000
2569	4006.4062500
2570	3891.3270000
2571	3749.0805000
2572	3633.6960000
2573	3506.1015000
2574	3385.8330000
2575	3279.3007500
2576	3180.2471250
2577	3084.1805893
2578	2984.6899768
2579	2895.6523750
2580	2813.3366250
2581	2740.0257500
2582	2669.2586250
2583	2609.6840000
2584	2560.6405000
2585	2490.2295000
2586	2453.4069018
2587	2413.3192188
2588	2374.6923750
2589	2336.7396250
2590	2315.4835655
2591	2282.0889225
2592	2251.7420357
2593	2226.2900000
2594	2202.9892500
2595	2184.7105893
2596	2164.3661471
2597	2147.8159538
2598	2132.0479830
2599	2120.2665000
2600	2104.3553437
2601	2100.9485357
2602	2093.8405714
2603	2088.6803929
2604	2095.6116923
2605	2093.7742801
2606	2094.0973690
2607	2099.4440893
2608	2109.3138393
2609	2124.3219643
2610	2136.0377500
2611	2158.5245000
2612	2174.2400298
2613	2198.8429375
2614	2217.7430000
2615	2249.9977500
2616	2283.1391786
2617	2308.8346875
2618	2346.2532500
2619	2373.3798000
2620	2410.6203000
2621	2446.3432714
2622	2487.7875000
2623	2526.1181786
2624	2561.9632500
2625	2596.4067556
2626	2639.7714750
2627	2676.0540714
2628	2706.0267143
2629	2735.3452500
2630	2760.5870769
2631	2784.8568000
2632	2805.7985154
2633	2818.3028077
2634	2827.5307500
2635	2831.4771964
2636	2831.8805625
2637	2823.4861875
2638	2811.8230937
2639	2788.7664226
2640	2765.9465625
2641	2738.4995000
2642	2713.8760000
2643	2684.9790000
2644	2644.5294615
2645	2620.1847491
2646	2583.9412500
2647	2556.6940536
2648	2528.6558720
2649	2505.7972500
2650	2487.8165714
2651	2470.2089762
2652	2456.8962000
2653	2442.7533973
2654	2445.7502143
2655	2446.3781571
2656	2457.9340500
2657	2461.0781250
2658	2473.6272917
2659	2489.8903333
2660	2507.9340000
2661	2525.2722000
2662	2542.4241192
2663	2560.7406846
2664	2569.6398962
2665	2581.8045000
2666	2595.0538036
2667	2610.4980000
2668	2623.9290000
2669	2644.9403750
2670	2668.3123500
2671	2683.4425750
2672	2698.4390714
2673	2709.3747738
2674	2719.5740000
2675	2729.9137381
2676	2738.7934444
2677	2747.4472385
2678	2752.9941229
2679	2760.9252000
2680	2772.7078500
2681	2782.9396378
2682	2795.0434241
2683	2807.1811272
2684	2822.1737802
2685	2837.2987500
2686	2846.2326793
2687	2866.6681607
2688	2885.2993125
2689	2901.9681429
2690	2924.3386071
2691	2950.4244000
2692	2969.0243000
2693	2997.2642857
2694	3019.8382500
2695	3049.6219286
2696	3076.1221621
2697	3107.2923750
2698	3134.0780625
2699	3161.0545313
2700	3187.0053600
2701	3215.0761500
2702	3244.8075000
2703	3276.3136607
2704	3306.4171250
2705	3337.8324375
2706	3355.7277187
2707	3377.0316250
2708	3407.5057500
2709	3427.2452500
2710	3447.4935000
2711	3463.9770000
2712	3478.6290000
2713	3492.0600000
2714	3507.4320769
2715	3530.5215000
2716	3547.4265357
2717	3562.6961813
2718	3583.4363045
2719	3605.0057474
2720	3624.2736097
2721	3653.8425000
2722	3689.8083297
2723	3725.5604263
2724	3765.1170268
2725	3809.9237045
2726	3846.1500000
2727	3893.2311786
2728	3931.4368500
2729	3983.1520143
2730	4031.2129000
2731	4079.7079190
2732	4127.8976881
2733	4168.9518750
2734	4205.7345000
2735	4240.5166378
2736	4278.4348750
2737	4311.3255625
2738	4338.1337524
2739	4364.1132621
2740	4386.2357280
2741	4402.9662837
2742	4421.1646875
2743	4439.2507500
2744	4449.6903000
2745	4461.9758857
2746	4472.3312751
2747	4480.0161607
2748	4487.0732500
2749	4495.6880833
2750	4500.4024068
2751	4505.1165171
2752	4513.2157321
2753	4517.7254375
2754	4526.7060863
2755	4531.9377321
2756	4534.1616964
2757	4543.3918750
2758	4550.4584125
2759	4558.5567632
2760	4568.3715000
2761	4573.3109691
2762	4578.7500000
2763	4583.1067500
2764	4593.0967500
2765	4595.4079286
2766	4604.6352000
2767	4610.0686500
2768	4611.0759750
2769	4616.8495607
2770	4620.9617143
2771	4615.3800000
2772	4610.1232737
2773	4600.8424688
2774	4588.0601250
2775	4575.2396250
2776	4557.3207232
2777	4532.6263616
2778	4505.7342000
2779	4482.7183500
2780	4455.2348923
2781	4425.0602776
2782	4394.2685845
2783	4366.1118810
2784	4335.8840556
2785	4307.9787143
2786	4287.7768668
2787	4270.4179440
2788	4256.1300326
2789	4250.3622881
2790	4247.5627933
2791	4246.1674967
2792	4252.1325000
2793	4264.1092577
2794	4275.6991875
2795	4300.6618175
2796	4325.6747571
2797	4339.4670357
2798	4364.0066250
2799	4386.9919500
2800	4411.0427429
2801	4431.4652684
2802	4448.1927794
2803	4465.2972964
2804	4484.1225000
2805	4494.8062500
2806	4510.7301250
2807	4521.3155167
2808	4529.0858250
2809	4531.1121036
2810	4538.0160833
2811	4540.8508526
2812	4543.1745000
2813	4539.8445000
2814	4542.2828000
2815	4543.3410000
2816	4538.8973277
2817	4537.0710948
2818	4531.4375352
2819	4528.9907028
2820	4530.5450989
2821	4522.9093764
2822	4516.8899135
2823	4520.2694776
2824	4513.3247500
2825	4508.6951250
2826	4510.8320494
2827	4504.9231071
2828	4502.6817000
2829	4505.2806857
2830	4495.8528214
2831	4495.2713929
2832	4494.2735588
2833	4492.9512692
2834	4490.5836250
2835	4488.3435596
2836	4487.2186071
2837	4487.7855000
2838	4485.1400000
2839	4484.8440000
2840	4483.9144462
2841	4478.2724442
2842	4473.4234350
2843	4476.0551786
2844	4468.9326786
2845	4465.5329365
2846	4452.1344866
2847	4445.8936315
2848	4432.7611877
2849	4423.6830000
2850	4413.6664270
2851	4396.7718647
2852	4380.2993438
2853	4359.4953822
2854	4342.4101875
2855	4317.3949500
2856	4291.5860625
2857	4266.0976875
2858	4242.3390625
2859	4217.9445000
2860	4184.3670000
2861	4149.2777857
2862	4115.4870952
2863	4084.5502500
2864	4048.9581000
2865	4019.1686071
2866	3981.3503125
2867	3939.1291500
2868	3901.2499731
2869	3870.9273053
2870	3838.0887662
2871	3802.1988452
2872	3773.2404722
2873	3740.8387500
2874	3715.1977500
2875	3678.5532143
2876	3649.2400334
2877	3623.6227500
2878	3611.1075000
2879	3574.9644464
2880	3545.6776559
2881	3526.8161568
2882	3509.8662500
2883	3481.5221154
2884	3467.0826875
2885	3454.2696587
2886	3434.7979512
2887	3423.9892500
2888	3405.8341429
2889	3400.4123214
2890	3384.3358214
2891	3377.5459328
2892	3366.0336471
2893	3356.2545315
2894	3354.3922500
2895	3352.6625000
2896	3345.7435000
2897	3350.5876284
2898	3347.5886971
2899	3351.0292616
2900	3360.4972500
2901	3365.0614643
2902	3373.3686250
2903	3380.1553500
2904	3393.4642500
2905	3406.4373750
2906	3417.5891750
2907	3433.6555000
2908	3447.6039714
2909	3462.5103464
2910	3483.6002143
2911	3495.6212500
2912	3517.7518750
2913	3532.8641726
2914	3557.8752917
2915	3573.5076448
2916	3590.7015375
2917	3607.8642187
2918	3620.3413125
2919	3634.2454500
2920	3647.6880786
2921	3661.7208571
2922	3668.2328571
2923	3680.5010000
2924	3685.4267436
2925	3688.8058605
2926	3692.0691923
2927	3693.3013736
2928	3694.9349643
2929	3693.8661618
2930	3686.8171954
2931	3677.0415000
2932	3669.1050000
2933	3656.5484637
2934	3647.5645250
2935	3631.6498560
2936	3616.8313413
2937	3603.1151237
2938	3589.8721651
2939	3574.7827500
2940	3561.3226786
2941	3543.4515769
2942	3530.1353718
2943	3515.6769950
2944	3502.6928750
2945	3488.1183988
2946	3475.8672143
2947	3466.3608571
2948	3456.0405000
2949	3446.0653661
2950	3438.0219553
2951	3436.2597691
2952	3425.8934286
2953	3421.3946250
2954	3416.7243000
2955	3416.4145278
2956	3413.2800625
2957	3413.2262559
2958	3413.3958637
2959	3413.3055000
2960	3417.0020440
2961	3419.2215357
2962	3422.6955714
2963	3425.3947418
2964	3432.2564375
2965	3439.3026250
2966	3448.0385893
2967	3448.9597749
2968	3459.2696648
2969	3469.4223680
2970	3480.1540661
2971	3485.5887000
2972	3487.7428929
2973	3504.0374286
2974	3515.5439000
2975	3520.4787750
2976	3535.4055000
2977	3546.7701923
2978	3556.8982308
2979	3567.8037436
2980	3580.4952857
2981	3591.7053816
2982	3598.9585500
2983	3613.3498252
2984	3621.5368750
2985	3632.1697500
2986	3645.2518929
2987	3652.6215000
2988	3668.4363571
2989	3679.2896905
2990	3687.9578214
2991	3699.4846429
2992	3707.9226250
2993	3719.0376012
2994	3728.0739702
2995	3736.2446567
2996	3744.5628000
2997	3758.9752962
2998	3763.8910511
2999	3776.0442500
3000	3782.1962115
3001	3792.7234231
3002	3803.6603971
3003	3814.1369419
3004	3823.2632803
3005	3833.0565516
3006	3837.8463386
3007	3844.5983125
3008	3854.8765588
3009	3864.8574643
3010	3873.7446000
3011	3878.0268214
3012	3888.9867500
3013	3897.1267500
3014	3901.2171000
3015	3908.3941089
3016	3914.3225000
3017	3918.4106696
3018	3928.1568661
3019	3930.5443571
3020	3937.1145000
3021	3948.6267857
3022	3952.4021580
3023	3957.9659821
3024	3964.6146179
3025	3970.5044893
3026	3975.9902679
3027	3979.4061607
3028	3983.6232628
3029	3992.1972487
3030	3996.7215000
3031	3999.3128214
3032	4005.3601671
3033	4010.4229524
3034	4014.9532500
3035	4021.6106071
3036	4024.5686250
3037	4027.9336429
3038	4034.3039196
3039	4033.7043214
3040	4035.7538571
3041	4042.0426912
3042	4045.5346828
3043	4049.1284244
3044	4051.4336176
3045	4056.7363471
3046	4058.2224375
3047	4057.4237000
3048	4058.6040000
3049	4061.6565000
3050	4062.2427738
3051	4068.0128824
3052	4071.8054212
3053	4076.3085000
3054	4073.7647500
3055	4074.5012262
3056	4073.7901875
3057	4075.6569087
3058	4077.1632000
3059	4076.9190000
3060	4078.3420037
3061	4079.0093146
3062	4079.0892940
3063	4078.7141607
3064	4079.5645000
3065	4077.6264048
3066	4076.4611250
3067	4073.6630000
3068	4076.7295471
3069	4074.0130200
3070	4076.8119643
3071	4073.3048929
3072	4073.0379643
3073	4068.2534545
3074	4064.5854464
3075	4064.9197679
3076	4058.5894643
3077	4060.6922976
3078	4059.0449167
3079	4055.9891865
3080	4055.3964524
3081	4053.0687752
3082	4050.6565982
3083	4048.5030000
3084	4046.2413750
3085	4043.7703036
3086	4039.5307202
3087	4034.8962500
3088	4031.4682440
3089	4028.0216229
3090	4026.4275192
3091	4025.1953379
3092	4019.7984881
3093	4015.6751905
3094	4013.8543500
3095	4013.8630714
3096	4007.7351075
3097	4002.0273661
3098	4000.2271057
3099	3995.6498214
3100	3996.8308482
3101	3990.9958583
3102	3990.0963235
3103	3983.3816786
3104	3981.6373929
3105	3977.0247262
3106	3975.0792613
3107	3970.4585735
3108	3965.9597089
3109	3963.9496272
3110	3957.1156494
3111	3953.7070179
3112	3950.1094286
3113	3947.4644171
3114	3943.4128250
3115	3939.7274400
3116	3938.6487829
3117	3932.6375000
3118	3927.9763810
3119	3925.7693750
3120	3923.5127054
3121	3919.0647768
3122	3918.4317464
3123	3917.7718250
3124	3912.0781857
3125	3907.1478205
3126	3903.1513322
3127	3901.0262970
3128	3897.8386252
3129	3896.3127500
3130	3894.7283571
3131	3888.5942857
3132	3885.6798750
3133	3882.1479000
3134	3881.5590000
3135	3879.4367857
3136	3878.7923690
3137	3875.2098000
3138	3875.4888857
3139	3875.4434219
3140	3871.7910000
3141	3867.7791429
3142	3864.4856160
3143	3862.6029750
3144	3861.6174536
3145	3860.7002500
3146	3860.1604295
3147	3854.7427875
3148	3852.8024933
3149	3852.4381500
3150	3853.0944375
3151	3849.8893125
3152	3849.8130000
3153	3849.3551250
3154	3848.7446250
3155	3843.1813599
3156	3843.2952966
3157	3841.9312227
3158	3842.1272411
3159	3841.6730000
3160	3843.4883763
3161	3837.2121237
3162	3837.2977886
3163	3836.5801831
3164	3834.9235705
3165	3836.7308571
3166	3835.8228025
3167	3835.6697500
3168	3837.0433750
3169	3833.0266726
3170	3833.4142917
3171	3826.6503393
3172	3826.1052500
3173	3829.2673269
3174	3829.6665000
3175	3828.3001429
3176	3828.2512345
3177	3829.0560000
3178	3830.5822500
3179	3827.9222143
3180	3831.7015000
3181	3832.0309762
3182	3831.0353053
3183	3831.6367500
3184	3836.2367646
3185	3836.1378000
3186	3833.9167429
3187	3831.3962500
3188	3829.9988833
3189	3829.2943857
3190	3828.6956120
3191	3829.9251380
3192	3832.3556071
3193	3833.0242500
3194	3835.9926106
3195	3831.2342934
3196	3831.7589550
3197	3833.0250973
3198	3835.6108804
3199	3835.4662500
3200	3834.6115500
3201	3836.9052857
3202	3837.3760192
3203	3837.1541029
3204	3839.8953676
3205	3839.1868228
3206	3840.5600203
3207	3841.6730000
3208	3842.6250281
3209	3846.1500000
3210	3843.1992500
3211	3845.2147062
3212	3845.2851250
3213	3847.6762500
3214	3850.6124643
3215	3851.9045278
3216	3851.1325198
3217	3855.8329640
3218	3852.6213000
3219	3855.6404778
3220	3856.5188095
3221	3856.5030625
3222	3858.0947232
3223	3860.8395913
3224	3862.7061786
3225	3863.8545000
3226	3859.9007857
3227	3861.2598750
3228	3866.2456250
3229	3869.7172381
3230	3872.0526429
3231	3868.8111786
3232	3873.2155000
3233	3874.6400000
3234	3876.0257381
3235	3876.0523869
3236	3877.7042404
3237	3881.6188201
3238	3882.6491786
3239	3884.8116083
3240	3884.7641250
3241	3885.6580714
3242	3888.0291029
3243	3890.0242010
3244	3892.5120882
3245	3893.4200113
3246	3895.6028020
3247	3897.6064286
3248	3900.4554286
3249	3903.3625714
3250	3907.0061905
3251	3905.2371085
3252	3907.0473750
3253	3909.3770835
3254	3911.7489945
3255	3912.3565446
3256	3914.6691280
3257	3915.4417500
3258	3916.7645000
3259	3919.6861786
3260	3922.2784522
3261	3923.6222823
3262	3925.3405714
3263	3926.1000625
3264	3930.0755804
3265	3933.6337766
3266	3933.1767750
3267	3938.4287708
3268	3938.4087600
3269	3939.1343829
3270	3941.3753454
3271	3942.4055000
3272	3946.2720000
3273	3948.1875023
3274	3948.4833667
3275	3954.9306578
3276	3956.2862521
3277	3957.2365800
3278	3961.8076184
3279	3964.9067857
3280	3965.7149714
3281	3968.8004190
3282	3970.5393750
3283	3973.9123875
3284	3976.9669335
3285	3977.9743929
3286	3982.0320375
3287	3984.2993667
3288	3984.3265000
3289	3987.8267000
3290	3988.2445712
3291	3991.0531813
3292	3993.7447878
3293	3996.7224106
3294	3996.4420179
3295	4003.6808036
3296	4004.2404286
3297	4008.1369737
3298	4010.4300000
3299	4012.6130000
3300	4017.1675238
3301	4019.9244643
3302	4024.1398214
3303	4027.1341786
3304	4028.3992132
3305	4032.0788866
3306	4033.0138750
3307	4037.9778214
3308	4038.1813214
3309	4038.5883214
3310	4043.5704375
3311	4047.8286750
3312	4049.0649375
3313	4050.4589125
3314	4052.6821500
3315	4057.4847500
3316	4062.6453013
3317	4063.4269500
3318	4071.6076500
3319	4071.9812551
3320	4075.5638987
3321	4080.5459962
3322	4082.3868885
3323	4086.7772705
3324	4089.1035625
3325	4093.1592131
3326	4096.8793420
3327	4098.5917500
3328	4107.4614429
3329	4109.0487429
3330	4113.3770633
3331	4115.5840000
3332	4120.3734568
3333	4123.8720000
3334	4127.9790000
3335	4131.2098929
3336	4135.0467115
3337	4138.0147875
3338	4143.8741339
3339	4148.0822232
3340	4153.1942140
3341	4154.4906562
3342	4159.8245454
3343	4163.9605773
3344	4167.9798959
3345	4171.2276692
3346	4176.3441631
3347	4177.2346776
3348	4178.3550845
3349	4180.4750625
3350	4189.2399000
3351	4191.0825000
3352	4199.2806429
3353	4200.8864118
3354	4203.1093500
3355	4205.5231731
3356	4210.7020804
3357	4210.9596618
3358	4211.9412500
3359	4221.0224375
3360	4223.1337500
3361	4228.3375357
3362	4231.6153393
3363	4233.5122500
3364	4241.9429643
3365	4243.3879853
3366	4246.8045000
3367	4250.5604625
3368	4250.8097500
3369	4255.2673690
3370	4257.6270000
3371	4262.9078250
3372	4267.7961857
3373	4269.8075621
3374	4270.8545000
3375	4274.7210000
3376	4278.0787500
3377	4279.9916500
3378	4282.7621571
3379	4286.4222500
3380	4289.6782500
3381	4293.7991250
3382	4293.9489388
3383	4296.7674181
3384	4299.5843393
3385	4302.0612250
3386	4304.0686071
3387	4306.3361786
3388	4308.9526071
3389	4311.0021429
3390	4313.5071310
3391	4316.0121190
3392	4321.9683417
3393	4322.2091786
3394	4324.1278929
3395	4327.3984286
3396	4331.0636272
3397	4331.0396250
3398	4334.0557857
3399	4335.7819018
3400	4338.1584911
3401	4338.2610486
3402	4341.8349087
3403	4342.7124643
3404	4347.5806071
3405	4349.5601849
3406	4349.7122036
3407	4350.3571618
3408	4351.9612206
3409	4352.7189988
3410	4355.7954000
3411	4360.4477231
3412	4360.0092312
3413	4363.3837269
3414	4364.8842187
3415	4367.6704556
3416	4369.9801979
3417	4372.2445324
3418	4373.8063024
3419	4374.1932682
3420	4374.8631264
3421	4377.1069375
3422	4378.7095000
3423	4380.1612756
3424	4380.4415585
3425	4380.6289787
3426	4381.7874375
3427	4387.1449663
3428	4387.2101140
3429	4387.5523445
3430	4388.5768895
3431	4389.2397000
3432	4391.1851806
3433	4393.2125089
3434	4394.7024196
3435	4396.3744543
3436	4396.8433963
3437	4399.1397260
3438	4401.4639281
3439	4401.7654340
3440	4402.4527342
3441	4402.9447772
3442	4404.3185782
3443	4405.1645000
3444	4406.8036440
3445	4407.9304934
3446	4410.6443639
3447	4410.6558692
3448	4414.8282081
3449	4416.4144588
3450	4417.0504218
3451	4417.4400567
3452	4418.3981828
3453	4419.5621250
3454	4419.7906044
3455	4420.0444200
3456	4420.5936016
3457	4420.6015237
3458	4422.0542732
3459	4424.7063143
3460	4425.4333236
3461	4425.8811946
3462	4426.6558048
3463	4427.5426597
3464	4427.6547356
3465	4427.6982115
3466	4427.9533692
3467	4430.1807692
3468	4431.0090000
3469	4432.8913750
3470	4433.2911071
3471	4435.4908452
3472	4435.6426627
3473	4435.9999183
3474	4436.5340093
3475	4437.1307317
3476	4438.9023575
3477	4439.9248106
3478	4440.9851962
3479	4442.2650938
3480	4442.6230357
3481	4443.4053665
3482	4443.7332860
3483	4443.8598483
3484	4445.4364174
3485	4446.4922283
3486	4446.5659765
3487	4447.2381250
3488	4449.0126425
3489	4450.2571929
3490	4449.9961696
3491	4450.9829106
3492	4450.7093654
3493	4451.4145000
3494	4451.4946667
3495	4454.2893417
3496	4454.4179108
3497	4455.8630238
3498	4455.7724111
3499	4455.2502107
3500	4455.9681713
3501	4456.5530912
3502	4456.4676870
3503	4456.4630891
3504	4454.4674625
3505	4454.6181308
3506	4457.3205291
3507	4460.1257458
3508	4458.9454800
3509	4458.9981700
3510	4459.5712839
3511	4459.4739538
3512	4460.5131964
3513	4460.8436654
3514	4460.3944000
3515	4458.6206672
3516	4459.3401015
3517	4460.1703969
3518	4460.6845406
3519	4460.9863456
3520	4461.5657868
3521	4461.9829344
3522	4462.5260625
3523	4462.0270962
3524	4461.5449018
3525	4462.1190625
3526	4460.8798929
3527	4462.1445000
3528	4464.5659190
3529	4463.3218929
3530	4460.8072143
3531	4460.7121731
3532	4461.8998759
3533	4461.9195789
3534	4463.1365625
3535	4463.8056648
3536	4464.2042173
3537	4462.4546050
3538	4462.2971250
3539	4462.7143000
3540	4463.2237768
3541	4463.2056071
3542	4462.9970719
3543	4462.7763644
3544	4462.2971250
3545	4462.5003685
3546	4462.2666000
3547	4464.2689543
3548	4464.4121130
3549	4463.0599239
3550	4463.1920625
3551	4465.0367783
3552	4464.5771192
3553	4464.5461634
3554	4464.6259113
3555	4464.9353571
3556	4466.1195293
3557	4465.4167800
3558	4464.0556610
3559	4463.5485149
3560	4463.1187753
3561	4462.8640179
3562	4464.9253714
3563	4464.7391250
3564	4466.4616071
3565	4465.9891964
3566	4463.6925536
3567	4463.3945714
3568	4462.5990206
3569	4462.1030633
3570	4462.0316345
3571	4460.7802117
3572	4461.9309111
3573	4463.1317657
3574	4463.4567148
3575	4462.5438920
3576	4462.1041964
3577	4462.5184135
3578	4463.2937130
3579	4463.8106238
3580	4463.7860667
3581	4462.4905483
3582	4462.8313125
3583	4464.2473333
3584	4464.5186667
3585	4464.6001971
3586	4465.6144359
3587	4465.6893056
3588	4465.8182521
3589	4465.5762308
3590	4465.7311875
3591	4465.9081506
3592	4465.9765644
3593	4464.7215033
3594	4464.5567311
3595	4464.7958143
3596	4464.6578472
3597	4464.1038583
3598	4464.6713274
3599	4464.4155035
3600	4464.3727970
3601	4465.1010643
3602	4466.5790110
3603	4467.6477214
3604	4468.2054456
3605	4467.0940780
3606	4468.3948571
3607	4469.1216429
3608	4466.1466667
3609	4466.5001827
3610	4466.7995625
3611	4467.4173304
3612	4467.3963654
3613	4467.4955895
3614	4469.1803448
3615	4470.4203530
3616	4470.3513643
3617	4470.9713125
3618	4470.1944056
3619	4469.2179763
3620	4468.8858617
3621	4468.9118925
3622	4469.7079167
3623	4470.1496812
3624	4471.2066371
3625	4470.7801314
3626	4470.5347125
3627	4469.7574042
3628	4469.5121250
3629	4468.0358370
3630	4467.7552857
3631	4467.4355000
3632	4469.1611833
3633	4469.2398667
3634	4470.1547146
3635	4471.7090000
3636	4472.1124074
3637	4471.5871962
3638	4470.0418654
3639	4470.2281462
3640	4470.5819231
3641	4471.0623974
3642	4471.1843529
3643	4471.4291875
3644	4472.3500250
3645	4471.9164543
3646	4471.6350000
3647	4471.3892143
3648	4470.6554403
3649	4470.3661362
3650	4471.3274375
3651	4471.9366330
3652	4471.4725211
3653	4470.8256320
3654	4472.8576010
3655	4472.2640241
3656	4472.3332323
3657	4472.4139346
3658	4473.7666111
3659	4473.7815481
3660	4473.4056090
3661	4473.2370833
3662	4473.1158894
3663	4474.8193633
3664	4475.4460762
3665	4470.9310038
3666	4470.8669236
3667	4469.3832857
3668	4468.6056250
3669	4467.0592178
3670	4462.5207822
3671	4460.6932671
3672	4452.5784186
3673	4445.4695665
3674	4437.0800833
3675	4428.0963410
3676	4413.6088615
3677	4401.9460359
3678	4389.2064247
3679	4378.4212083
3680	4375.3924500
3681	4364.6171250
3682	4359.8203393
3683	4359.9623420
3684	4360.7441353
3685	4370.7338654
3686	4397.3490000
3687	4425.8787692
3688	4469.2207500
3689	4525.9780962
3690	4579.7355141
3691	4656.1563125
3692	4736.9712500
3693	4823.3752628
3694	4911.0002756
3695	5008.9998750
3696	5108.9692500
3697	5204.5997143
3698	5299.7505000
3699	5411.4720000
3700	5496.5604375
3701	5584.0908750
3702	5658.6581827
3703	5749.2820000
3704	5813.5344474
3705	5892.4453681
3706	5948.6885192
3707	6002.1467379
3708	6050.8859583
3709	6096.2579792
3710	6135.9294562
3711	6168.1867500
3712	6200.3968654
3713	6226.8597346
3714	6250.2621114
3715	6268.5848744
3716	6282.2234135
3717	6298.3134375
3718	6308.7415673
3719	6315.5224272
3720	6323.7731223
3721	6330.0403446
3722	6334.9480742
3723	6337.1731500
3724	6337.0917500
3725	6336.8373750
3726	6335.1918000
3727	6327.8370222
3728	6320.9027115
3729	6306.3945577
3730	6291.2533750
3731	6267.6917276
3732	6243.9357115
3733	6220.2201346
3734	6185.1398654
3735	6150.2004808
3736	6108.4516731
3737	6062.4654215
3738	6010.5740433
3739	5963.8340813
3740	5917.3475625
3741	5845.1712000
3742	5809.0601250
3743	5764.2879130
3744	5719.9265870
3745	5669.1374556
3746	5638.4809290
3747	5614.5300340
3748	5599.1244375
3749	5590.9668269
3750	5591.2986099
3751	5592.5361099
3752	5610.1729462
3753	5630.9169606
3754	5665.8753982
3755	5702.8585625
3756	5742.9480625
3757	5785.6980641
3758	5828.4480657
3759	5872.1814643
3760	5916.0938571
3761	5961.1467445
3762	6001.8293529
3763	6043.7973750
3764	6078.3674416
3765	6114.4627500
3766	6146.4812946
3767	6168.5509687
3768	6192.3674780
3769	6213.3693275
3770	6231.5416277
3771	6249.1093077
3772	6264.6657646
3773	6270.8748808
3774	6282.2776731
3775	6291.2565577
3776	6298.4553606
3777	6300.4871875
3778	6310.2323716
3779	6310.3777500
3780	6310.4768571
3781	6315.4992260
3782	6316.1840817
3783	6316.1948438
3784	6317.0029736
3785	6316.3856250
3786	6315.3289904
3787	6313.7910000
3788	6312.9789567
3789	6312.4761298
3790	6307.9468446
3791	6304.1390196
3792	6301.4561250
3793	6296.6970000
3794	6290.1223846
3795	6287.8098643
3796	6281.3472857
3797	6274.8911923
3798	6273.9558750
3799	6269.7586875
3800	6257.8624167
3801	6249.3762927
3802	6245.8102596
3803	6232.7419071
3804	6228.0157500
3805	6213.2445571
3806	6203.0130000
3807	6189.7068750
3808	6169.8304038
3809	6150.5161667
3810	6133.6324500
3811	6114.1320625
3812	6092.0407500
3813	6062.9425879
3814	6030.7448626
3815	6000.4824000
3816	5965.9281000
3817	5927.5260846
3818	5889.8010981
3819	5843.2919558
3820	5806.2189519
3821	5757.8074760
3822	5708.4802500
3823	5647.0639500
3824	5602.7111250
3825	5537.0510673
3826	5475.7092857
3827	5417.9714464
3828	5359.0553341
3829	5296.6980000
3830	5232.5955000
3831	5169.5613750
3832	5107.2829660
3833	5047.6140000
3834	4971.9120000
3835	4915.7460000
3836	4859.6944687
3837	4800.2306786
3838	4743.3457198
3839	4692.9135000
3840	4635.4991058
3841	4582.9798929
3842	4537.0833750
3843	4478.6906154
3844	4432.1907949
3845	4399.0798500
3846	4357.6738615
3847	4319.4401250
3848	4282.0176490
3849	4251.5220000
3850	4216.5781429
3851	4187.7467399
3852	4167.4256250
3853	4143.6161250
3854	4115.9146875
3855	4095.1381202
3856	4075.1344615
3857	4062.2670000
3858	4048.2724615
3859	4035.3382848
3860	4026.0643500
3861	4014.8006250
3862	4010.7669643
3863	4006.8641250
3864	4008.6956250
3865	4010.3439750
3866	4007.3220000
3867	4005.9366346
3868	4015.1058750
3869	4018.7906786
3870	4022.6974313
3871	4031.3146500
3872	4040.2890000
3873	4046.0582250
3874	4054.9543058
3875	4058.7905417
3876	4063.2375385
3877	4061.2950866
3878	4068.9825000
3879	4064.9532000
3880	4065.3195000
3881	4060.1302500
3882	4052.8505000
3883	4043.1439853
3884	4032.3830250
3885	4020.3405212
3886	4007.2075312
3887	3994.9593750
3888	3969.1853173
3889	3944.9281173
3890	3918.1627239
3891	3888.4627189
3892	3862.1008965
3893	3835.3761161
3894	3806.7304846
3895	3774.9073043
3896	3739.2420577
3897	3705.8937300
3898	3675.7420071
3899	3644.9139375
3900	3610.4011202
3901	3590.0452500
3902	3548.4149643
3903	3516.8797321
3904	3485.5276500
3905	3452.5105577
3906	3424.8217500
3907	3397.7441539
3908	3370.0016758
3909	3341.9830192
3910	3318.4118743
3911	3300.5329340
3912	3275.0272500
3913	3249.3059211
3914	3229.7452045
3915	3208.2501786
3916	3187.7257500
3917	3171.0242143
3918	3150.8341071
3919	3133.2197286
3920	3121.9203352
3921	3103.5530625
3922	3085.7194183
3923	3068.9835000
3924	3055.4507500
3925	3040.2900000
3926	3025.7736667
3927	3019.8077250
3928	3005.8992827
3929	2993.3339404
3930	2983.1879000
3931	2969.7772500
3932	2959.5501619
3933	2950.3938750
3934	2940.6531635
3935	2931.4683750
3936	2919.5738000
3937	2909.0070625
3938	2902.9480923
3939	2895.4706786
3940	2888.9137500
3941	2879.2354038
3942	2872.0209375
3943	2866.2975000
3944	2863.3060500
3945	2856.0750167
3946	2847.7129286
3947	2844.7383929
3948	2841.5787103
3949	2833.6528137
3950	2827.0427973
3951	2824.1293929
3952	2822.1670714
3953	2818.5536250
3954	2813.2179167
3955	2812.8787500
3956	2806.2650000
3957	2802.4130357
3958	2799.6616859
3959	2797.9888985
3960	2801.5845000
3961	2800.1600000
3962	2795.1233750
3963	2797.8924286
3964	2791.8001346
3965	2790.8574231
3966	2788.0771875
3967	2791.7049663
3968	2787.2377500
3969	2789.0379423
3970	2788.6700769
3971	2787.4535495
3972	2788.1313000
3973	2793.2652635
3974	2789.4018942
3975	2789.9850000
3976	2792.5084000
3977	2795.4466269
3978	2793.7043538
3979	2797.1184577
3980	2805.5762308
3981	2801.6862500
3982	2805.8198438
3983	2814.9358696
3984	2808.6883503
3985	2811.1558558
3986	2816.6943750
3987	2820.7168544
3988	2821.5565714
3989	2825.1135657
3990	2826.2325859
3991	2834.7690885
3992	2839.3011157
3993	2837.0138500
3994	2845.0114000
3995	2852.3374000
3996	2854.4271885
3997	2862.6851141
3998	2869.5261058
3999	2879.4780385
4000	2877.2101875
4001	2884.4649625
4002	2893.2988192
4003	2900.2757385
4004	2907.2010000
4005	2912.2779337
4006	2917.4568289
4007	2918.0373750
4008	2933.2388250
4009	2936.0854769
4010	2948.3471346
4011	2955.7044423
4012	2960.9250000
4013	2968.4036250
4014	2983.2591250
4015	2990.0424583
4016	2994.3394472
4017	3006.9079484
4018	3010.8927292
4019	3022.6601353
4020	3032.9921769
4021	3042.0095750
4022	3053.1809423
4023	3062.3775769
4024	3070.4914872
4025	3082.2652667
4026	3094.8025625
4027	3104.1029970
4028	3113.8419783
4029	3123.3162526
4030	3132.4017033
4031	3145.1683076
4032	3157.1315399
4033	3169.1055000
4034	3179.2092750
4035	3190.1677500
4036	3204.2722381
4037	3215.9141258
4038	3223.7054348
4039	3236.4233000
4040	3252.5905923
4041	3264.5307498
4042	3277.1572167
4043	3289.8717923
4044	3302.0164375
4045	3312.2816250
4046	3323.4072404
4047	3336.7269964
4048	3349.5115182
4049	3361.2603750
4050	3378.0567405
4051	3396.8183510
4052	3411.1687500
4053	3427.5583269
4054	3440.1166250
4055	3453.9143163
4056	3469.8413221
4057	3483.9708750
4058	3500.0982500
4059	3514.9537500
4060	3531.4596126
4061	3545.4177000
4062	3555.5031600
4063	3568.1215167
4064	3587.0402333
4065	3601.8143333
4066	3617.1985855
4067	3632.5065251
4068	3649.0245084
4069	3661.7790000
4070	3675.8987692
4071	3680.7045000
4072	3702.6825000
4073	3718.3057500
4074	3732.3903692
4075	3743.4138077
4076	3753.8001346
4077	3765.2687115
4078	3778.5589286
4079	3791.6967917
4080	3803.1921190
4081	3816.1482857
4082	3826.4492619
4083	3832.4922429
4084	3845.2342500
4085	3862.7570481
4086	3870.8103981
4087	3880.5256429
4088	3891.2877976
4089	3900.8784325
4090	3905.6737500
4091	3917.9226000
4092	3926.8178269
4093	3939.8835536
4094	3947.4319500
4095	3962.1837619
4096	3971.3084634
4097	3981.2502776
4098	3988.4982500
4099	4000.7885997
4100	4008.5430000
4101	4015.9050038
4102	4022.1815192
4103	4032.9460417
4104	4037.6798393
4105	4047.4623750
4106	4059.0266538
4107	4065.6247500
4108	4074.6335385
4109	4081.9000961
4110	4085.7034167
4111	4094.6563731
4112	4104.2388750
4113	4109.4680423
4114	4115.6951423
4115	4121.1265554
4116	4132.1692500
4117	4137.1804904
4118	4141.6913542
4119	4149.1631958
4120	4152.9262500
4121	4160.8549231
4122	4167.2703910
4123	4172.7565982
4124	4178.3685952
4125	4185.5025599
4126	4193.9572792
4127	4201.8192596
4128	4206.9678173
4129	4212.4830865
4130	4215.8840625
4131	4222.9302500
4132	4229.1018720
4133	4233.7675940
4134	4236.0395076
4135	4243.7561269
4136	4248.6221250
4137	4253.6587500
4138	4257.6823475
4139	4261.9709423
4140	4266.2655750
4141	4274.3186250
4142	4276.4692500
4143	4279.6882500
4144	4284.2894502
4145	4286.4592500
4146	4290.7733077
4147	4298.5214279
4148	4302.3827884
4149	4307.0388461
4150	4311.4018750
4151	4311.7444840
4152	4312.2657303
4153	4319.6176538
4154	4323.3553654
4155	4324.2597308
4156	4331.0572949
4157	4332.5638590
4158	4336.4086538
4159	4336.9629286
4160	4340.0283270
4161	4341.6421103
4162	4342.9893512
4163	4346.0223125
4164	4349.6315024
4165	4350.9288429
4166	4353.0806967
4167	4353.9862936
4168	4358.0307692
4169	4360.4042837
4170	4361.8529167
4171	4363.4452607
4172	4367.4594386
4173	4368.3554200
4174	4370.7906106
4175	4373.0075865
4176	4374.8430000
4177	4377.3476154
4178	4378.0905082
4179	4381.5459179
4180	4383.4344488
4181	4384.1120337
4182	4387.8697394
4183	4385.4718311
4184	4385.5300112
4185	4390.1446346
4186	4390.7160000
4187	4394.7300375
4188	4398.0983538
4189	4399.8265385
4190	4400.9395269
4191	4400.6758714
4192	4403.1969022
4193	4404.3047125
4194	4406.1564779
4195	4406.0032183
4196	4409.1225750
4197	4412.2275932
4198	4412.8570841
4199	4414.1907454
4200	4414.9985604
4201	4414.8387953
4202	4415.2655412
4203	4416.4896850
4204	4419.6711429
4205	4420.1556667
4206	4424.2230577
4207	4424.4578654
4208	4425.8859231
4209	4425.8999760
4210	4425.7344596
4211	4426.8465000
4212	4427.5238846
4213	4429.3416875
4214	4431.2913563
4215	4432.6219385
4216	4432.9437116
4217	4433.7039214
4218	4436.4923187
4219	4436.8781250
4220	4437.2232212
4221	4438.1690481
4222	4440.7285476
4223	4441.4061355
4224	4441.4211993
4225	4441.6414402
4226	4440.6243750
4227	4442.2551250
4228	4443.1243476
4229	4444.6231500
4230	4446.0681269
4231	4446.6530625
4232	4447.1872500
4233	4448.0012500
4234	4448.4082500
4235	4448.8211202
4236	4448.8946828
4237	4449.6057692
4238	4451.6362898
4239	4451.4655952
4240	4451.1555000
4241	4448.2207798
4242	4447.2581116
4243	4449.0610086
4244	4449.5529375
4245	4449.6139875
4246	4448.8954760
4247	4447.4647500
4248	4446.7866538
4249	4448.1030000
4250	4448.2972500
4251	4448.2889423
4252	4447.8541038
4253	4447.5995611
4254	4446.9013810
4255	4447.2705000
4256	4447.5508462
4257	4445.8354286
4258	4443.7640893
4259	4443.6387187
4260	4444.7502476
4261	4443.9329359
4262	4443.3258375
4263	4443.3480914
4264	4443.4576500
4265	4444.9955885
4266	4442.6362500
4267	4442.1114904
4268	4441.9839327
4269	4441.7878929
4270	4442.6755879
4271	4441.3327115
4272	4441.7640385
4273	4440.6543782
4274	4439.4548314
4275	4439.6674311
4276	4440.0211429
4277	4439.4997207
4278	4438.1605714
4279	4438.1993333
4280	4437.4114231
4281	4437.4803000
4282	4436.9252361
4283	4436.1058905
4284	4436.2506667
4285	4437.5544818
4286	4439.2831250
4287	4440.0231635
4288	4439.9884375
4289	4439.3451335
4290	4438.7666084
4291	4438.7168177
4292	4438.4487478
4293	4437.7397625
4294	4437.5944673
4295	4437.5271077
4296	4437.7068894
4297	4437.5609732
4298	4437.2228654
4299	4437.7652000
4300	4437.2553742
4301	4436.8165769
4302	4436.0942637
4303	4434.9988672
4304	4435.8930000
4305	4436.6536905
4306	4436.2405336
4307	4436.2291952
4308	4436.0817469
4309	4436.0793730
4310	4435.3764231
4311	4433.1870000
4312	4433.1833192
4313	4433.7354375
4314	4434.1406587
4315	4434.2677445
4316	4434.2880968
4317	4434.3667500
4318	4434.1923214
4319	4436.1524066
4320	4436.0241841
4321	4435.5114375
4322	4434.9801993
4323	4434.4650998
4324	4435.3115714
4325	4435.3824000
4326	4435.3540500
4327	4435.1231154
4328	4434.7546808
4329	4434.9497654
4330	4434.7377462
4331	4432.2887019
4332	4431.7865449
4333	4429.7741250
4334	4429.7226442
4335	4429.5981971
4336	4428.8252885
4337	4425.3527436
4338	4422.3862409
4339	4420.0200000
4340	4417.2990261
4341	4410.9299606
4342	4404.7575000
4343	4393.7685000
4344	4387.3459385
4345	4377.4202154
4346	4370.3475000
4347	4361.1031923
4348	4356.6112500
4349	4350.9932473
4350	4348.3253846
4351	4349.6513931
4352	4353.3029674
4353	4368.1158325
4354	4390.1238763
4355	4421.7950100
4356	4466.5918938
4357	4511.5117500
4358	4572.5577857
4359	4647.5838750
4360	4722.1499135
4361	4805.0790000
4362	4903.4207308
4363	5010.8203462
4364	5091.9684615
4365	5202.9936922
4366	5289.6600218
4367	5379.0685385
4368	5472.6945326
4369	5564.7075000
4370	5642.2410000
4371	5735.4063461
4372	5800.8183750
4373	5863.0893750
4374	5918.0089375
4375	5972.5893333
4376	6032.0756880
4377	6062.9694231
4378	6098.7619423
4379	6126.7379744
4380	6150.5182538
4381	6162.9364500
4382	6186.3075000
4383	6204.5461154
4384	6212.9332692
4385	6215.6642308
4386	6225.8564637
4387	6230.9156250
4388	6233.1286875
4389	6233.2219490
4390	6232.8012612
4391	6230.5932404
4392	6228.4090529
4393	6224.8134808
4394	6224.0475000
4395	6212.0370865
4396	6202.0949375
4397	6196.5750000
4398	6188.2416537
4399	6179.0965024
4400	6167.0785416
4401	6156.8925000
4402	6143.8740907
4403	6136.9495000
4404	6125.4968077
4405	6108.0966715
4406	6095.9886026
4407	6086.0324882
4408	6078.5348250
4409	6064.9677317
4410	6049.9486250
4411	6037.8450000
4412	6029.5797692
4413	6020.0406539
4414	6007.9305000
4415	5992.4018846
4416	5980.9124833
4417	5973.8094637
4418	5959.4417332
4419	5944.4240889
4420	5941.1825000
4421	5928.6181731
4422	5916.9829583
4423	5905.0816370
4424	5898.1931250
4425	5883.0891202
4426	5869.8430312
4427	5859.2301429
4428	5847.9289121
4429	5834.5806179
4430	5822.0332500
4431	5809.0798013
4432	5800.9827404
4433	5792.9327500
4434	5773.4830577
4435	5760.2603526
4436	5754.9175447
4437	5745.7885833
4438	5728.1010417
4439	5710.9571357
4440	5697.2187054
4441	5685.7900000
4442	5670.2019000
4443	5654.0815692
4444	5639.7668885
4445	5620.5512917
4446	5607.7166538
4447	5590.9479000
4448	5572.4303250
4449	5555.2351378
4450	5532.7782767
4451	5516.9358750
4452	5498.6974519
4453	5481.5661214
4454	5457.4767016
4455	5438.1479835
4456	5421.7589250
4457	5402.3233908
4458	5376.3916737
4459	5354.7718125
4460	5333.3025625
4461	5309.4167500
4462	5285.3732250
4463	5261.5179375
4464	5235.1290750
4465	5215.6541250
4466	5183.9590000
4467	5154.7724038
4468	5129.0038250
4469	5101.6432500
4470	5074.9534423
4471	5050.0560000
4472	5020.5641538
4473	4995.0346875
4474	4971.2251875
4475	4934.8339087
4476	4910.0124087
4477	4878.6581250
4478	4843.5622019
4479	4812.4842857
4480	4778.9591143
4481	4744.8279154
4482	4713.3652500
4483	4674.5985000
4484	4632.4083173
4485	4591.3960714
4486	4553.8721250
4487	4506.6346875
4488	4460.3130000
4489	4411.1912308
4490	4360.2536154
4491	4310.3230641
4492	4256.4477436
4493	4201.7349423
4494	4143.5535096
4495	4079.0244423
4496	4017.0939135
4497	3959.7030000
4498	3891.2956923
4499	3830.2770000
4500	3755.6551154
4501	3684.9780000
4502	3622.7070000
4503	3556.7730000
4504	3495.4177500
4505	3428.2627500
4506	3355.6132500
4507	3273.3483750
4508	3235.3447500
4509	3161.9321250
4510	3113.8552500
4511	3050.6715808
4512	2992.2364032
4513	2939.6338125
4514	2891.1753750
4515	2841.6485625
4516	2797.7470714
4517	2758.4570357
4518	2725.3810179
4519	2691.2366250
4520	2659.4906250
4521	2623.2069663
4522	2591.4843678
4523	2567.7630000
4524	2547.1586250
4525	2528.2788173
4526	2511.9296442
4527	2498.7765000
4528	2484.7897885
4529	2475.5775000
4530	2468.8620000
4531	2459.7368600
4532	2456.3162250
4533	2451.9617163
4534	2447.8486683
4535	2447.6471250
4536	2448.5315673
4537	2449.2496875
4538	2451.7703798
4539	2453.2942500
4540	2459.5010000
4541	2466.0443077
4542	2470.1702143
4543	2476.9460934
4544	2489.9030055
4545	2499.1479993
4546	2509.4602500
4547	2525.5367500
4548	2533.9820000
4549	2550.3466153
4550	2562.6696298
4551	2575.1281346
4552	2593.2349385
4553	2607.5104635
4554	2618.3129712
4555	2631.5602500
4556	2652.3172500
4557	2662.8483750
4558	2681.7034327
4559	2693.9937115
4560	2713.4396490
4561	2724.8446500
4562	2743.8697423
4563	2752.6730423
4564	2764.3909615
4565	2774.1120000
4566	2793.2488269
4567	2809.0435577
4568	2824.0790769
4569	2833.0252500
4570	2843.1748125
4571	2847.9825000
4572	2866.9080000
4573	2877.7007679
4574	2887.9193750
4575	2899.1118750
4576	2911.5723365
4577	2921.6622188
4578	2938.0968005
4579	2947.6371675
4580	2953.4681786
4581	2967.2266402
4582	2972.4808929
4583	2988.6334258
4584	2999.3384203
4585	3008.7451706
4586	3019.5224337
4587	3028.3852500
4588	3042.3954423
4589	3052.9796786
4590	3066.8232692
4591	3075.9285897
4592	3084.7815263
4593	3098.5187500
4594	3106.5292500
4595	3118.3903929
4596	3133.0468654
4597	3141.4803750
4598	3156.5520938
4599	3169.1055000
4600	3181.6112308
4601	3194.7495833
4602	3205.2528116
4603	3211.7376789
4604	3226.8643830
4605	3242.1675907
4606	3254.1176250
4607	3268.1943462
4608	3280.5718846
4609	3292.9509038
4610	3302.0288301
4611	3318.0166250
4612	3329.3617500
4613	3340.1981250
4614	3357.7500000
4615	3370.2813534
4616	3385.4732877
4617	3396.8220000
4618	3417.5388076
4619	3431.0269583
4620	3444.3477292
4621	3458.7723136
4622	3471.0316667
4623	3489.5275556
4624	3505.5087659
4625	3522.1271250
4626	3536.9904519
4627	3551.2576875
4628	3564.5483365
4629	3580.5111429
4630	3596.6250833
4631	3608.1382500
4632	3624.2070857
4633	3637.9216440
4634	3651.6464696
4635	3669.5422641
4636	3687.2601071
4637	3699.3380769
4638	3717.1697619
4639	3727.2323897
4640	3746.6804833
4641	3761.4823079
4642	3776.3704396
4643	3788.9826223
4644	3805.5135938
4645	3819.2126659
4646	3838.2135000
4647	3851.4502500
4648	3866.0638828
4649	3879.3146688
4650	3895.7539077
4651	3911.3283039
4652	3925.8077544
4653	3935.2830000
4654	3948.6473653
4655	3963.3095993
4656	3972.1480501
4657	3984.8881625
4658	4013.5012750
4659	4055.8088297
4660	4096.1658158
4661	4136.6123333
4662	4175.3325566
4663	4206.3450000
4664	4233.8987043
4665	4256.4823125
4666	4280.9422857
4667	4302.4987500
4668	4322.4026154
4669	4338.5945625
4670	4357.5564018
4671	4370.6603482
4672	4383.1138214
4673	4391.4028125
4674	4397.8724167
4675	4405.2468690
4676	4411.2722829
4677	4415.9709846
4678	4419.7689038
4679	4422.1415369
4680	4424.8073375
4681	4427.0909751
4682	4428.8790333
4683	4429.0503125
4684	4428.8540804
4685	4427.6869370
4686	4425.7880193
4687	4428.5792100
4688	4427.1679375
4689	4427.2239000
4690	4426.4738571
4691	4427.2341264
