x	y
1	35493.2490000
2	35493.2490000
3	35499.9645000
4	35511.5640000
5	35521.0267500
6	35534.1525000
7	35549.1488846
8	35562.8358462
9	35571.2709000
10	35575.3612500
11	35578.7190000
12	35584.5109231
13	35588.5887500
14	35588.8533000
15	35590.7000625
16	35593.1303221
17	35593.7290817
18	35594.3278413
19	35597.3392500
20	35598.6365625
21	35598.8757463
22	35598.6213000
23	35598.4076250
24	35596.4404583
25	35596.3978451
26	35596.3552318
27	35593.0657500
28	35592.4988571
29	35590.3252088
30	35589.5553750
31	35586.0450000
32	35583.9473846
33	35583.6793125
34	35583.6127837
35	35584.1019663
36	35587.6827837
37	35587.8119279
38	35587.9410721
39	35590.5278702
40	35591.2342500
41	35593.8484423
42	35593.9815000
43	35594.1341250
44	35597.5701442
45	35598.0260625
46	35598.9926875
47	35598.9487500
48	35598.8655000
49	35599.1942308
50	35600.6970000
51	35600.4126607
52	35600.6500385
53	35601.7348500
54	35601.0785625
55	35601.3101971
56	35600.9889783
57	35601.2622778
58	35602.2227116
59	35602.3322538
60	35602.2668571
61	35601.3456562
62	35601.2396667
63	35601.1548750
64	35600.7784000
65	35600.3917500
66	35600.4946960
67	35600.3352222
68	35600.9774461
69	35601.5691429
70	35601.2432368
71	35601.4067703
72	35601.4219688
73	35600.8080000
74	35598.4798462
75	35598.7480962
76	35599.2318000
77	35600.0101875
78	35600.4680625
79	35600.3435526
80	35599.1546842
81	35597.9658158
82	35598.1939500
83	35598.6416500
84	35599.0893500
85	35599.2832105
86	35599.5723947
87	35599.5050714
88	35598.8908443
89	35598.9313187
90	35598.4076250
91	35599.1707500
92	35598.8655000
93	35598.7976667
94	35598.8073571
95	35599.0026575
96	35598.8932500
97	35598.9333333
98	35597.9262692
99	35597.6705897
100	35597.4149103
101	35597.7123333
102	35597.4003000
103	35596.5612538
104	35597.2218462
105	35596.9635577
106	35595.8521346
107	35595.9147500
108	35595.8130000
109	35594.8827143
110	35594.7585000
111	35594.5920000
112	35594.3594286
113	35594.1268571
114	35592.7411190
115	35592.9993913
116	35594.9735625
117	35594.1693462
118	35594.7228214
119	35594.7228214
120	35594.5920000
121	35594.3901923
122	35594.2867500
123	35592.3971071
124	35592.9825000
125	35593.6152000
126	35593.3710000
127	35593.5097500
128	35592.9542337
129	35593.0624946
130	35593.1707554
131	35593.1675000
132	35593.6942059
133	35592.8150894
134	35590.3524167
135	35590.2630000
136	35590.3621071
137	35592.0549588
138	35591.9302200
139	35590.7255000
140	35590.6237500
141	35590.6237500
142	35591.2778571
143	35591.3583626
144	35591.4388681
145	35591.3046923
146	35591.5395000
147	35591.5991538
148	35591.3859231
149	35590.7369231
150	35590.7763750
151	35591.4729712
152	35591.8447500
153	35591.8447500
154	35590.8585577
155	35590.9290000
156	35592.2439231
157	35592.3331500
158	35592.5860714
159	35592.9913626
160	35592.5662500
161	35591.6921250
162	35592.0560769
163	35592.1347692
164	35591.7895385
165	35590.9771279
166	35591.3281731
167	35591.2342500
168	35590.9290000
169	35590.1776154
170	35589.9897692
171	35590.0743000
172	35590.0743000
173	35590.0471385
174	35590.0132500
175	35590.1004643
176	35589.7080000
177	35589.7080000
178	35589.5248500
179	35588.9007833
180	35589.1653333
181	35589.6635769
182	35588.7922500
183	35589.4027500
184	35589.9269423
185	35589.5435641
186	35589.2148803
187	35589.3417000
188	35589.1679423
189	35589.1992500
190	35589.1984038
191	35588.9026731
192	35588.8533000
193	35587.7324846
194	35586.7110000
195	35586.7863214
196	35586.7513798
197	35586.5622292
198	35586.3730785
199	35585.4345000
200	35584.6205000
201	35584.9750385
202	35584.4717885
203	35584.8703269
204	35584.7770385
205	35584.4751429
206	35584.1946429
207	35584.6297500
208	35585.2288654
209	35585.3033397
210	35585.3778141
211	35585.4005833
212	35585.4599375
213	35584.2135000
214	35584.3543846
215	35584.8240000
216	35584.8240000
217	35584.6713750
218	35584.4910000
219	35583.6542308
220	35582.9939231
221	35582.9925000
222	35582.6750400
223	35583.3316667
224	35584.2044556
225	35584.1523423
226	35584.6872214
227	35584.9072500
228	35585.3042885
229	35584.9648846
230	35586.5791875
231	35586.6991071
232	35586.0450000
233	35585.4345000
234	35584.4013462
235	35584.3443214
236	35584.4547445
237	35584.2571071
238	35582.7878819
239	35583.4621154
240	35583.3681923
241	35583.3810000
242	35585.0460000
243	35584.0303500
244	35582.9314500
245	35583.5419500
246	35584.0463423
247	35583.9845625
248	35583.6030000
249	35583.5012500
250	35582.1080577
251	35581.1610000
252	35580.0926250
253	35574.0181500
254	35573.0718750
255	35561.6246828
256	35552.7117000
257	35540.8550539
258	35533.4199000
259	35524.4220692
260	35518.5847500
261	35514.0060000
262	35509.4272500
263	35509.4272500
264	35509.3802885
265	35510.1140625
266	35521.3496106
267	35528.0475000
268	35536.5005769
269	35544.2257500
270	35551.7552500
271	35557.6567500
272	35567.6494039
273	35569.5615000
274	35572.6609615
275	35573.5297500
276	35574.1402500
277	35574.4455000
278	35574.9033750
279	35575.3449373
280	35575.9335938
281	35577.3209159
282	35577.4980000
283	35577.7596429
284	35578.1848125
285	35579.1924098
286	35579.2355769
287	35579.9781563
288	35580.2198125
289	35580.2212933
290	35580.2452500
291	35579.9781563
292	35580.0926250
293	35580.0926250
294	35580.0272143
295	35580.3877000
296	35581.1850026
297	35580.8557500
298	35579.8657500
299	35580.0574038
300	35580.3861346
301	35580.2452500
302	35579.7312115
303	35580.0163125
304	35580.1231500
305	35579.5690038
306	35579.6888166
307	35579.3295000
308	35579.3973333
309	35580.2791667
310	35579.8930385
311	35578.2024231
312	35578.4270769
313	35578.6080000
314	35579.3723077
315	35579.1416538
316	35578.7190000
317	35578.9157308
318	35578.3667885
319	35577.1927500
320	35576.9554039
321	35577.7867500
322	35577.8795625
323	35577.7797692
324	35578.4298158
325	35578.4137500
326	35577.4980000
327	35576.5059375
328	35576.3991000
329	35576.6140555
330	35576.5822500
331	35576.6840000
332	35577.4771282
333	35576.8557693
334	35577.6154038
335	35577.4980000
336	35575.9717500
337	35575.3612500
338	35574.0450577
339	35574.1063333
340	35575.3612500
341	35574.9687857
342	35573.7120055
343	35574.2928750
344	35575.0560000
345	35575.9717500
346	35576.3630962
347	35576.5822500
348	35576.4648462
349	35575.6986316
350	35575.3612500
351	35574.4063654
352	35574.3522115
353	35574.4018929
354	35575.0899167
355	35575.0569514
356	35574.3393261
357	35573.8350000
358	35573.1905833
359	35573.5733571
360	35573.2116263
361	35573.2150225
362	35573.7517500
363	35574.5010000
364	35574.1800652
365	35573.5430217
366	35573.5297500
367	35571.9174038
368	35572.3087500
369	35572.7884286
370	35572.1712198
371	35572.6903125
372	35573.1307215
373	35573.8270285
374	35573.6685000
375	35573.6542692
376	35573.6400385
377	35572.9955625
378	35573.1024000
379	35573.4076500
380	35573.3481654
381	35573.4280000
382	35574.6176923
383	35575.8804359
384	35576.2159500
385	35576.1752500
386	35575.0560000
387	35574.8055385
388	35574.5965385
389	35574.4455000
390	35573.5062692
391	35573.4465000
392	35574.4455000
393	35574.3146786
394	35572.2729698
395	35571.9472277
396	35572.4281957
397	35572.3087500
398	35572.8278653
399	35574.1846731
400	35574.9220962
401	35574.6982885
402	35574.4744808
403	35572.9129724
404	35573.2245000
405	35573.1905833
406	35573.2911346
407	35573.2681071
408	35571.6110357
409	35570.4336429
410	35568.2242143
411	35566.8975000
412	35560.4040000
413	35550.4664167
414	35542.5850313
415	35533.9851995
416	35521.9425000
417	35510.3430000
418	35503.3222500
419	35492.1806250
420	35484.3145673
421	35476.4485096
422	35465.3577596
423	35457.2295000
424	35446.5457500
425	35437.3119375
426	35426.9216971
427	35418.1575000
428	35406.8241154
429	35403.0476250
430	35397.5967321
431	35397.4005000
432	35400.0714375
433	35403.5055000
434	35435.2515000
435	35459.3662500
436	35499.3540000
437	35549.2623750
438	35610.4650000
439	35686.1670000
440	35758.8165000
441	35845.2022500
442	35931.5880000
443	36013.3950000
444	36112.2960000
445	36212.4180000
446	36311.8512308
447	36406.5178654
448	36494.1441827
449	36577.0293413
450	36659.9145000
451	36740.5005000
452	36818.0340000
453	36883.3575000
454	36946.5442500
455	37009.7310000
456	37053.6870000
457	37101.3060000
458	37148.9250000
459	37188.6075000
460	37223.0146538
461	37251.5985769
462	37280.1825000
463	37296.3607500
464	37320.0763269
465	37337.7602813
466	37351.4397861
467	37361.5316250
468	37371.4796442
469	37378.4730000
470	37386.6756154
471	37389.7672500
472	37396.8271346
473	37398.4290449
474	37400.0309551
475	37400.7752884
476	37400.6288809
477	37398.5133261
478	37395.6724933
479	37392.8316605
480	37390.3777500
481	37379.0835000
482	37366.8735000
483	37352.6610600
484	37338.3326250
485	37317.2703750
486	37293.8424375
487	37272.8565000
488	37244.4682500
489	37215.4616731
490	37186.4550962
491	37156.3957981
492	37127.0193990
493	37098.2535000
494	37070.1705000
495	37045.3580357
496	37027.1302500
497	37009.8327500
498	37000.5917628
499	36997.3575043
500	36995.4860000
501	36997.7652000
502	37006.0680000
503	37025.5726923
504	37045.0773846
505	37067.7285000
506	37085.7382500
507	37119.8337809
508	37148.3145000
509	37174.9260385
510	37200.6866786
511	37225.5427500
512	37251.3363750
513	37274.3827500
514	37298.9553750
515	37316.9651250
516	37334.5170000
517	37351.6423077
518	37367.4840000
519	37376.3362500
520	37383.8148750
521	37394.9056250
522	37404.3938125
523	37409.9443702
524	37411.5926250
525	37417.7192019
526	37422.1237500
527	37423.0395000
528	37425.9198077
529	37427.4351000
530	37430.0602500
531	37430.5399286
532	37436.1797857
533	37439.2044783
534	37442.2702500
535	37447.5321786
536	37448.1921000
537	37456.5888231
538	37465.1318684
539	37468.2165000
540	37483.1737500
541	37500.6840000
542	37508.2042500
543	37538.5766250
544	37567.4990625
545	37596.4215000
546	37631.2200000
547	37679.0513478
548	37729.3884000
549	37786.3218857
550	37851.0000000
551	37921.4691429
552	37992.0255000
553	38075.0535000
554	38159.3025000
555	38264.9190000
556	38361.9885000
557	38477.9835000
558	38579.9370000
559	38688.6060000
560	38800.9380000
561	38917.5435000
562	39024.9915000
563	39143.4285000
564	39244.1610000
565	39360.7665000
566	39436.4685000
567	39529.2645000
568	39617.4817500
569	39701.2728750
570	39785.0640000
571	39844.2825000
572	39905.6377500
573	39958.2933750
574	40008.2017500
575	40055.5009643
576	40087.5667500
577	40124.9598750
578	40156.1188558
579	40180.6034279
580	40198.6777500
581	40213.9402500
582	40230.2202500
583	40241.2740000
584	40247.2366923
585	40249.3233974
586	40249.8601218
587	40249.2184286
588	40245.6862500
589	40232.8657500
590	40216.3212000
591	40200.8145000
592	40174.8072000
593	40148.3115000
594	40113.5130000
595	40071.5411250
596	40029.8745000
597	39968.3361000
598	39907.2250500
599	39846.1140000
600	39770.1345000
601	39694.8765000
602	39619.6185000
603	39502.4025000
604	39421.8165000
605	39316.8105000
606	39214.2465000
607	39097.0305000
608	38985.6142500
609	38874.1980000
610	38764.3080000
611	38661.1335000
612	38532.3180000
613	38436.7747500
614	38341.2315000
615	38259.4245000
616	38156.2500000
617	38078.7165000
618	37995.6885000
619	37939.5225000
620	37876.9462500
621	37814.3700000
622	37778.9610000
623	37735.0050000
624	37702.9537500
625	37670.9025000
626	37623.8940000
627	37619.4540000
628	37596.4215000
629	37577.3864231
630	37564.7627143
631	37555.5180000
632	37543.9621071
633	37535.3234203
634	37529.5717500
635	37525.2982500
636	37516.1407500
637	37509.4688571
638	37507.3265165
639	37501.3210302
640	37496.6047500
641	37493.4759375
642	37492.4838750
643	37487.2074107
644	37487.1420000
645	37482.9906000
646	37479.1209692
647	37477.7403000
648	37473.8331000
649	37471.3245000
650	37470.7806000
651	37468.9142143
652	37463.4301800
653	37460.8687933
654	37459.7916000
655	37458.8370000
656	37458.1432500
657	37455.0907500
658	37450.5628750
659	37448.2920000
660	37447.7647500
661	37442.9679643
662	37441.6161429
663	37440.7972976
664	37440.3213462
665	37434.0620440
666	37429.1445000
667	37427.6182500
668	37421.3388214
669	37418.3997000
670	37409.1506250
671	37397.3544083
672	37387.6784182
673	37378.0024280
674	37362.9752140
675	37348.5585000
676	37331.4645000
677	37310.0970000
678	37285.5752500
679	37259.3291053
680	37238.6685000
681	37205.4432115
682	37175.4817500
683	37143.2778750
684	37111.4403000
685	37078.4122500
686	37045.1400000
687	37012.7835000
688	36985.9215000
689	36966.9960000
690	36947.4600000
691	36931.8922500
692	36923.0545357
693	36919.9875000
694	36920.0862584
695	36921.8423416
696	36935.4456267
697	36947.7652500
698	36969.7432500
699	36991.8738750
700	37014.0045000
701	37047.5820000
702	37081.0102667
703	37113.0276000
704	37138.9128000
705	37164.7980000
706	37197.1545000
707	37226.1532500
708	37251.3363750
709	37273.7722500
710	37296.8186250
711	37313.1495000
712	37330.6505000
713	37348.1515000
714	37360.8944762
715	37371.1470000
716	37379.3124375
717	37389.5764687
718	37396.2330000
719	37399.8405000
720	37406.0036429
721	37408.9471250
722	37409.3032500
723	37415.6580000
724	37417.3856154
725	37419.1132308
726	37417.7511155
727	37418.2239727
728	37419.9870000
729	37419.8808261
730	37419.5446087
731	37419.2083913
732	37416.1713750
733	37416.1277679
734	37416.0841607
735	37411.9284000
736	37410.3411000
737	37407.9805000
738	37406.0981250
739	37404.1521563
740	37400.4510000
741	37398.6776429
742	37396.9042857
743	37393.8372500
744	37392.2528571
745	37386.1604178
746	37386.1042500
747	37383.5944167
748	37381.0845833
749	37377.8783278
750	37377.8625000
751	37375.1152500
752	37372.9785000
753	37369.7538077
754	37369.0865625
755	37367.4840000
756	37359.5475000
757	37358.9370000
758	37357.5633750
759	37353.5188125
760	37350.5607946
761	37347.6027768
762	37342.6291399
763	37341.7412500
764	37341.2325000
765	37336.6543244
766	37332.8890000
767	37330.4678718
768	37330.3198125
769	37328.4120000
770	37326.2752500
771	37319.3719038
772	37318.1598489
773	37316.9477940
774	37313.1495000
775	37311.3180000
776	37307.3497500
777	37299.7185000
778	37296.1776000
779	37288.8516000
780	37283.5418154
781	37280.7930000
782	37278.3510000
783	37271.0250000
784	37269.9566250
785	37262.8998332
786	37256.8308750
787	37251.5445000
788	37249.9627500
789	37239.1459423
790	37236.5317500
791	37225.8480000
792	37218.3185000
793	37210.2828590
794	37203.1831875
795	37194.6718000
796	37188.4243500
797	37182.1769000
798	37172.2815821
799	37165.2558750
800	37157.7772500
801	37149.0558214
802	37143.1140687
803	37137.1723159
804	37125.0436765
805	37118.6609588
806	37113.2107500
807	37104.0532500
808	37097.0325000
809	37086.6540000
810	37081.4647500
811	37072.8567000
812	37063.5228333
813	37055.1522000
814	37047.8872500
815	37041.5278750
816	37033.7847000
817	37027.8366857
818	37023.6707500
819	37013.9079679
820	37009.1205000
821	36999.2071429
822	36992.6925000
823	36990.8055000
824	36985.0057500
825	36979.5112500
826	36969.3653214
827	36965.1645000
828	36959.1680333
829	36953.5650000
830	36949.0625625
831	36943.3427589
832	36941.6602500
833	36932.1975000
834	36926.4995000
835	36919.2752500
836	36915.8971500
837	36912.9057000
838	36907.6110000
839	36901.7576000
840	36900.2073000
841	36892.9898333
842	36888.3636000
843	36882.0895385
844	36877.8019500
845	36872.8423643
846	36868.2686086
847	36867.4845000
848	36863.0365714
849	36858.8154000
850	36854.4198000
851	36849.7036875
852	36848.8032000
853	36846.8496000
854	36839.2488750
855	36835.1280000
856	36830.4882000
857	36827.2572462
858	36826.5810000
859	36820.3403333
860	36818.4155625
861	36815.6377875
862	36812.8600125
863	36810.4027500
864	36801.9168000
865	36799.6172500
866	36798.1927500
867	36796.0560000
868	36794.2245000
869	36794.2245000
870	36788.2648571
871	36787.2037500
872	36783.6795000
873	36782.3197500
874	36781.8110000
875	36780.9000952
876	36779.9891905
877	36777.6392500
878	36776.6726250
879	36774.8556607
880	36774.3832500
881	36774.1699781
882	36774.3832500
883	36774.1139118
884	36772.8570000
885	36772.5081429
886	36773.1119341
887	36773.6964375
888	36774.6339911
889	36777.3940996
890	36777.2578526
891	36777.5375000
892	36778.9620000
893	36781.8323760
894	36782.1940588
895	36782.6250000
896	36786.7240714
897	36786.9748125
898	36790.8667500
899	36797.1439423
900	36797.6433000
901	36799.7190000
902	36803.6872500
903	36809.5574423
904	36812.3788421
905	36816.2897143
906	36820.4469286
907	36821.3917500
908	36827.2351071
909	36829.6335000
910	36836.3083000
911	36841.3551000
912	36843.6750000
913	36847.9485000
914	36853.5838846
915	36855.5797500
916	36864.1267500
917	36864.7372500
918	36872.0475962
919	36879.3579423
920	36885.8772474
921	36891.6719286
922	36899.0277454
923	36899.9936250
924	36908.8168036
925	36916.1210000
926	36917.5455000
927	36927.0360000
928	36934.7158125
929	36941.9655000
930	36946.5442500
931	36954.7938269
932	36962.2308947
933	36966.6907500
934	36974.0167500
935	36978.9007500
936	36989.3418654
937	36995.3232000
938	37003.9312500
939	37012.7219423
940	37017.0570000
941	37027.6390000
942	37036.0232000
943	37036.2877500
944	37046.9715000
945	37058.9489286
946	37064.3707500
947	37074.5550000
948	37083.4350000
949	37083.9067500
950	37097.1633214
951	37104.0532500
952	37114.1265000
953	37124.2964919
954	37130.2284375
955	37140.3626106
956	37149.7729105
957	37156.0983750
958	37162.6612500
959	37172.6036786
960	37178.5342500
961	37189.2325357
962	37197.3071250
963	37204.4805000
964	37213.3327500
965	37217.9115000
966	37228.1737143
967	37237.1422500
968	37246.7067500
969	37254.9230625
970	37262.4271250
971	37268.5830000
972	37271.9407500
973	37276.8247500
974	37289.3400000
975	37300.3916154
976	37309.7554611
977	37316.7107500
978	37324.7490000
979	37331.4645000
980	37339.2556429
981	37347.0467857
982	37354.4345625
983	37362.1166875
984	37367.1177000
985	37374.4553286
986	37384.5780000
987	37393.9390000
988	37398.3142500
989	37403.9026731
990	37405.9455000
991	37415.1030000
992	37426.5571429
993	37432.6548750
994	37435.8600000
995	37440.8312143
996	37447.7647500
997	37455.7012500
998	37461.6027500
999	37469.7427500
1000	37475.8477500
1001	37480.5727121
1002	37485.6003593
1003	37492.0260000
1004	37497.5883333
1005	37500.3288000
1006	37505.2011714
1007	37510.0735429
1008	37516.4440619
1009	37522.8145810
1010	37528.6566460
1011	37530.4111875
1012	37536.2872500
1013	37539.9502500
1014	37546.8401786
1015	37551.6395294
1016	37557.1288992
1017	37560.6773235
1018	37564.2257479
1019	37566.9648750
1020	37572.3067500
1021	37576.0133571
1022	37581.0063750
1023	37581.7695000
1024	37582.0747500
1025	37588.5397885
1026	37594.2237000
1027	37602.0846143
1028	37604.5886333
1029	37607.0926524
1030	37608.8469706
1031	37609.8525000
1032	37613.2102500
1033	37619.0100000
1034	37619.0100000
1035	37623.5451429
1036	37628.0802857
1037	37629.8972500
1038	37631.3217500
1039	37632.4410000
1040	37635.7987500
1041	37642.5723929
1042	37644.6267738
1043	37646.6811548
1044	37650.3280040
1045	37651.9770000
1046	37652.2822500
1047	37655.9452500
1048	37658.3109375
1049	37660.9491696
1050	37661.2781471
1051	37665.4080000
1052	37665.7671176
1053	37666.7931681
1054	37667.2395000
1055	37669.5288750
1056	37672.0217500
1057	37675.9717372
1058	37676.5191000
1059	37677.0075000
1060	37678.2285000
1061	37681.7752143
1062	37682.5738235
1063	37682.8072500
1064	37685.8597500
1065	37686.3939375
1066	37690.0295433
1067	37690.7583962
1068	37690.9771765
1069	37691.1601195
1070	37691.3978571
1071	37691.4269286
1072	37691.4560000
1073	37692.5752500
1074	37692.5752500
1075	37693.5927500
1076	37697.7112024
1077	37697.2258235
1078	37695.6080840
1079	37695.6747115
1080	37696.7978750
1081	37696.8722308
1082	37696.9996978
1083	37697.4287250
1084	37697.4781464
1085	37697.5131176
1086	37696.9304029
1087	37696.1565971
1088	37695.9330000
1089	37696.0202143
1090	37696.3291288
1091	37696.1466750
1092	37694.8704393
1093	37694.8900625
1094	37694.8646250
1095	37694.8083947
1096	37694.6102500
1097	37691.8260000
1098	37690.8658500
1099	37690.7160000
1100	37689.3192500
1101	37688.9607024
1102	37688.6021548
1103	37687.6912500
1104	37683.7084643
1105	37682.5020000
1106	37682.4583929
1107	37680.6268929
1108	37679.6966071
1109	37679.0134286
1110	37677.3999643
1111	37673.9550000
1112	37673.6497500
1113	37670.8588929
1114	37668.7657500
1115	37664.8701786
1116	37662.6607500
1117	37660.6548214
1118	37659.4047500
1119	37657.6023214
1120	37653.3578929
1121	37652.2919405
1122	37651.2259881
1123	37648.3140000
1124	37642.6450714
1125	37642.5142500
1126	37639.9268929
1127	37637.3395357
1128	37635.4171875
1129	37628.6116779
1130	37626.9465000
1131	37621.5537500
1132	37619.1311310
1133	37616.7085119
1134	37612.3994802
1135	37609.0385000
1136	37604.1738810
1137	37600.2334809
1138	37599.7792500
1139	37593.1218929
1140	37589.3571429
1141	37584.3568571
1142	37582.1765000
1143	37577.4960000
1144	37573.0771429
1145	37571.8997500
1146	37566.5070000
1147	37559.2436154
1148	37551.9802308
1149	37550.0235000
1150	37546.6657500
1151	37539.4851071
1152	37532.3044643
1153	37532.0137500
1154	37526.0105000
1155	37515.8355000
1156	37512.4777500
1157	37505.9657500
1158	37499.3520000
1159	37494.1627500
1160	37486.3788750
1161	37480.4265000
1162	37475.8477500
1163	37466.5158214
1164	37458.4179750
1165	37451.6065393
1166	37447.1542500
1167	37436.6994375
1168	37428.1451696
1169	37426.7025000
1170	37420.5975000
1171	37407.6025714
1172	37399.0010625
1173	37388.7751875
1174	37385.7990000
1175	37371.1760714
1176	37364.9402500
1177	37353.7477500
1178	37342.6977000
1179	37331.7697500
1180	37318.8911071
1181	37311.3180000
1182	37298.4684286
1183	37290.5610000
1184	37276.9846429
1185	37263.7244375
1186	37253.0091935
1187	37243.4761875
1188	37228.7696786
1189	37216.6782005
1190	37205.0910000
1191	37192.4740000
1192	37175.8451429
1193	37162.8763040
1194	37149.9074652
1195	37136.9439375
1196	37118.3600268
1197	37102.8510915
1198	37089.1723125
1199	37071.0030000
1200	37052.4237143
1201	37039.0350000
1202	37022.8567500
1203	37005.4575000
1204	36990.5002500
1205	36970.0630357
1206	36949.6258214
1207	36929.5520000
1208	36908.8725238
1209	36895.2622500
1210	36874.4180357
1211	36854.3151429
1212	36837.8752500
1213	36816.2025000
1214	36792.5965000
1215	36769.4483750
1216	36748.5387500
1217	36726.6879375
1218	36704.8625625
1219	36682.2299057
1220	36661.2372500
1221	36637.0716250
1222	36615.7143000
1223	36591.7216500
1224	36569.2552500
1225	36553.9927500
1226	36526.8255000
1227	36498.2773571
1228	36473.8864286
1229	36451.5159643
1230	36429.1455000
1231	36400.4520000
1232	36374.4294375
1233	36349.8568125
1234	36326.6832500
1235	36302.9318929
1236	36276.2152500
1237	36253.0162500
1238	36227.5278750
1239	36203.8096202
1240	36179.9484512
1241	36150.6616742
1242	36124.5060000
1243	36100.6456250
1244	36076.7634464
1245	36054.4608155
1246	36035.6782500
1247	36004.6953750
1248	35981.3437500
1249	35953.7186250
1250	35927.2781607
1251	35905.3243869
1252	35887.9372500
1253	35862.6015000
1254	35838.4867500
1255	35813.1510000
1256	35791.6817500
1257	35768.3470833
1258	35745.2327325
1259	35724.2468663
1260	35703.2610000
1261	35682.1987500
1262	35658.5636786
1263	35636.3458393
1264	35615.4507500
1265	35595.2654881
1266	35579.7365000
1267	35557.1480000
1268	35540.2575000
1269	35517.6690000
1270	35499.0487500
1271	35478.6285144
1272	35464.2502500
1273	35446.2405000
1274	35427.8382857
1275	35409.4360714
1276	35392.7200000
1277	35378.4750000
1278	35360.4216429
1279	35343.6765000
1280	35328.4506446
1281	35313.6856875
1282	35296.8619419
1283	35285.3737500
1284	35273.5707500
1285	35263.3957500
1286	35246.3889643
1287	35231.6497500
1288	35220.1520000
1289	35208.2617857
1290	35193.7987500
1291	35183.1876786
1292	35173.7540000
1293	35167.8525000
1294	35154.4796429
1295	35146.2815000
1296	35133.8001667
1297	35124.5070000
1298	35112.4681305
1299	35107.1077500
1300	35097.2234643
1301	35090.1898887
1302	35087.0630000
1303	35074.3490952
1304	35068.2214841
1305	35062.0938730
1306	35053.4090529
1307	35047.7366250
1308	35044.5315000
1309	35037.0176538
1310	35029.1672500
1311	35025.5042500
1312	35019.0783462
1313	35017.1607500
1314	35012.7855000
1315	35005.5358125
1316	35004.8490000
1317	34996.4764286
1318	34991.5633571
1319	34989.5865000
1320	34989.1795000
1321	34984.1307619
1322	34981.9552500
1323	34976.1555000
1324	34972.8704286
1325	34972.4925000
1326	34967.9148493
1327	34965.7770000
1328	34961.9395714
1329	34960.4046000
1330	34958.2882000
1331	34957.0119643
1332	34955.0932500
1333	34954.1775000
1334	34952.3169286
1335	34950.4563571
1336	34950.2092500
1337	34947.3132885
1338	34945.4181522
1339	34944.7147500
1340	34941.6622500
1341	34940.8482500
1342	34940.5181031
1343	34939.4612368
1344	34938.2027500
1345	34937.2821548
1346	34937.2271471
1347	34935.2011250
1348	34935.0230625
1349	34934.6415000
1350	34934.6415000
1351	34934.6884615
1352	34934.9467500
1353	34934.8857000
1354	34935.1299000
1355	34935.3741000
1356	34935.1322453
1357	34935.5267250
1358	34935.2593685
1359	34935.3162632
1360	34937.7376071
1361	34939.4528214
1362	34940.5970430
1363	34941.2460000
1364	34943.2588000
1365	34944.7236476
1366	34945.6305000
1367	34945.9357500
1368	34953.0001071
1369	34955.9944643
1370	34958.9888214
1371	34961.5035000
1372	34962.4192500
1373	34964.8612500
1374	34973.1030000
1375	34979.9347857
1376	34983.0745000
1377	34991.1369762
1378	34994.4705000
1379	35002.0740000
1380	35008.5463571
1381	35014.6284524
1382	35020.7105476
1383	35029.3707500
1384	35034.0512500
1385	35049.3525119
1386	35061.4010040
1387	35068.3410000
1388	35080.5510000
1389	35093.2945463
1390	35102.5290000
1391	35117.2682143
1392	35125.4227500
1393	35141.2957500
1394	35156.7472143
1395	35168.5695952
1396	35176.0942500
1397	35190.6953750
1398	35200.8195000
1399	35214.3086429
1400	35220.6607500
1401	35229.8473214
1402	35238.1774038
1403	35242.9440000
1404	35250.5752500
1405	35258.5117500
1406	35265.4299620
1407	35269.5007500
1408	35277.7570357
1409	35278.0477500
1410	35278.6582500
1411	35283.5422500
1412	35288.4262500
1413	35291.5372733
1414	35291.7840000
1415	35298.0416250
1416	35298.3740083
1417	35298.7063917
1418	35299.1100000
1419	35304.6917143
1420	35307.2008022
1421	35309.2957105
1422	35309.4885000
1423	35310.6222857
1424	35316.0256952
1425	35316.7127500
1426	35318.3407500
1427	35319.8288438
1428	35323.9878750
1429	35324.1438917
1430	35324.2999083
1431	35325.7278000
1432	35327.6116286
1433	35327.7526250
1434	35329.3297500
1435	35330.8168654
1436	35332.3039808
1437	35332.5348750
1438	35336.4159107
1439	35336.8301786
1440	35337.6374698
1441	35338.0947857
1442	35339.3196619
1443	35339.3724750
1444	35341.3141304
1445	35342.4000000
1446	35343.0017368
1447	35343.8083126
1448	35345.1925750
1449	35345.5772869
1450	35345.9619988
1451	35346.2202500
1452	35346.2688984
1453	35346.2308723
1454	35346.1419808
1455	35347.0342500
1456	35348.7494643
1457	35349.2473125
1458	35349.7469712
1459	35350.0031420
1460	35349.9421579
1461	35350.0069154
1462	35350.0867500
1463	35350.6140000
1464	35351.8905000
1465	35351.9182500
1466	35352.1530577
1467	35352.8340000
1468	35353.1392500
1469	35354.5072222
1470	35354.3941667
1471	35354.4266087
1472	35354.9309348
1473	35355.5984264
1474	35355.6173167
1475	35356.6789690
1476	35358.2482717
1477	35357.3783115
1478	35357.2703000
1479	35357.3037321
1480	35357.7834107
1481	35358.2245354
1482	35358.7863750
1483	35358.7684178
1484	35358.9971429
1485	35360.8770952
1486	35361.1839603
1487	35361.3403000
1488	35361.1155652
1489	35360.7705000
1490	35360.8722500
1491	35361.6071111
1492	35363.7995192
1493	35363.6637391
1494	35363.9451000
1495	35364.1282500
1496	35364.4335000
1497	35364.5808621
1498	35364.6570493
1499	35364.7332365
1500	35364.7548158
1501	35364.9885000
1502	35365.1469662
1503	35365.7308125
1504	35366.7443990
1505	35366.1673200
1506	35366.0905714
1507	35366.1675252
1508	35367.3532826
1509	35367.5917397
1510	35367.6738462
1511	35368.5784737
1512	35369.9693120
1513	35369.7484412
1514	35369.6227500
1515	35369.7060000
1516	35369.9479231
1517	35369.9545435
1518	35369.8218261
1519	35369.4184633
1520	35369.4781579
1521	35371.1490000
1522	35371.3155000
1523	35371.8510750
1524	35370.4814753
1525	35371.4796875
1526	35371.5846744
1527	35371.5051250
1528	35371.6690556
1529	35372.4005250
1530	35373.2787058
1531	35374.0937113
1532	35371.9747404
1533	35371.9749706
1534	35375.5815378
1535	35375.4711512
1536	35374.9806886
1537	35374.6455000
1538	35374.7102500
1539	35374.6945962
1540	35374.7180769
1541	35374.5771923
1542	35373.9536474
1543	35374.1182500
1544	35377.3650232
1545	35377.3516800
1546	35375.9040135
1547	35376.2550000
1548	35377.5471538
1549	35377.9866000
1550	35377.8645000
1551	35377.7248839
1552	35377.7118750
1553	35377.4066250
1554	35377.4829375
1555	35377.6101250
1556	35377.4122778
1557	35377.5226200
1558	35377.8645000
1559	35378.0544333
1560	35378.2443667
1561	35378.5144079
1562	35378.5468235
1563	35380.8783258
1564	35381.7181086
1565	35382.3600000
1566	35383.5783571
1567	35382.8502500
1568	35382.0310321
1569	35382.1380000
1570	35382.1380000
1571	35382.1380000
1572	35382.0247680
1573	35382.1380000
1574	35382.8357143
1575	35382.8357143
1576	35383.1340789
1577	35383.0670217
1578	35383.1102778
1579	35384.1439286
1580	35384.2703526
1581	35384.3001875
1582	35385.1905000
1583	35385.8257944
1584	35385.2583333
1585	35385.0806068
1586	35385.4469763
1587	35385.9120000
1588	35386.3117599
1589	35386.4757632
1590	35386.4987143
1591	35386.6463077
1592	35387.0728750
1593	35388.1412500
1594	35388.3738214
1595	35388.4610357
1596	35388.5482500
1597	35388.1993929
1598	35387.9377500
1599	35388.6380294
1600	35388.7816765
1601	35388.7457647
1602	35388.8535000
1603	35388.8699176
1604	35388.8840250
1605	35389.0090321
1606	35389.1340393
1607	35390.0517274
1608	35390.0745000
1609	35390.0308929
1610	35390.4915162
1611	35390.5356098
1612	35390.2525625
1613	35390.3797500
1614	35390.4695294
1615	35390.4971538
1616	35391.0556607
1617	35391.7185627
1618	35391.6840000
1619	35391.8187857
1620	35392.5601071
1621	35391.9917485
1622	35392.0077500
1623	35392.4656250
1624	35393.4831250
1625	35392.5883235
1626	35392.4401875
1627	35392.7454375
1628	35394.6023750
1629	35394.4497500
1630	35392.7345357
1631	35392.6960588
1632	35392.7118600
1633	35393.3956200
1634	35393.4933000
1635	35393.5026923
1636	35393.7755165
1637	35394.0483407
1638	35395.8470421
1639	35395.8104539
1640	35396.1191000
1641	35395.7870357
1642	35395.7870357
1643	35395.7870357
1644	35396.8050243
1645	35396.6235000
1646	35396.3016000
1647	35396.4847500
1648	35396.1351600
1649	35396.1140893
1650	35396.3931750
1651	35396.6882500
1652	35396.7027857
1653	35396.6373750
1654	35396.7900000
1655	35398.2264706
1656	35398.1854286
1657	35396.9353571
1658	35397.3770192
1659	35397.0189375
1660	35397.2182457
1661	35397.8443972
1662	35397.4005000
1663	35397.4723235
1664	35397.5531250
1665	35397.6548750
1666	35397.7057500
1667	35397.5727299
1668	35397.6185357
1669	35398.9267500
1670	35398.7651471
1671	35398.0546071
1672	35397.6185357
1673	35397.5108004
1674	35397.0285567
1675	35397.1257750
1676	35397.1950334
1677	35397.0952500
1678	35396.8352222
1679	35396.6543333
1680	35397.2411662
1681	35397.5826381
1682	35397.3300577
1683	35397.2975848
1684	35397.6128478
1685	35397.7057500
1686	35398.1418214
1687	35397.2987500
1688	35397.7296913
1689	35397.7986522
1690	35397.8445000
1691	35399.0311429
1692	35399.6883333
1693	35399.6715600
1694	35399.2320000
1695	35399.3963654
1696	35400.1477500
1697	35401.1339423
1698	35400.9871875
1699	35400.7821607
1700	35401.1245500
1701	35401.3251429
1702	35401.6740000
1703	35402.1318750
1704	35402.6132308
1705	35402.7513529
1706	35402.8590882
1707	35403.1239375
1708	35403.2047390
1709	35403.7889464
1710	35403.8718000
1711	35403.8111052
1712	35403.1869783
1713	35402.5094211
1714	35402.0396880
1715	35402.1940556
1716	35402.2845000
1717	35403.4037500
1718	35404.2991500
1719	35404.1668750
1720	35403.7403077
1721	35401.8389574
1722	35401.9487250
1723	35403.3063607
1724	35403.4624670
1725	35403.7974783
1726	35403.1790449
1727	35403.1784464
1728	35403.2511250
1729	35403.3238036
1730	35404.3170774
1731	35403.2701395
1732	35402.8149236
1733	35402.5892333
1734	35402.5377569
1735	35402.7118500
1736	35402.7775962
1737	35402.9967500
1738	35403.2765625
1739	35403.2280000
1740	35403.3462391
1741	35403.8107500
1742	35404.0142500
1743	35404.0142500
1744	35404.1032965
1745	35403.2002500
1746	35403.6520200
1747	35403.8270349
1748	35404.0196783
1749	35404.0548213
1750	35404.0899644
1751	35405.1189643
1752	35405.1080625
1753	35404.3449375
1754	35404.3340357
1755	35404.2991500
1756	35404.3409211
1757	35404.7265000
1758	35404.8210432
1759	35404.8701471
1760	35404.6546765
1761	35404.4990588
1762	35405.9911071
1763	35405.6083333
1764	35405.3525860
1765	35406.3097920
1766	35406.1845497
1767	35406.0593074
1768	35406.1629706
1769	35405.8166786
1770	35405.2352500
1771	35405.1080625
1772	35405.0317500
1773	35405.2715893
1774	35405.4024107
1775	35405.5332321
1776	35405.4591000
1777	35405.4387500
1778	35405.6602059
1779	35405.8587984
1780	35405.8692368
1781	35405.7255000
1782	35405.6422500
1783	35405.0040000
1784	35403.8305714
1785	35404.1519118
1786	35404.1221317
1787	35404.1802632
1788	35404.1877271
1789	35404.4212500
1790	35404.7265000
1791	35404.5015789
1792	35405.8756765
1793	35406.7106250
1794	35406.8812295
1795	35406.8022000
1796	35406.4405962
1797	35406.4562500
1798	35406.6310450
1799	35406.7187151
1800	35406.4844992
1801	35405.8457500
1802	35406.2091429
1803	35405.8606522
1804	35405.8955539
1805	35405.3980500
1806	35405.3606724
1807	35405.3980500
1808	35405.3370000
1809	35404.9485000
1810	35405.0317500
1811	35405.0317500
1812	35404.9554375
1813	35403.7461779
1814	35403.2002500
1815	35404.4648571
1816	35404.3195000
1817	35404.3195000
1818	35404.7265000
1819	35404.7265000
1820	35404.3485714
1821	35404.3826510
1822	35405.2061786
1823	35405.1726346
1824	35405.2352500
1825	35404.2032143
1826	35403.2484474
1827	35403.3993261
1828	35403.1063269
1829	35403.3020000
1830	35403.5055000
1831	35403.3390000
1832	35402.5382143
1833	35402.5897500
1834	35403.8228132
1835	35403.6933462
1836	35403.7344375
1837	35403.8268158
1838	35403.8870625
1839	35404.1160000
1840	35404.4828077
1841	35404.6392857
1842	35404.8654261
1843	35404.9554375
1844	35404.2177500
1845	35404.0778437
1846	35404.1160000
1847	35405.4150810
1848	35405.4726667
1849	35405.5535737
1850	35405.5744167
1851	35405.7033000
1852	35405.2270214
1853	35405.3370000
1854	35405.1916429
1855	35403.9385259
1856	35404.8439038
1857	35405.9005385
1858	35405.9005385
1859	35405.9005385
1860	35405.9475000
1861	35405.5695714
1862	35405.4726667
1863	35405.3757619
1864	35404.7265000
1865	35403.2002500
1866	35403.4135219
1867	35403.3004121
1868	35403.7497000
1869	35404.4212500
1870	35404.8409687
1871	35405.3125800
1872	35405.0535076
1873	35405.0595000
1874	35404.7265000
1875	35404.7265000
1876	35404.7499808
1877	35405.2149000
1878	35405.8166786
1879	35405.6131088
1880	35405.4290363
1881	35405.3370000
1882	35405.4274444
1883	35405.3691316
1884	35405.5013654
1885	35407.2557143
1886	35407.2154615
1887	35405.1574412
1888	35404.4648571
1889	35403.8107500
1890	35403.9252188
1891	35405.2734062
1892	35405.0535536
1893	35405.0317500
1894	35403.7166309
1895	35403.8220556
1896	35403.8726614
1897	35403.9232672
1898	35404.5956786
1899	35404.6247500
1900	35404.6905882
1901	35404.4205167
1902	35404.3740440
1903	35404.3275714
1904	35404.3340357
1905	35404.4212500
1906	35404.7776138
1907	35403.6288148
1908	35404.1160000
1909	35405.5695714
1910	35406.9806538
1911	35406.7219339
1912	35406.7324286
1913	35406.7615000
1914	35406.7615000
1915	35406.5580000
1916	35405.6567857
1917	35405.2797122
1918	35404.4212500
1919	35404.5738750
1920	35404.5084643
1921	35404.8871579
1922	35404.4437810
1923	35404.5230000
1924	35404.7265000
1925	35404.7265000
1926	35405.5834101
1927	35404.0433214
1928	35403.8979643
1929	35403.8898889
1930	35403.1975582
1931	35403.8325536
1932	35404.0517368
1933	35403.8798657
1934	35403.9874737
1935	35405.6761667
1936	35405.8330312
1937	35405.7948750
1938	35404.4430536
1939	35404.7046964
1940	35405.0317500
1941	35405.2061786
1942	35405.0317500
1943	35403.7090000
1944	35402.8273295
1945	35402.7847922
1946	35402.8519519
1947	35403.7833558
1948	35403.7996555
1949	35404.8791250
1950	35404.5535250
1951	35404.7813547
1952	35404.6090962
1953	35404.4212500
1954	35402.7007500
1955	35402.9782500
1956	35402.9458750
1957	35402.6745417
1958	35402.9204375
1959	35403.6835625
1960	35404.2223157
1961	35404.1160000
1962	35404.6169231
1963	35404.5856154
1964	35404.6100207
1965	35404.5230000
1966	35404.5406957
1967	35406.0417537
1968	35405.0317500
1969	35402.8950000
1970	35402.7042187
1971	35402.5897500
1972	35402.5897500
1973	35403.1689423
1974	35403.5394167
1975	35405.2688463
1976	35405.3455898
1977	35405.3398633
1978	35405.3341367
1979	35405.3069742
1980	35405.2798116
1981	35403.9515800
1982	35403.9939000
1983	35404.0502538
1984	35405.4507513
1985	35404.8930000
1986	35404.5230000
1987	35404.1596071
1988	35404.1842099
1989	35404.0838684
1990	35404.1160000
1991	35404.1770500
1992	35404.0651250
1993	35403.0524702
1994	35402.0917105
1995	35402.3244732
1996	35402.5897500
1997	35402.6161902
1998	35401.9515000
1999	35401.9792500
2000	35402.4880000
2001	35402.8568437
2002	35402.9822143
2003	35403.1298077
2004	35404.3172637
2005	35404.0505893
2006	35403.9633750
2007	35402.8150536
2008	35402.8441250
2009	35404.1616571
2010	35405.4791891
2011	35404.6610893
2012	35402.5897500
2013	35402.0555625
2014	35401.9515000
2015	35402.0070000
2016	35402.4827143
2017	35402.2485882
2018	35401.6740000
2019	35401.3251429
2020	35401.3905536
2021	35401.0275882
2022	35401.7679231
2023	35401.7612143
2024	35401.3687500
2025	35401.5722500
2026	35403.0064405
2027	35401.4705000
2028	35401.9356429
2029	35402.4007857
2030	35402.6915000
2031	35403.4958095
2032	35403.5055000
2033	35403.2307750
2034	35403.2666087
2035	35403.1239375
2036	35403.0094688
2037	35403.0727830
2038	35403.2002500
2039	35403.2002500
2040	35403.2002500
2041	35403.4037500
2042	35403.5268761
2043	35403.3809872
2044	35403.8258459
2045	35403.8386143
2046	35403.6698654
2047	35403.7637885
2048	35403.7322459
2049	35403.4336765
2050	35402.6915000
2051	35402.6406250
2052	35402.2869226
2053	35402.3808947
2054	35403.5055000
2055	35404.0549500
2056	35403.4777500
2057	35404.8044748
2058	35404.6776600
2059	35404.8652500
2060	35404.4652998
2061	35404.1072025
2062	35403.7491052
2063	35403.8107500
2064	35403.9504260
2065	35403.9328500
2066	35403.5055000
2067	35403.6520200
2068	35406.1998400
2069	35406.1140000
2070	35404.7265000
2071	35404.9213449
2072	35404.8486000
2073	35404.5763816
2074	35404.5871770
2075	35404.1923125
2076	35403.9633750
2077	35404.0496827
2078	35403.2680833
2079	35403.5462000
2080	35404.6044000
2081	35403.6647609
2082	35403.4444500
2083	35403.5970750
2084	35404.9237585
2085	35404.9163029
2086	35403.4174471
2087	35402.1624000
2088	35401.9307231
2089	35402.3549423
2090	35401.4123571
2091	35401.0974167
2092	35401.2161250
2093	35402.2408929
2094	35402.4066000
2095	35402.8950000
2096	35402.8950000
2097	35402.3641304
2098	35402.1656863
2099	35402.1735000
2100	35402.8950000
2101	35403.2002500
2102	35403.1880400
2103	35403.2280000
2104	35403.6799286
2105	35403.5345009
2106	35401.9388717
2107	35402.7986053
2108	35403.0171000
2109	35403.0694286
2110	35404.1402262
2111	35402.8950000
2112	35402.9419615
2113	35403.2002500
2114	35403.4291875
2115	35403.3783125
2116	35404.8241800
2117	35404.6102452
2118	35404.6468696
2119	35405.3370000
2120	35405.2497857
2121	35405.1982500
2122	35405.1342115
2123	35405.1021923
2124	35402.8845641
2125	35402.6915000
2126	35402.7423750
2127	35402.8102083
2128	35402.8780417
2129	35404.8673846
2130	35406.5580000
2131	35406.7145385
2132	35406.8710769
2133	35406.7800000
2134	35406.3945833
2135	35406.1724211
2136	35406.2091429
2137	35406.4816875
2138	35406.4446214
2139	35406.0499585
2140	35406.3399643
2141	35406.2222250
2142	35406.2018750
2143	35406.1330089
2144	35406.0719517
2145	35406.0108945
2146	35405.0861204
2147	35405.3588036
2148	35405.5913750
2149	35406.3297147
2150	35406.1917000
2151	35405.9998286
2152	35405.8079571
2153	35405.5812000
2154	35405.4309231
2155	35406.8605413
2156	35406.3239750
2157	35406.1917000
2158	35405.3370000
2159	35404.1702667
2160	35403.0836445
2161	35403.1604348
2162	35402.9713125
2163	35401.5722500
2164	35398.7436000
2165	35395.1348667
2166	35394.8058750
2167	35388.2793393
2168	35387.3272500
2169	35376.6289643
2170	35370.2332500
2171	35357.0638929
2172	35345.8641250
2173	35336.9610000
2174	35318.3407500
2175	35304.3603000
2176	35287.9926385
2177	35275.3005000
2178	35261.8695000
2179	35252.8864286
2180	35247.7922198
2181	35247.8035800
2182	35252.6492057
2183	35264.9220000
2184	35290.6393125
2185	35328.5993304
2186	35363.5177500
2187	35426.2161000
2188	35491.8753750
2189	35568.4015500
2190	35650.4527500
2191	35735.4648750
2192	35820.4770000
2193	35927.6808000
2194	36026.3986500
2195	36122.4608250
2196	36216.3007800
2197	36311.7341400
2198	36400.3543200
2199	36488.0099100
2200	36575.6655000
2201	36648.0097500
2202	36719.8961250
2203	36786.3643125
2204	36842.4921562
2205	36893.7550781
2206	36939.5330391
2207	36983.4513720
2208	37029.2670000
2209	37047.5820000
2210	37076.9402667
2211	37099.5016333
2212	37115.0422500
2213	37131.3731250
2214	37143.5526000
2215	37153.9905846
2216	37162.7833500
2217	37166.4768750
2218	37169.3023942
2219	37169.7432404
2220	37169.8184334
2221	37163.9840000
2222	37156.8615000
2223	37145.8725000
2224	37130.4435000
2225	37115.3475000
2226	37099.4745000
2227	37077.1912500
2228	37051.2450000
2229	37017.6675000
2230	36982.8690000
2231	36946.8495000
2232	36902.8935000
2233	36855.8850000
2234	36813.1500000
2235	36765.5310000
2236	36720.0487500
2237	36674.5665000
2238	36634.5787500
2239	36592.3016250
2240	36557.1215625
2241	36526.1005312
2242	36498.7721771
2243	36482.1763924
2244	36475.0306949
2245	36471.0253843
2246	36472.5362222
2247	36480.3353162
2248	36491.7217500
2249	36514.9207500
2250	36543.3090000
2251	36570.9341250
2252	36600.6087857
2253	36636.5846786
2254	36669.0574643
2255	36700.6894737
2256	36730.6896579
2257	36758.8155000
2258	36784.4565000
2259	36808.6886538
2260	36829.5395769
2261	36846.4222500
2262	36863.5162500
2263	36876.4893750
2264	36888.5467500
2265	36894.0412500
2266	36903.0877500
2267	36903.5040000
2268	36908.6932500
2269	36909.5363214
2270	36909.5799286
2271	36908.8240714
2272	36903.3005000
2273	36898.9252500
2274	36893.9003654
2275	36888.5467500
2276	36877.3542500
2277	36867.4672243
2278	36857.7165000
2279	36842.1487500
2280	36829.1974286
2281	36816.8130000
2282	36802.5680000
2283	36777.1789524
2284	36755.7791508
2285	36736.6848750
2286	36722.1855000
2287	36698.0562143
2288	36676.9324013
2289	36664.6764000
2290	36641.7041571
2291	36626.3370000
2292	36614.0979286
2293	36604.9754634
2294	36604.3590000
2295	36603.1380000
2296	36603.4127250
2297	36614.0441464
2298	36624.6755679
2299	36643.1257500
2300	36663.0106071
2301	36693.0995357
2302	36723.1884643
2303	36756.7805000
2304	36795.0578810
2305	36828.8291905
2306	36862.6005000
2307	36902.2830000
2308	36941.8637500
2309	36974.0167500
2310	37009.1205000
2311	37042.0875000
2312	37067.1180000
2313	37092.1485000
2314	37116.5685000
2315	37138.5465000
2316	37159.5942143
2317	37172.3275000
2318	37189.1114048
2319	37201.2180397
2320	37211.8678323
2321	37218.5713925
2322	37221.8797500
2323	37224.6270000
2324	37229.2057500
2325	37232.7161250
2326	37232.5024500
2327	37232.1056250
2328	37229.2668000
2329	37225.0979571
2330	37224.0165000
2331	37214.5973571
2332	37209.3645000
2333	37195.6893000
2334	37182.7408857
2335	37170.5105357
2336	37157.5737500
2337	37131.8310000
2338	37082.3805000
2339	37013.3940000
2340	36935.2500000
2341	36898.0095000
2342	36831.4650000
2343	36782.0145000
2344	36732.5640000
2345	36671.2087500
2346	36609.8535000
2347	36562.2345000
2348	36508.8157500
2349	36455.3970000
2350	36411.4410000
2351	36363.1019231
2352	36325.6109615
2353	36291.6029808
2354	36262.4790000
2355	36242.4778571
2356	36230.3163095
2357	36225.7391746
2358	36228.2910000
2359	36240.1347000
2360	36259.6707000
2361	36282.9448385
2362	36314.3715000
2363	36352.0972692
2364	36389.8230385
2365	36430.3665000
2366	36474.9330000
2367	36514.0050000
2368	36555.8242500
2369	36597.6435000
2370	36636.7155000
2371	36673.8777308
2372	36706.4899103
2373	36731.3430000
2374	36758.9681250
2375	36780.5645625
2376	36798.7015000
2377	36823.2232500
2378	36842.6066250
2379	36855.2745000
2380	36869.2690385
2381	36873.5895000
2382	36875.5736250
2383	36883.7246251
2384	36884.3436923
2385	36884.0697500
2386	36883.9680000
2387	36881.3515714
2388	36877.6013571
2389	36872.6737500
2390	36867.1792500
2391	36863.8215000
2392	36850.7684286
2393	36844.2855000
2394	36832.6860000
2395	36830.5492500
2396	36815.5920000
2397	36802.2350000
2398	36791.6468333
2399	36781.4040000
2400	36771.0255000
2401	36756.2514000
2402	36748.7422500
2403	36733.4797500
2404	36720.6592500
2405	36708.5073929
2406	36697.5435000
2407	36683.3077500
2408	36676.3980000
2409	36668.3206154
2410	36660.4417500
2411	36656.5567500
2412	36653.6350714
2413	36653.6659709
2414	36654.7252500
2415	36665.8160000
2416	36677.9242500
2417	36695.9340000
2418	36720.8118750
2419	36744.7740000
2420	36789.3405000
2421	36839.4015000
2422	36897.0937500
2423	36957.6095625
2424	37028.0460000
2425	37107.4110000
2426	37186.1655000
2427	37297.8870000
2428	37405.9455000
2429	37511.5620000
2430	37626.9465000
2431	37762.4775000
2432	37885.7985000
2433	38014.0035000
2434	38150.7555000
2435	38282.0130000
2436	38418.7650000
2437	38550.6330000
2438	38678.2275000
2439	38797.2750000
2440	38926.0905000
2441	39026.8230000
2442	39129.3870000
2443	39223.4040000
2444	39285.6750000
2445	39347.9460000
2446	39426.0027857
2447	39524.3805000
2448	39626.3340000
2449	39695.3205000
2450	39753.9285000
2451	39803.9895000
2452	39854.0505000
2453	39875.1127500
2454	39898.8205000
2455	39919.4757500
2456	39936.7732500
2457	39947.7041071
2458	39957.2250000
2459	39960.5827500
2460	39963.1119643
2461	39964.5510000
2462	39964.5001250
2463	39964.2457500
2464	39957.0069643
2465	39949.8990000
2466	39938.2995000
2467	39921.4235357
2468	39904.0097500
2469	39880.3020000
2470	39863.2080000
2471	39832.2760000
2472	39802.5435789
2473	39773.6171250
2474	39740.5738125
2475	39705.6990000
2476	39659.9115000
2477	39608.3242500
2478	39556.7370000
2479	39502.4025000
2480	39434.0265000
2481	39375.4185000
2482	39297.1080000
2483	39216.6885000
2484	39122.6715000
2485	39021.9390000
2486	38940.1320000
2487	38855.2725000
2488	38745.3825000
2489	38635.4925000
2490	38547.5805000
2491	38435.2485000
2492	38325.3585000
2493	38226.4575000
2494	38142.2085000
2495	38049.4125000
2496	37962.7215000
2497	37892.8192500
2498	37833.7533750
2499	37779.2008393
2500	37744.8929196
2501	37717.3604598
2502	37701.1657174
2503	37698.8982391
2504	37704.1747500
2505	37721.2687500
2506	37755.9400625
2507	37794.2235000
2508	37835.7375000
2509	37902.8925000
2510	37957.8375000
2511	38026.2135000
2512	38094.2842500
2513	38162.3550000
2514	38232.4404000
2515	38300.5711846
2516	38366.0783423
2517	38423.8624211
2518	38481.6465000
2519	38546.9700000
2520	38584.2105000
2521	38628.7770000
2522	38661.1335000
2523	38697.4582500
2524	38729.9673750
2525	38755.4557500
2526	38773.3128750
2527	38787.0647788
2528	38794.5277500
2529	38797.7054808
2530	38800.8440769
2531	38800.5106500
2532	38792.2798577
2533	38784.0490654
2534	38772.2445000
2535	38760.6450000
2536	38739.3870769
2537	38728.5937500
2538	38699.4541154
2539	38673.5783077
2540	38649.0761250
2541	38618.6998365
2542	38595.8100000
2543	38564.8271250
2544	38533.6916250
2545	38500.8537692
2546	38464.3881346
2547	38429.9770673
2548	38397.4530000
2549	38362.2937500
2550	38322.9165000
2551	38279.2657500
2552	38235.7676250
2553	38192.8800000
2554	38147.0052857
2555	38100.0403929
2556	38055.5175000
2557	38004.2355000
2558	37943.4907500
2559	37885.9511250
2560	37828.4115000
2561	37768.5825000
2562	37707.8377500
2563	37650.6033750
2564	37593.3690000
2565	37525.6035000
2566	37459.6695000
2567	37393.1250000
2568	37340.0115000
2569	37265.5305000
2570	37227.0690000
2571	37171.5135000
2572	37127.5575000
2573	37084.2120000
2574	37046.3610000
2575	37015.5307500
2576	36992.1791250
2577	36976.0880893
2578	36962.3727268
2579	36955.9052500
2580	36955.8543750
2581	36956.1087500
2582	36963.4856250
2583	36974.1185000
2584	36991.6195000
2585	37009.1205000
2586	37031.7962143
2587	37050.1766250
2588	37070.0178750
2589	37091.2836250
2590	37115.8150655
2591	37137.0601725
2592	37157.4720000
2593	37175.0747500
2594	37189.2180000
2595	37205.5852143
2596	37219.2761471
2597	37232.0299538
2598	37244.0455962
2599	37254.0073125
2600	37256.9835000
2601	37266.6642857
2602	37272.6820714
2603	37275.6037500
2604	37282.6949423
2605	37282.3498634
2606	37282.5905833
2607	37284.2379643
2608	37284.2379643
2609	37284.2379643
2610	37281.5052500
2611	37281.3017500
2612	37276.9216548
2613	37273.0600000
2614	37265.8357500
2615	37264.3095000
2616	37261.8675000
2617	37253.5494375
2618	37250.2680000
2619	37238.4243000
2620	37231.0983000
2621	37222.2547714
2622	37213.6380000
2623	37202.8234286
2624	37189.5232500
2625	37171.8300556
2626	37158.2351250
2627	37142.2095000
2628	37118.6907143
2629	37095.8115000
2630	37068.8555769
2631	37041.8433000
2632	37010.4229000
2633	36972.4905000
2634	36932.1975000
2635	36889.8985714
2636	36846.1170000
2637	36797.8875000
2638	36750.4720000
2639	36696.6995476
2640	36644.1941250
2641	36593.1665000
2642	36545.3440000
2643	36497.5215000
2644	36441.3555000
2645	36404.7255000
2646	36364.7377500
2647	36333.4496250
2648	36303.7640625
2649	36281.0992500
2650	36265.8658214
2651	36260.2501905
2652	36259.8538500
2653	36260.8776115
2654	36279.5730000
2655	36297.0333000
2656	36325.1163000
2657	36351.9172500
2658	36387.0210000
2659	36422.3960833
2660	36460.2810000
2661	36499.1088000
2662	36539.0323692
2663	36576.2744346
2664	36608.3883000
2665	36637.6312500
2666	36669.2246250
2667	36696.8497500
2668	36730.4272500
2669	36764.4626250
2670	36794.5297500
2671	36822.1548750
2672	36846.0152500
2673	36864.1267500
2674	36879.9997500
2675	36891.5992500
2676	36900.4515000
2677	36908.3410385
2678	36912.5295604
2679	36914.6151000
2680	36916.8739500
2681	36916.2998878
2682	36915.7527575
2683	36915.2056272
2684	36911.7893571
2685	36907.4722500
2686	36896.5649293
2687	36890.9015357
2688	36883.3575000
2689	36873.8511429
2690	36862.9493571
2691	36855.7629000
2692	36842.0063000
2693	36830.6510000
2694	36819.2550000
2695	36804.9082500
2696	36791.5605000
2697	36782.0145000
2698	36764.1573750
2699	36748.0554375
2700	36730.9278600
2701	36715.9584000
2702	36695.7813750
2703	36677.6190000
2704	36658.7952500
2705	36642.8205000
2706	36617.1795000
2707	36594.9471250
2708	36575.3602500
2709	36549.3122500
2710	36530.4885000
2711	36504.2370000
2712	36479.2065000
2713	36455.3970000
2714	36437.8020769
2715	36427.9245000
2716	36413.9992857
2717	36402.5595564
2718	36399.0323045
2719	36399.2342474
2720	36399.5766097
2721	36412.0515000
2722	36434.1167143
2723	36457.7626875
2724	36489.1380268
2725	36527.3074737
2726	36563.1502500
2727	36604.2281786
2728	36639.8901000
2729	36688.0585500
2730	36736.2270000
2731	36785.6775000
2732	36834.8227500
2733	36877.2525000
2734	36918.7665000
2735	36959.0595000
2736	36998.6911250
2737	37033.2098125
2738	37065.7316562
2739	37094.7388854
2740	37119.9611761
2741	37141.3955000
2742	37160.5245000
2743	37178.8395000
2744	37191.5379000
2745	37205.1956571
2746	37215.5334571
2747	37221.6762500
2748	37227.3742500
2749	37234.7293214
2750	37238.3885943
2751	37241.0422671
2752	37241.0014821
2753	37240.4236875
2754	37239.3553125
2755	37239.3226071
2756	37235.9212500
2757	37232.9196250
2758	37226.2804375
2759	37221.4635000
2760	37217.6062500
2761	37209.0749038
2762	37204.4805000
2763	37189.5232500
2764	37180.3657500
2765	37162.2251786
2766	37153.1985000
2767	37132.1362500
2768	37112.2644750
2769	37091.5685250
2770	37068.0337500
2771	37033.5405000
2772	37001.5503000
2773	36965.1263438
2774	36927.4661250
2775	36887.0968125
2776	36837.5700000
2777	36786.2880000
2778	36735.0060000
2779	36683.7240000
2780	36630.6339808
2781	36579.3402404
2782	36529.2733702
2783	36481.6485000
2784	36436.4424286
2785	36396.7744643
2786	36366.2567321
2787	36341.8144440
2788	36323.3313019
2789	36313.8986006
2790	36311.4274823
2791	36312.0405000
2792	36318.3397500
2793	36341.3665577
2794	36364.3561875
2795	36397.5803889
2796	36430.8549000
2797	36462.4177500
2798	36503.1686250
2799	36541.1112000
2800	36581.5873500
2801	36618.2784000
2802	36652.2832500
2803	36685.6776000
2804	36719.4382500
2805	36747.3686250
2806	36774.1288750
2807	36799.1085000
2808	36819.0108000
2809	36833.2965000
2810	36851.8828333
2811	36863.3220000
2812	36873.6672000
2813	36879.0840000
2814	36885.3518000
2815	36888.5467500
2816	36890.3511167
2817	36890.0098448
2818	36887.3452980
2819	36884.8902660
2820	36883.4592500
2821	36874.4348077
2822	36867.0266250
2823	36863.5162500
2824	36854.7657500
2825	36842.4540000
2826	36835.6164000
2827	36823.2668571
2828	36811.9290000
2829	36804.6030000
2830	36789.7765714
2831	36777.3340000
2832	36764.4895588
2833	36752.3817692
2834	36741.2636250
2835	36726.0402596
2836	36711.5453571
2837	36701.7337500
2838	36684.8432500
2839	36674.0670000
2840	36659.3808462
2841	36641.6407692
2842	36626.5833278
2843	36617.9935000
2844	36600.6766190
2845	36590.6227500
2846	36570.5701731
2847	36554.7754423
2848	36539.9323769
2849	36529.8780000
2850	36518.9907500
2851	36501.7707738
2852	36486.2272500
2853	36471.4989375
2854	36458.6784375
2855	36444.0417000
2856	36430.3665000
2857	36416.6302500
2858	36406.3280625
2859	36395.5680000
2860	36380.9160000
2861	36364.1417857
2862	36350.4975952
2863	36340.3177500
2864	36325.4826000
2865	36315.8977500
2866	36302.8483125
2867	36287.4077500
2868	36273.4497372
2869	36264.3625553
2870	36255.2753733
2871	36240.8498571
2872	36230.7330000
2873	36216.0810000
2874	36209.6707500
2875	36193.4779643
2876	36184.3350000
2877	36173.0407500
2878	36163.8832500
2879	36149.8708214
2880	36136.3709348
2881	36127.2109068
2882	36122.0640000
2883	36106.2536154
2884	36097.5676875
2885	36086.4104087
2886	36075.2531298
2887	36066.8137500
2888	36052.9757500
2889	36048.8040000
2890	36033.9775714
2891	36026.8260000
2892	36014.8195000
2893	36003.3217500
2894	35993.2485000
2895	35985.6172500
2896	35973.6107500
2897	35964.9620000
2898	35956.1488846
2899	35946.0821366
2900	35941.3560000
2901	35930.3670000
2902	35923.6515000
2903	35914.1887500
2904	35906.8627500
2905	35898.7736250
2906	35890.2876750
2907	35884.2132000
2908	35874.9423214
2909	35867.2093214
2910	35865.3487500
2911	35855.4790000
2912	35850.6967500
2913	35839.7949643
2914	35838.7920000
2915	35829.1112143
2916	35823.0411000
2917	35819.8665000
2918	35812.0063125
2919	35806.6797000
2920	35801.1968286
2921	35798.1937500
2922	35793.6586071
2923	35789.8502500
2924	35783.5313141
2925	35778.6394605
2926	35775.3704423
2927	35773.3756951
2928	35773.2650000
2929	35772.5527500
2930	35766.0116786
2931	35762.9882500
2932	35758.5112500
2933	35757.4065357
2934	35756.7102750
2935	35755.0793679
2936	35752.8132500
2937	35750.9817500
2938	35748.2213079
2939	35747.2170000
2940	35744.1354286
2941	35744.6810769
2942	35745.0567692
2943	35744.2902898
2944	35742.8926250
2945	35742.6648988
2946	35742.5946429
2947	35741.4608571
2948	35741.7225000
2949	35740.0654286
2950	35740.3182767
2951	35740.2567691
2952	35740.3706786
2953	35740.3488750
2954	35740.2573000
2955	35740.2527778
2956	35740.2725625
2957	35741.2482265
2958	35741.2023637
2959	35741.1120000
2960	35741.5816154
2961	35741.6352857
2962	35741.6788929
2963	35742.5174918
2964	35742.9435000
2965	35743.4522500
2966	35744.0627500
2967	35744.1045249
2968	35744.0940577
2969	35744.1858103
2970	35745.0153326
2971	35745.0192000
2972	35745.3418929
2973	35745.5890000
2974	35745.5686500
2975	35745.7212750
2976	35746.3012500
2977	35746.9743654
2978	35747.6474808
2979	35748.1744936
2980	35747.5222500
2981	35747.3187500
2982	35747.5833000
2983	35747.4097895
2984	35746.4538750
2985	35746.3012500
2986	35744.1208929
2987	35743.8592500
2988	35743.5976071
2989	35743.2487500
2990	35742.8708214
2991	35742.4928929
2992	35739.3313750
2993	35738.5416012
2994	35737.7518274
2995	35736.0963710
2996	35735.9838000
2997	35735.4390462
2998	35731.1973011
2999	35730.7335000
3000	35729.3559615
3001	35727.9784231
3002	35725.9931471
3003	35725.1124538
3004	35724.2317605
3005	35724.0180000
3006	35718.3926786
3007	35717.3788125
3008	35715.4710000
3009	35715.2529643
3010	35712.7237500
3011	35709.4968214
3012	35708.5520000
3013	35708.1450000
3014	35701.7958000
3015	35699.2164375
3016	35697.1560000
3017	35693.0278571
3018	35691.8650000
3019	35688.7543571
3020	35687.9985000
3021	35685.6437143
3022	35679.3240330
3023	35677.8380357
3024	35677.4368500
3025	35674.8378643
3026	35673.6517500
3027	35670.3957500
3028	35666.8527628
3029	35664.9463645
3030	35662.9680000
3031	35657.0955714
3032	35653.4039885
3033	35651.0632500
3034	35651.0632500
3035	35648.0107500
3036	35643.1267500
3037	35639.9288929
3038	35639.2348125
3039	35632.8790714
3040	35628.5183571
3041	35625.5479412
3042	35623.9524328
3043	35622.3569244
3044	35616.8709748
3045	35616.0031071
3046	35613.2122500
3047	35607.0462000
3048	35604.0547500
3049	35601.7145000
3050	35596.9080238
3051	35596.6748824
3052	35593.2940462
3053	35592.4552500
3054	35585.7397500
3055	35581.6116071
3056	35579.5584375
3057	35576.1498125
3058	35575.9107000
3059	35570.4772500
3060	35566.9399412
3061	35562.6117185
3062	35559.7935000
3063	35558.3181250
3064	35554.6042500
3065	35549.6621071
3066	35547.5835000
3067	35541.4785000
3068	35540.9837971
3069	35536.4968200
3070	35534.8740000
3071	35530.2040714
3072	35529.5737500
3073	35522.2818295
3074	35518.2795000
3075	35518.2795000
3076	35511.8547143
3077	35509.9456905
3078	35508.0366667
3079	35501.9575079
3080	35498.4382500
3081	35494.9584000
3082	35492.2460357
3083	35489.5860000
3084	35486.5335000
3085	35482.5652500
3086	35478.0882500
3087	35473.6112500
3088	35470.2026250
3089	35466.6583536
3090	35465.0642500
3091	35463.4362500
3092	35457.9029881
3093	35453.1595000
3094	35451.4297500
3095	35451.1245000
3096	35444.9613571
3097	35439.2451875
3098	35437.4900000
3099	35432.1263214
3100	35431.9700625
3101	35426.3956161
3102	35425.8905000
3103	35419.3785000
3104	35417.9540000
3105	35413.2735000
3106	35411.4420000
3107	35406.8632500
3108	35402.4362089
3109	35399.6390000
3110	35392.8847381
3111	35389.7692500
3112	35386.1062500
3113	35383.4898214
3114	35379.7977500
3115	35375.9597400
3116	35373.7436250
3117	35367.8930000
3118	35363.2318810
3119	35361.0248750
3120	35359.3205625
3121	35354.2112589
3122	35352.8950500
3123	35351.5519500
3124	35345.4004357
3125	35340.3187500
3126	35336.1709412
3127	35333.5015000
3128	35330.3036429
3129	35328.2105000
3130	35326.2772500
3131	35319.7943214
3132	35316.3057500
3133	35311.3248452
3134	35310.4042500
3135	35306.2470357
3136	35304.6045000
3137	35300.0868000
3138	35298.3890286
3139	35296.6912571
3140	35292.9032500
3141	35286.3718690
3142	35283.2935278
3143	35281.4055000
3144	35276.7831429
3145	35275.3005000
3146	35272.4700000
3147	35266.8756000
3148	35262.5676615
3149	35260.5264000
3150	35259.4275000
3151	35254.2382500
3152	35253.5667000
3153	35249.8884375
3154	35248.8963750
3155	35240.9380714
3156	35238.6705000
3157	35235.9959286
3158	35234.1680625
3159	35232.2602500
3160	35231.9550000
3161	35223.4952143
3162	35220.2101429
3163	35218.3103250
3164	35215.4715000
3165	35212.7678571
3166	35210.0642143
3167	35207.4332500
3168	35206.0087500
3169	35201.2119643
3170	35200.8195000
3171	35193.3772143
3172	35192.6795000
3173	35190.0418269
3174	35188.9758000
3175	35184.0220286
3176	35180.3857059
3177	35180.0625000
3178	35177.9257500
3179	35173.7394643
3180	35173.0417500
3181	35169.4078214
3182	35166.8757000
3183	35166.3262500
3184	35165.5215000
3185	35162.7243000
3186	35158.9333857
3187	35155.9477500
3188	35150.2090500
3189	35148.0461357
3190	35146.8368620
3191	35145.5226380
3192	35143.7813571
3193	35142.2115000
3194	35141.2194375
3195	35133.6880876
3196	35131.6955054
3197	35130.6891598
3198	35129.9099250
3199	35128.7805000
3200	35125.7890500
3201	35125.7280000
3202	35122.7537692
3203	35121.3108529
3204	35118.6157605
3205	35115.9206681
3206	35115.3073179
3207	35115.1460000
3208	35110.6035281
3209	35109.8550000
3210	35106.5990000
3211	35103.8176705
3212	35103.6991250
3213	35102.9360000
3214	35100.3680238
3215	35100.2905000
3216	35098.1489048
3217	35098.1334000
3218	35094.2872500
3219	35091.5400000
3220	35090.1736429
3221	35089.4795625
3222	35087.3064732
3223	35087.6093413
3224	35085.6385000
3225	35084.9262500
3226	35079.7515357
3227	35078.8721250
3228	35078.5668750
3229	35078.4142500
3230	35077.4548929
3231	35073.9081786
3232	35073.7337500
3233	35073.1741250
3234	35072.2777560
3235	35071.3813869
3236	35068.4936250
3237	35067.8685893
3238	35067.2435536
3239	35066.3874000
3240	35065.2885000
3241	35062.4685714
3242	35062.0923529
3243	35061.3450462
3244	35061.3382059
3245	35059.4707941
3246	35058.8782500
3247	35057.8316786
3248	35057.7444643
3249	35057.7153929
3250	35057.6863214
3251	35054.5272262
3252	35054.4012500
3253	35054.0956335
3254	35053.2580588
3255	35052.2063571
3256	35052.2877083
3257	35051.2470000
3258	35049.2120000
3259	35048.7613929
3260	35048.6972647
3261	35048.1005769
3262	35048.0200714
3263	35045.9560000
3264	35045.6216786
3265	35045.5998750
3266	35044.8672750
3267	35045.0063333
3268	35044.8489600
3269	35043.3418971
3270	35042.6640882
3271	35042.8017500
3272	35042.7000000
3273	35042.2616923
3274	35042.0284500
3275	35042.3408824
3276	35042.5512227
3277	35041.8208800
3278	35042.0573684
3279	35043.6157500
3280	35042.8831500
3281	35042.0051929
3282	35042.2726500
3283	35042.0131875
3284	35041.3772500
3285	35041.4790000
3286	35042.8221000
3287	35042.0131875
3288	35041.3772500
3289	35041.7232000
3290	35041.9375712
3291	35042.0425385
3292	35042.1613235
3293	35043.3635126
3294	35042.6781964
3295	35042.7654107
3296	35042.5691786
3297	35042.5714737
3298	35043.3105000
3299	35043.9210000
3300	35044.5315000
3301	35046.7554643
3302	35049.1393214
3303	35049.3137500
3304	35049.3795882
3305	35051.1768866
3306	35051.1961250
3307	35052.9040714
3308	35053.1075714
3309	35053.3110714
3310	35054.2231875
3311	35054.7573750
3312	35054.8336875
3313	35055.0677125
3314	35056.4362500
3315	35056.4362500
3316	35058.5495192
3317	35058.8782500
3318	35064.7797500
3319	35064.8684551
3320	35064.9571603
3321	35068.6462500
3322	35069.1941346
3323	35069.7420192
3324	35070.6812500
3325	35073.8172372
3326	35076.9532244
3327	35077.8037500
3328	35083.3593000
3329	35083.9872429
3330	35084.6151857
3331	35085.0280000
3332	35088.5964568
3333	35089.6530000
3334	35092.3355000
3335	35094.2872500
3336	35096.7762115
3337	35098.7896875
3338	35102.2419196
3339	35105.6941518
3340	35110.0502855
3341	35110.5036563
3342	35111.1119118
3343	35113.7469375
3344	35116.2652500
3345	35116.9266250
3346	35121.9710769
3347	35122.7895495
3348	35123.6080220
3349	35124.8122500
3350	35130.1125000
3351	35131.3242500
3352	35135.1519881
3353	35136.7529118
3354	35138.6706000
3355	35139.1590000
3356	35143.8976429
3357	35144.0789118
3358	35144.4500000
3359	35151.3181250
3360	35151.9795000
3361	35154.9738571
3362	35157.9318750
3363	35159.6107500
3364	35162.8958214
3365	35163.6867353
3366	35166.1875000
3367	35168.2340625
3368	35168.4630000
3369	35170.5561429
3370	35172.1260000
3371	35176.5521250
3372	35179.8590000
3373	35180.3383121
3374	35180.6730000
3375	35184.3360000
3376	35186.0657500
3377	35187.5920000
3378	35189.3217500
3379	35192.0690000
3380	35192.7303750
3381	35194.1040000
3382	35194.7145000
3383	35196.6986250
3384	35198.6900179
3385	35200.1072500
3386	35200.8631071
3387	35202.5492500
3388	35205.0493929
3389	35205.7035000
3390	35207.8402500
3391	35209.9770000
3392	35211.1980000
3393	35211.3724286
3394	35211.5468571
3395	35213.8144286
3396	35216.9563415
3397	35216.8451250
3398	35216.8669286
3399	35218.0007143
3400	35219.1345000
3401	35219.3634375
3402	35221.7232548
3403	35222.5794643
3404	35226.3296786
3405	35226.0654706
3406	35226.1857750
3407	35226.4964118
3408	35227.1992563
3409	35227.9021008
3410	35228.9025000
3411	35229.4973462
3412	35229.5848235
3413	35232.4731555
3414	35233.1760000
3415	35233.1895494
3416	35234.3715625
3417	35236.5337500
3418	35238.1036071
3419	35238.4189203
3420	35238.7342335
3421	35239.4081875
3422	35239.5862500
3423	35239.7805000
3424	35239.9901667
3425	35240.1069706
3426	35241.1125000
3427	35243.6484231
3428	35243.4826765
3429	35243.1817017
3430	35244.2554444
3431	35244.8865000
3432	35246.3130556
3433	35246.7378214
3434	35247.2175000
3435	35247.8793025
3436	35246.9346463
3437	35248.6967885
3438	35248.7316156
3439	35249.4885600
3440	35250.3418235
3441	35250.7278750
3442	35251.9474782
3443	35252.3050000
3444	35252.1320250
3445	35252.2541250
3446	35254.2164464
3447	35254.2147692
3448	35255.2354000
3449	35255.9440588
3450	35256.1687376
3451	35255.9523462
3452	35257.0363750
3453	35257.5960000
3454	35257.5410330
3455	35257.6204200
3456	35257.5960000
3457	35257.2181666
3458	35258.6534732
3459	35259.6310000
3460	35260.0279368
3461	35260.1457353
3462	35261.0041975
3463	35261.8626597
3464	35261.8734162
3465	35261.8929808
3466	35261.8663692
3467	35261.3700000
3468	35261.8695000
3469	35263.7010000
3470	35263.8536250
3471	35263.8972321
3472	35263.9408393
3473	35264.1898846
3474	35264.7235718
3475	35265.2948567
3476	35265.5159010
3477	35265.7369452
3478	35266.8756000
3479	35267.9745000
3480	35268.2942857
3481	35268.4661165
3482	35268.2598485
3483	35268.3482545
3484	35268.5399762
3485	35269.2587613
3486	35269.5618000
3487	35269.9586250
3488	35271.6375000
3489	35271.5459250
3490	35271.3557308
3491	35272.3701000
3492	35272.2480000
3493	35272.7567500
3494	35272.8585000
3495	35275.2292167
3496	35275.3161608
3497	35275.2766488
3498	35275.3386611
3499	35274.5984250
3500	35274.6186713
3501	35274.7601468
3502	35274.6900000
3503	35274.9100891
3504	35275.0715625
3505	35275.1095231
3506	35275.5728769
3507	35277.6988929
3508	35276.8878000
3509	35277.0765000
3510	35277.0242647
3511	35277.1320000
3512	35277.9645000
3513	35277.9068654
3514	35277.8646000
3515	35277.6485769
3516	35278.1131607
3517	35278.6582500
3518	35278.8871875
3519	35279.1789706
3520	35279.2659502
3521	35279.4124344
3522	35279.4468125
3523	35279.1513462
3524	35279.1924375
3525	35279.8538125
3526	35279.8792500
3527	35280.8713125
3528	35281.3812851
3529	35281.4491071
3530	35281.4055000
3531	35280.7950000
3532	35280.7950000
3533	35280.7950000
3534	35281.4818125
3535	35282.3263375
3536	35282.7711270
3537	35281.3300261
3538	35281.4818125
3539	35281.7718000
3540	35282.3975625
3541	35283.3060446
3542	35283.1917778
3543	35282.8699131
3544	35282.7791250
3545	35282.5812778
3546	35282.7486000
3547	35284.3435313
3548	35284.5634255
3549	35283.2751563
3550	35283.2925000
3551	35285.2839706
3552	35285.8604005
3553	35286.1674000
3554	35285.7947238
3555	35286.0278571
3556	35286.1368750
3557	35285.6790000
3558	35286.0916610
3559	35285.8620149
3560	35285.4531627
3561	35285.6790000
3562	35286.7046839
3563	35286.5184375
3564	35287.0271875
3565	35286.5729464
3566	35285.4827679
3567	35285.1193750
3568	35285.0215385
3569	35284.7397692
3570	35285.0685000
3571	35284.6245000
3572	35285.5784667
3573	35286.8127857
3574	35287.0602330
3575	35286.2310170
3576	35285.5045714
3577	35285.6320385
3578	35286.2573684
3579	35286.4957325
3580	35286.4251667
3581	35284.9102222
3582	35285.0685000
3583	35285.3398333
3584	35285.6111667
3585	35285.7553125
3586	35286.8321667
3587	35287.1148056
3588	35287.3974444
3589	35287.3091154
3590	35287.4341875
3591	35287.7332534
3592	35288.1210000
3593	35287.7942472
3594	35287.9894811
3595	35288.2082143
3596	35288.0119821
3597	35287.6081800
3598	35287.8523800
3599	35287.7592222
3600	35287.7855604
3601	35288.5134643
3602	35289.9826896
3603	35290.4409000
3604	35290.7727615
3605	35290.9876957
3606	35292.1910000
3607	35292.1910000
3608	35289.3323095
3609	35289.5768077
3610	35290.0288125
3611	35290.6465804
3612	35290.7273654
3613	35291.4944870
3614	35291.8276071
3615	35292.0892500
3616	35292.1764643
3617	35292.2927500
3618	35292.2508529
3619	35292.3537152
3620	35292.1914242
3621	35292.3700800
3622	35292.6997500
3623	35292.8829000
3624	35293.5201371
3625	35293.1606939
3626	35293.4934000
3627	35293.6426333
3628	35293.4628750
3629	35293.3710036
3630	35292.8305714
3631	35292.1910000
3632	35293.6155000
3633	35293.7511667
3634	35293.7511667
3635	35295.3307143
3636	35295.5858574
3637	35294.8365000
3638	35292.9893462
3639	35293.0660500
3640	35293.3102500
3641	35293.9524808
3642	35294.0528529
3643	35294.1242500
3644	35294.5617750
3645	35294.3043101
3646	35294.5590000
3647	35295.1417500
3648	35294.4549375
3649	35294.2398028
3650	35294.9891250
3651	35295.2943750
3652	35295.2512211
3653	35295.2242243
3654	35295.5233125
3655	35295.5950241
3656	35295.8625144
3657	35295.8766111
3658	35296.1027222
3659	35296.0066250
3660	35295.7522500
3661	35295.7052885
3662	35295.6583269
3663	35297.3657143
3664	35297.9963407
3665	35294.3434038
3666	35294.1115312
3667	35292.6997500
3668	35292.2418750
3669	35290.8682500
3670	35285.6063214
3671	35284.5801000
3672	35276.3036999
3673	35269.1615833
3674	35261.0215833
3675	35252.9562000
3676	35237.7538615
3677	35226.5544231
3678	35213.7495769
3679	35202.4983750
3680	35198.9880000
3681	35188.3042500
3682	35183.5728750
3683	35183.0171635
3684	35183.6491875
3685	35193.7987500
3686	35220.3555000
3687	35248.5324231
3688	35291.7840000
3689	35348.5605000
3690	35402.2845000
3691	35477.9865000
3692	35559.1830000
3693	35645.8740000
3694	35733.7860000
3695	35833.6027500
3696	35933.4195000
3697	36028.6575000
3698	36123.8955000
3699	36236.2275000
3700	36321.6975000
3701	36409.6095000
3702	36485.3115000
3703	36575.6655000
3704	36639.7680000
3705	36718.5225000
3706	36774.6885000
3707	36828.1072500
3708	36876.7946250
3709	36923.7268125
3710	36963.3711562
3711	36995.0790000
3712	37027.4198462
3713	37054.4196000
3714	37077.7250462
3715	37095.4493744
3716	37109.0898750
3717	37125.0391875
3718	37135.6466250
3719	37143.8101058
3720	37151.9735865
3721	37158.3316571
3722	37163.4142000
3723	37165.5306000
3724	37165.5102500
3725	37165.2558750
3726	37163.3328000
3727	37156.0068000
3728	37150.4512500
3729	37136.0340577
3730	37120.8420000
3731	37097.0325000
3732	37073.2230000
3733	37049.4135000
3734	37014.0045000
3735	36978.5955000
3736	36937.6920000
3737	36891.9045000
3738	36840.6851154
3739	36793.9505577
3740	36747.2160000
3741	36674.5665000
3742	36636.7155000
3743	36592.1490000
3744	36547.5825000
3745	36496.9110000
3746	36466.6990769
3747	36443.0382885
3748	36426.7035000
3749	36418.7513462
3750	36418.6705384
3751	36420.2723077
3752	36437.9977500
3753	36458.6021250
3754	36493.5532500
3755	36530.4885000
3756	36570.6288750
3757	36613.7454375
3758	36656.8620000
3759	36701.1232500
3760	36745.0356429
3761	36790.0818214
3762	36830.6146607
3763	36870.6896250
3764	36905.0302500
3765	36941.2023750
3766	36973.3299375
3767	36997.0249687
3768	37020.7181447
3769	37041.6352025
3770	37059.5739643
3771	37077.6586291
3772	37093.1453146
3773	37098.2535000
3774	37110.5574231
3775	37119.4331539
3776	37126.6449231
3777	37129.3890000
3778	37138.8953571
3779	37139.1570000
3780	37139.7675000
3781	37145.2150385
3782	37146.9682692
3783	37147.0553437
3784	37148.9905505
3785	37149.0776250
3786	37148.8662981
3787	37147.7040000
3788	37147.0171875
3789	37146.6395913
3790	37146.1385625
3791	37142.6470446
3792	37140.1005000
3793	37137.6307500
3794	37132.9815577
3795	37131.7089000
3796	37127.2522500
3797	37121.3194423
3798	37120.3841250
3799	37118.0947500
3800	37108.8694167
3801	37102.8566004
3802	37101.7638750
3803	37094.3204712
3804	37090.6222500
3805	37083.8457000
3806	37078.7175000
3807	37073.0703750
3808	37064.3707500
3809	37055.8576667
3810	37049.3524500
3811	37041.7568125
3812	37034.0122500
3813	37025.9327308
3814	37017.8933626
3815	37010.5857000
3816	37001.3061000
3817	36994.1491615
3818	36986.9922231
3819	36974.4127923
3820	36971.2695000
3821	36962.7225000
3822	36948.0705000
3823	36937.0204500
3824	36932.9606250
3825	36920.3671058
3826	36910.4375357
3827	36900.8875714
3828	36890.1593341
3829	36885.1890000
3830	36871.4527500
3831	36858.7848750
3832	36849.0094660
3833	36841.8435000
3834	36830.2440000
3835	36818.3392500
3836	36806.5489687
3837	36795.6199286
3838	36787.2697198
3839	36781.0987500
3840	36765.9614808
3841	36754.8036429
3842	36750.2685000
3843	36733.2371154
3844	36721.1106026
3845	36715.2868500
3846	36704.1006115
3847	36691.3552500
3848	36679.1922115
3849	36673.9560000
3850	36659.7691429
3851	36648.5326630
3852	36639.6153750
3853	36628.6263750
3854	36614.1270000
3855	36602.2222500
3856	36587.8755000
3857	36578.1075000
3858	36567.7759615
3859	36554.7545705
3860	36543.4311000
3861	36530.3358750
3862	36519.1942500
3863	36504.3896250
3864	36494.6216250
3865	36483.6326250
3866	36468.8280000
3867	36453.7063846
3868	36443.1870000
3869	36430.5409286
3870	36415.5221813
3871	36403.6876500
3872	36391.9050000
3873	36378.9318750
3874	36366.4166250
3875	36350.8827917
3876	36337.8757500
3877	36320.2677116
3878	36309.4875000
3879	36294.4692000
3880	36283.8465000
3881	36269.4997500
3882	36255.1530000
3883	36240.1957500
3884	36223.2543750
3885	36209.4555096
3886	36197.1555000
3887	36187.3875000
3888	36167.4131923
3889	36152.6500500
3890	36135.3787143
3891	36122.5574689
3892	36109.7362234
3893	36094.3487411
3894	36081.8931000
3895	36068.3400000
3896	36050.8703077
3897	36034.6159800
3898	36024.2619000
3899	36010.6477500
3900	35994.1955577
3901	35987.1435000
3902	35966.9970000
3903	35955.0922500
3904	35939.7076500
3905	35924.1508577
3906	35910.1372500
3907	35896.1854039
3908	35881.9902115
3909	35865.8710192
3910	35853.7537564
3911	35845.9653750
3912	35828.7187500
3913	35814.3720000
3914	35803.3830000
3915	35787.4082500
3916	35774.9947500
3917	35764.0493571
3918	35748.7868571
3919	35734.3558000
3920	35726.4600000
3921	35711.1975000
3922	35695.9350000
3923	35680.6725000
3924	35669.8870000
3925	35655.7946250
3926	35642.2618750
3927	35635.6481250
3928	35621.7396827
3929	35607.8312404
3930	35597.0340000
3931	35583.2977500
3932	35569.4127885
3933	35559.9461250
3934	35545.7872212
3935	35535.9840000
3936	35521.1285000
3937	35506.9598125
3938	35494.8539851
3939	35485.4869286
3940	35474.9340000
3941	35461.3151538
3942	35448.6061875
3943	35438.3040000
3944	35427.6202500
3945	35415.8850833
3946	35404.2825000
3947	35392.4363333
3948	35384.5800000
3949	35372.1083571
3950	35359.9162473
3951	35351.9182500
3952	35341.2345000
3953	35332.8401250
3954	35321.8850417
3955	35311.6252500
3956	35299.2117500
3957	35289.2547857
3958	35278.2851667
3959	35270.9417735
3960	35267.0587500
3961	35254.7809167
3962	35244.1141250
3963	35237.1442500
3964	35223.4471346
3965	35213.6400000
3966	35206.9245000
3967	35200.8195000
3968	35189.5252500
3969	35180.9312885
3970	35172.3373269
3971	35161.6144423
3972	35154.6435000
3973	35148.4691250
3974	35137.6601442
3975	35134.8855000
3976	35123.1639000
3977	35115.0113769
3978	35106.8588538
3979	35102.0312077
3980	35099.1712500
3981	35087.9787500
3982	35082.9930000
3983	35079.9405000
3984	35067.2641503
3985	35059.3724347
3986	35055.3678750
3987	35050.5928929
3988	35045.1420000
3989	35036.7403571
3990	35030.1075859
3991	35027.4985500
3992	35022.4721000
3993	35017.4456500
3994	35010.9133000
3995	35006.9247000
3996	35001.2204385
3997	34998.3171718
3998	34995.5388750
3999	34994.4705000
4000	34986.4576875
4001	34981.6245625
4002	34980.7342500
4003	34977.9870000
4004	34974.5682000
4005	34969.7092462
4006	34965.8069539
4007	34962.8771250
4008	34962.0529500
4009	34957.1157269
4010	34955.3985000
4011	34952.1111923
4012	34951.7355000
4013	34950.2092500
4014	34949.9040000
4015	34945.1895833
4016	34940.9323043
4017	34940.8703880
4018	34940.8821667
4019	34939.5120824
4020	34938.4266000
4021	34935.2927000
4022	34935.3224423
4023	34935.2520000
4024	34934.0988333
4025	34933.9631667
4026	34934.2090625
4027	34934.6717827
4028	34934.3229783
4029	34934.3736372
4030	34934.2188462
4031	34934.1940218
4032	34934.7823846
4033	34937.0835000
4034	34937.5413750
4035	34938.6097500
4036	34941.8996667
4037	34942.9886258
4038	34943.4539348
4039	34943.9618000
4040	34948.8958923
4041	34951.3122498
4042	34953.3228000
4043	34955.8962923
4044	34958.3492500
4045	34959.5193750
4046	34961.3508750
4047	34964.5341964
4048	34966.9980000
4049	34970.6610000
4050	34974.6292500
4051	34986.1487885
4052	34990.1970000
4053	34995.6445385
4054	34998.0571875
4055	35002.9059663
4056	35009.4923221
4057	35015.3801250
4058	35021.2816250
4059	35026.8270000
4060	35032.2342857
4061	35039.0370000
4062	35040.0138000
4063	35047.3330167
4064	35054.6522333
4065	35060.4045000
4066	35065.8990000
4067	35071.3171875
4068	35078.8050625
4069	35082.6877500
4070	35088.1822500
4071	35092.4557500
4072	35100.1596786
4073	35105.2762500
4074	35110.5876000
4075	35112.9075000
4076	35118.5428846
4077	35122.0749615
4078	35124.5070000
4079	35128.7126667
4080	35132.9183333
4081	35136.7170000
4082	35140.0747500
4083	35142.3336000
4084	35144.0430000
4085	35151.4198695
4086	35154.9948981
4087	35157.1251429
4088	35157.8664643
4089	35160.3859881
4090	35162.3580000
4091	35164.4115000
4092	35169.4605769
4093	35169.8584286
4094	35169.9282000
4095	35177.1844286
4096	35178.9152967
4097	35180.5475276
4098	35180.6730000
4099	35185.8408497
4100	35187.6327000
4101	35187.6937500
4102	35191.8695192
4103	35192.4251250
4104	35194.4601250
4105	35195.3250000
4106	35197.5791538
4107	35200.5142500
4108	35202.5022885
4109	35202.1375961
4110	35202.5831667
4111	35203.3554231
4112	35205.7035000
4113	35206.0791923
4114	35206.4548846
4115	35209.9233054
4116	35211.8085000
4117	35211.7831154
4118	35210.7231667
4119	35210.9538000
4120	35211.8085000
4121	35213.9374231
4122	35214.5531410
4123	35215.0790357
4124	35215.5780952
4125	35216.0771548
4126	35220.0251542
4127	35219.9115000
4128	35220.1612500
4129	35221.7622115
4130	35221.8054375
4131	35222.6448750
4132	35224.2474375
4133	35224.3441000
4134	35224.0802768
4135	35224.1813000
4136	35224.9342500
4137	35225.6973750
4138	35226.4722404
4139	35226.8093571
4140	35227.9257000
4141	35230.1790000
4142	35230.3455000
4143	35230.5120000
4144	35230.8397002
4145	35231.1780000
4146	35232.1343077
4147	35233.0906154
4148	35233.0600384
4149	35232.8320961
4150	35233.2268750
4151	35233.3078411
4152	35233.4802303
4153	35233.2870000
4154	35233.2756154
4155	35233.2642308
4156	35233.1427949
4157	35233.0213590
4158	35231.6216838
4159	35230.5305000
4160	35228.9839000
4161	35229.3742500
4162	35229.4980577
4163	35228.7753125
4164	35228.9025000
4165	35229.1641429
4166	35228.2541044
4167	35228.1541374
4168	35228.5737692
4169	35227.9104375
4170	35228.1224167
4171	35228.7990107
4172	35227.7547600
4173	35227.6041700
4174	35227.6756298
4175	35227.5288750
4176	35227.3762500
4177	35227.7049808
4178	35228.2253654
4179	35228.2592916
4180	35228.7943238
4181	35228.7850962
4182	35228.7193500
4183	35226.2679577
4184	35226.2726538
4185	35228.0258846
4186	35228.2920000
4187	35228.4141000
4188	35230.1798538
4189	35230.1235000
4190	35229.4519500
4191	35228.7280714
4192	35228.5503791
4193	35229.1823125
4194	35229.1266779
4195	35228.8661683
4196	35229.0551250
4197	35229.9490714
4198	35230.4086841
4199	35231.2471621
4200	35231.7369643
4201	35231.2507953
4202	35231.2914130
4203	35232.1294286
4204	35232.2166429
4205	35232.0906667
4206	35231.9315192
4207	35231.7906346
4208	35232.8430000
4209	35232.7944375
4210	35232.6418125
4211	35232.6765000
4212	35233.3538846
4213	35233.8119375
4214	35233.8246562
4215	35235.4771154
4216	35235.5824616
4217	35235.7401000
4218	35235.9232500
4219	35236.3811250
4220	35237.8134519
4221	35238.1992981
4222	35238.4524643
4223	35239.9440522
4224	35239.9678125
4225	35240.1967500
4226	35240.3493750
4227	35241.0459712
4228	35241.7425673
4229	35243.0050500
4230	35242.8408115
4231	35243.3255625
4232	35243.5545000
4233	35244.0123750
4234	35244.7755000
4235	35245.7675625
4236	35245.7961203
4237	35246.2782692
4238	35248.3445769
4239	35248.3076786
4240	35248.1332500
4241	35246.8686429
4242	35246.8686429
4243	35248.5995110
4244	35248.8963750
4245	35248.8048000
4246	35247.3701250
4247	35245.9965000
4248	35246.3017500
4249	35246.6070000
4250	35246.6070000
4251	35246.5816154
4252	35246.5459500
4253	35246.2581429
4254	35245.7784643
4255	35246.3850000
4256	35246.7208462
4257	35246.7814286
4258	35246.6942143
4259	35246.6070000
4260	35246.5905000
4261	35246.5306875
4262	35246.5306875
4263	35246.5325914
4264	35246.7901500
4265	35248.2647423
4266	35246.0242500
4267	35245.8438750
4268	35245.8806827
4269	35245.9528929
4270	35246.9793379
4271	35246.8105000
4272	35246.5765385
4273	35246.3956731
4274	35245.2115714
4275	35245.1418000
4276	35245.2406429
4277	35245.4314707
4278	35245.4150714
4279	35245.6912500
4280	35245.5895000
4281	35245.3860000
4282	35244.7285385
4283	35244.3378382
4284	35244.3870000
4285	35244.6228750
4286	35245.9456250
4287	35246.6301635
4288	35246.6324375
4289	35246.4274412
4290	35245.9702334
4291	35245.7147308
4292	35245.5869620
4293	35245.6302000
4294	35245.4085923
4295	35245.2996077
4296	35245.2920769
4297	35244.0777857
4298	35243.4990000
4299	35244.0429000
4300	35244.3393218
4301	35244.3763269
4302	35244.6715137
4303	35244.9667005
4304	35245.4877500
4305	35246.3904551
4306	35246.3157115
4307	35246.5600385
4308	35246.6226538
4309	35246.6852692
4310	35246.6070000
4311	35244.7348846
4312	35244.5313000
4313	35244.6991875
4314	35245.0944471
4315	35245.2115714
4316	35244.6850556
4317	35244.7755000
4318	35245.5168214
4319	35247.4332995
4320	35247.3583846
4321	35246.9122500
4322	35246.4374167
4323	35245.9625833
4324	35246.6360714
4325	35246.7901500
4326	35246.7340500
4327	35246.4035000
4328	35245.9354500
4329	35245.8775731
4330	35245.5691500
4331	35244.0123750
4332	35243.4188333
4333	35241.2651250
4334	35241.1320673
4335	35240.9990096
4336	35240.5020000
4337	35237.5590769
4338	35234.6161538
4339	35232.2166429
4340	35227.2236250
4341	35220.6607500
4342	35215.4715000
4343	35204.1772500
4344	35197.9501500
4345	35188.6611577
4346	35181.5887500
4347	35172.4312500
4348	35167.2420000
4349	35161.7944615
4350	35159.0393846
4351	35160.1673824
4352	35163.8842500
4353	35178.7542857
4354	35200.8195000
4355	35232.5655000
4356	35277.4372500
4357	35322.3090000
4358	35383.3590000
4359	35458.4505000
4360	35533.5420000
4361	35616.5700000
4362	35716.0815000
4363	35823.5295000
4364	35904.7260000
4365	36015.8370000
4366	36102.5280000
4367	36191.0505000
4368	36284.7622500
4369	36378.4740000
4370	36456.0075000
4371	36549.4140000
4372	36614.7375000
4373	36676.3980000
4374	36731.3430000
4375	36786.2880000
4376	36846.7275000
4377	36877.4403462
4378	36913.5381154
4379	36941.7933077
4380	36965.6889038
4381	36978.5955000
4382	37001.7945000
4383	37020.3912692
4384	37029.7522692
4385	37032.9300000
4386	37043.0371667
4387	37048.1925000
4388	37049.8205000
4389	37050.2540701
4390	37049.1760833
4391	37047.0478125
4392	37044.6410337
4393	37040.8665000
4394	37039.9507500
4395	37027.8933750
4396	37018.2271250
4397	37011.8677500
4398	37003.0491345
4399	36993.8961563
4400	36981.7188616
4401	36971.8800000
4402	36961.0218214
4403	36953.8702500
4404	36942.2707500
4405	36924.5975577
4406	36912.5701859
4407	36902.6072882
4408	36895.4148750
4409	36882.2128125
4410	36866.8185000
4411	36854.6640000
4412	36845.2090769
4413	36835.7541538
4414	36823.8337500
4415	36808.7590962
4416	36797.1549000
4417	36789.3405000
4418	36775.0015769
4419	36760.6626538
4420	36756.3735000
4421	36743.2477500
4422	36731.5125833
4423	36719.6290312
4424	36712.7227500
4425	36697.8985577
4426	36684.8686875
4427	36674.5665000
4428	36663.5775000
4429	36650.1465000
4430	36637.8601875
4431	36625.2568846
4432	36617.3321250
4433	36608.9377500
4434	36589.3234808
4435	36575.8976987
4436	36570.7815000
4437	36561.3187500
4438	36543.1563750
4439	36525.5172857
4440	36511.8246429
4441	36500.4213750
4442	36485.0062500
4443	36469.1332500
4444	36454.7865000
4445	36436.0136250
4446	36422.4300000
4447	36406.1296500
4448	36388.9440750
4449	36371.7585000
4450	36349.4674231
4451	36333.6022500
4452	36315.6785962
4453	36298.3240714
4454	36274.8164670
4455	36257.0482335
4456	36240.6536250
4457	36220.9650000
4458	36195.0187500
4459	36173.4986250
4460	36152.8942500
4461	36129.0847500
4462	36105.4278750
4463	36082.9156875
4464	36057.1983750
4465	36039.0360000
4466	36007.7987500
4467	35979.8175000
4468	35954.8277000
4469	35929.4512500
4470	35906.5809808
4471	35882.7480000
4472	35854.6650000
4473	35830.8555000
4474	35807.3512500
4475	35776.6853654
4476	35755.1535000
4477	35726.1547500
4478	35697.1560000
4479	35670.4684286
4480	35644.7402143
4481	35619.0120000
4482	35593.0657500
4483	35568.0352500
4484	35541.9363750
4485	35515.8375000
4486	35493.7068750
4487	35464.7844375
4488	35442.5775000
4489	35418.6271154
4490	35392.8608846
4491	35371.3420641
4492	35349.8232436
4493	35330.5507500
4494	35307.8096250
4495	35285.0685000
4496	35261.4311923
4497	35242.3335000
4498	35221.5451923
4499	35203.2615000
4500	35184.1951154
4501	35165.4105000
4502	35151.9795000
4503	35133.3592500
4504	35119.3177500
4505	35105.5815000
4506	35086.3507500
4507	35070.6303750
4508	35062.5412500
4509	35043.4631250
4510	35036.2897500
4511	35018.2830808
4512	35004.4144032
4513	34994.8520625
4514	34986.8392500
4515	34977.3765000
4516	34966.9980000
4517	34959.6720000
4518	34958.1457500
4519	34947.9198750
4520	34943.7990000
4521	34933.8431538
4522	34926.2734616
4523	34922.7367500
4524	34918.1580000
4525	34914.4950000
4526	34909.4857692
4527	34909.0005000
4528	34907.4742500
4529	34907.1690000
4530	34905.3375000
4531	34904.4880267
4532	34903.9333500
4533	34902.5139375
4534	34901.2655433
4535	34901.9797500
4536	34903.7799423
4537	34905.4901250
4538	34908.3312981
4539	34909.3057500
4540	34912.6635000
4541	34917.1718077
4542	34919.0737500
4543	34922.1262500
4544	34930.1253654
4545	34934.4125625
4546	34941.3570000
4547	34950.4049231
4548	34956.7212500
4549	34963.0297500
4550	34969.3069423
4551	34975.5841346
4552	34987.0224000
4553	34996.2143385
4554	34998.7440000
4555	35005.7647500
4556	35020.4167500
4557	35026.0638750
4558	35035.3700865
4559	35039.3422500
4560	35050.7852115
4561	35057.8404000
4562	35064.4651077
4563	35071.0167923
4564	35071.6987500
4565	35073.8355000
4566	35085.9515769
4567	35092.5888077
4568	35097.3397500
4569	35101.9185000
4570	35103.9789375
4571	35104.0552500
4572	35114.5863750
4573	35115.8073750
4574	35120.4878750
4575	35121.6071250
4576	35124.6048365
4577	35125.4227500
4578	35131.0698750
4579	35133.6645000
4580	35137.5019286
4581	35137.7151593
4582	35137.8943929
4583	35139.8645412
4584	35141.8346896
4585	35145.9993581
4586	35146.0576500
4587	35148.0112500
4588	35151.9403654
4589	35153.0696786
4590	35155.6425000
4591	35156.1512500
4592	35156.6600000
4593	35157.9827500
4594	35158.6950000
4595	35159.0002500
4596	35162.9293654
4597	35162.9685000
4598	35163.8460937
4599	35166.6315000
4600	35166.6315000
4601	35168.3273333
4602	35168.7739616
4603	35168.8485789
4604	35169.2168369
4605	35170.5762692
4606	35170.7523750
4607	35173.0417500
4608	35173.3971346
4609	35173.4135288
4610	35173.1813301
4611	35172.9908750
4612	35173.6522500
4613	35175.9416250
4614	35176.7047500
4615	35176.3011347
4616	35176.3655833
4617	35176.3995000
4618	35179.6555000
4619	35179.9268333
4620	35180.1981667
4621	35180.5460299
4622	35180.7069167
4623	35181.0040913
4624	35181.3012659
4625	35182.3518750
4626	35184.3947019
4627	35184.3915000
4628	35184.9379615
4629	35185.8345000
4630	35186.0318333
4631	35185.9455000
4632	35185.9233000
4633	35184.3641769
4634	35184.8668696
4635	35184.9465000
4636	35186.5745000
4637	35186.4860769
4638	35186.5454286
4639	35187.6710147
4640	35187.7079833
4641	35187.7667310
4642	35187.9117857
4643	35188.3712473
4644	35188.5713438
4645	35190.9761659
4646	35189.8305000
4647	35188.7205000
4648	35188.9873828
4649	35189.4176688
4650	35189.4548077
4651	35189.9177143
4652	35189.8983333
4653	35189.5252500
4654	35189.7638653
4655	35189.7114839
4656	35189.4550501
4657	35189.6799125
4658	35189.9047750
4659	35192.5298297
4660	35193.2043158
4661	35196.1050833
4662	35199.8741816
4663	35202.0405000
4664	35202.2312812
4665	35203.0325625
4666	35205.0057857
4667	35208.4507500
4668	35211.5658654
4669	35212.1900625
4670	35215.8603304
4671	35219.5305982
4672	35220.3555000
4673	35221.5765000
4674	35221.7121667
4675	35221.8478333
4676	35222.2304829
4677	35222.2267692
4678	35222.2411538
4679	35222.7059744
4680	35222.9806500
4681	35224.8013251
4682	35224.7104000
4683	35224.9088125
4684	35225.8318304
4685	35225.7500204
4686	35225.8500000
4687	35228.5972500
4688	35228.6408571
4689	35228.7804000
4690	35228.9025000
4691	35230.1235000
